<?xml version="1.0" encoding="utf-8"?>
<COLLADA xmlns="http://www.collada.org/2005/11/COLLADASchema" version="1.4.1">
  <asset>
    <contributor>
      <author>Mixamo</author>
      <authoring_tool>COLLADA Mixamo exporter</authoring_tool>
      <comments/>
    </contributor>
    <created>2025-04-29T23:05:57Z</created>
    <modified>2025-04-29T23:05:57Z</modified>
    <revision/>
    <title/>
    <unit meter="0.010000"/>
    <up_axis>Y_UP</up_axis>
  </asset>
  <library_animations>
    <animation id="mixamorig_Hips-anim" name="mixamorig_Hips">
      <source id="mixamorig_Hips-Matrix-animation-input">
        <float_array id="mixamorig_Hips-Matrix-animation-input-array" count="69">

0.000000 0.033333 0.066667 0.100000 0.133333 0.166667 0.200000 0.233333 0.266667 0.300000 0.333333 0.366667 0.400000 0.433333 0.466667 0.500000
0.533333 0.566667 0.600000 0.633333 0.666667 0.700000 0.733333 0.766667 0.800000 0.833333 0.866667 0.900000 0.933333 0.966667 1.000000 1.033333
1.066667 1.100000 1.133333 1.166667 1.200000 1.233333 1.266667 1.300000 1.333333 1.366667 1.400000 1.433333 1.466667 1.500000 1.533333 1.566667
1.600000 1.633333 1.666667 1.700000 1.733333 1.766667 1.800000 1.833333 1.866667 1.900000 1.933333 1.966667 2.000000 2.033333 2.066667 2.100000
2.133333 2.166667 2.200000 2.233333 2.266667</float_array>
        <technique_common>
          <accessor source="#mixamorig_Hips-Matrix-animation-input-array" count="69">
            <param name="TIME" type="float"/>
          </accessor>
        </technique_common>
      </source>
      <source id="mixamorig_Hips-Matrix-animation-output-transform">
        <float_array id="mixamorig_Hips-Matrix-animation-output-transform-array" count="1104">

0.681906 0.003466 -0.731431 -0.407901 -0.017654 0.999775 -0.011720 84.880013 0.731227 0.020904 0.681814 0.323662 0.000000 0.000000 0.000000 1.000000
0.682174 0.003516 -0.731182 -0.461255 -0.017229 0.999788 -0.011266 84.830650 0.730987 0.020283 0.682090 0.284257 0.000000 0.000000 0.000000 1.000000
0.683461 0.004080 -0.729976 -0.552496 -0.017248 0.999795 -0.010561 84.748734 0.729783 0.019809 0.683392 0.208749 0.000000 0.000000 0.000000 1.000000
0.686831 0.005171 -0.726798 -0.708824 -0.018515 0.999775 -0.010383 84.630676 0.726581 0.020588 0.686772 0.080303 0.000000 0.000000 0.000000 1.000000
0.693897 0.007461 -0.720036 -1.000439 -0.020941 0.999732 -0.009821 84.490753 0.719770 0.021893 0.693867 -0.105451 0.000000 0.000000 0.000000 1.000000
0.703461 0.010963 -0.710649 -1.461373 -0.022910 0.999711 -0.007257 84.373680 0.710364 0.021386 0.703509 -0.340611 0.000000 0.000000 0.000000 1.000000
0.711386 0.012779 -0.702686 -2.037857 -0.021584 0.999760 -0.003671 84.311874 0.702470 0.017778 0.711491 -0.636879 0.000000 0.000000 0.000000 1.000000
0.713221 0.009336 -0.700877 -2.655829 -0.015020 0.999885 -0.001965 84.315224 0.700779 0.011928 0.713279 -1.015858 0.000000 0.000000 0.000000 1.000000
0.711404 0.002260 -0.702780 -3.305815 -0.004372 0.999990 -0.001210 84.351082 0.702770 0.003933 0.711406 -1.515978 0.000000 0.000000 0.000000 1.000000
0.713359 -0.004578 -0.700784 -3.975530 0.008958 0.999957 0.002585 84.337563 0.700742 -0.008122 0.713369 -2.198569 0.000000 0.000000 0.000000 1.000000
0.720666 -0.015631 -0.693107 -4.550767 0.024239 0.999703 0.002658 84.119141 0.692859 -0.018716 0.720830 -3.062052 0.000000 0.000000 0.000000 1.000000
0.728957 -0.032730 -0.683777 -4.920524 0.041990 0.999113 -0.003060 83.672943 0.683271 -0.026481 0.729685 -4.051767 0.000000 0.000000 0.000000 1.000000
0.733236 -0.055543 -0.677702 -5.083094 0.062777 0.997931 -0.013867 83.078590 0.677070 -0.032376 0.735206 -5.070693 0.000000 0.000000 0.000000 1.000000
0.728952 -0.083186 -0.679492 -5.096716 0.086507 0.995826 -0.029110 82.441971 0.679077 -0.037561 0.733105 -6.063889 0.000000 0.000000 0.000000 1.000000
0.716920 -0.114054 -0.687763 -5.017825 0.111477 0.992588 -0.048401 81.825394 0.688185 -0.041970 0.724320 -7.022816 0.000000 0.000000 0.000000 1.000000
0.701094 -0.147407 -0.697666 -4.892359 0.136285 0.988064 -0.071809 81.229370 0.699924 -0.044737 0.712815 -7.958228 0.000000 0.000000 0.000000 1.000000
0.684320 -0.182044 -0.706093 -4.760945 0.160593 0.982185 -0.097584 80.618195 0.711278 -0.046615 0.701363 -8.881786 0.000000 0.000000 0.000000 1.000000
0.666913 -0.214575 -0.713572 -4.680224 0.183075 0.975471 -0.122225 79.917221 0.722295 -0.049123 0.689838 -9.813840 0.000000 0.000000 0.000000 1.000000
0.649380 -0.243257 -0.720508 -4.629732 0.201535 0.968631 -0.145388 79.189072 0.733273 -0.050796 0.678034 -10.709956 0.000000 0.000000 0.000000 1.000000
0.632034 -0.270743 -0.726107 -4.558504 0.216370 0.961374 -0.170129 78.463440 0.744122 -0.049580 0.666201 -11.525874 0.000000 0.000000 0.000000 1.000000
0.612422 -0.301361 -0.730835 -4.471553 0.231558 0.952323 -0.198652 77.671562 0.755857 -0.047572 0.653006 -12.403003 0.000000 0.000000 0.000000 1.000000
0.594292 -0.330118 -0.733375 -4.314722 0.245364 0.942824 -0.225566 77.049927 0.765907 -0.045892 0.641312 -13.059419 0.000000 0.000000 0.000000 1.000000
0.578017 -0.353541 -0.735463 -4.011509 0.256612 0.934302 -0.247447 76.657387 0.774627 -0.045700 0.630765 -13.459846 0.000000 0.000000 0.000000 1.000000
0.560382 -0.373622 -0.739175 -3.595952 0.265514 0.926407 -0.266969 76.442398 0.784522 -0.046657 0.618343 -13.687325 0.000000 0.000000 0.000000 1.000000
0.541714 -0.392304 -0.743400 -3.147513 0.271876 0.918643 -0.286667 76.325378 0.795380 -0.046821 0.604300 -13.786174 0.000000 0.000000 0.000000 1.000000
0.523414 -0.409220 -0.747380 -2.690754 0.274979 0.911319 -0.306407 76.232208 0.806489 -0.045136 0.589524 -13.768677 0.000000 0.000000 0.000000 1.000000
0.506597 -0.423349 -0.751089 -2.232235 0.275459 0.904964 -0.324288 76.171944 0.816996 -0.042611 0.575067 -13.643224 0.000000 0.000000 0.000000 1.000000
0.493663 -0.433621 -0.753837 -1.768679 0.275154 0.900173 -0.337607 76.135254 0.824977 -0.040757 0.563695 -13.407401 0.000000 0.000000 0.000000 1.000000
0.486951 -0.439253 -0.754940 -1.301989 0.275404 0.897466 -0.344539 76.094246 0.828873 -0.040140 0.557994 -13.062835 0.000000 0.000000 0.000000 1.000000
0.486112 -0.440392 -0.754818 -0.821435 0.274026 0.896991 -0.346866 76.051239 0.829822 -0.038224 0.556717 -12.623728 0.000000 0.000000 0.000000 1.000000
0.491144 -0.437098 -0.753474 -0.316834 0.269286 0.898807 -0.345876 76.007401 0.828410 -0.033025 0.559148 -12.069021 0.000000 0.000000 0.000000 1.000000
0.502154 -0.429205 -0.750749 0.201998 0.261952 0.902848 -0.340948 75.952110 0.824150 -0.025452 0.565800 -11.377702 0.000000 0.000000 0.000000 1.000000
0.517447 -0.417835 -0.746768 0.731573 0.253548 0.908359 -0.332562 75.898399 0.817290 -0.017259 0.575969 -10.546268 0.000000 0.000000 0.000000 1.000000
0.536491 -0.403758 -0.741052 1.290817 0.245168 0.914817 -0.320941 75.863586 0.807509 -0.009501 0.589779 -9.545815 0.000000 0.000000 0.000000 1.000000
0.557648 -0.387253 -0.734210 1.886003 0.237321 0.921966 -0.306033 75.857079 0.795429 -0.003585 0.606036 -8.377176 0.000000 0.000000 0.000000 1.000000
0.577275 -0.368536 -0.728653 2.503929 0.228142 0.929613 -0.289432 75.928162 0.784031 0.000845 0.620721 -7.075198 0.000000 0.000000 0.000000 1.000000
0.594355 -0.347491 -0.725253 3.138515 0.215028 0.937662 -0.273044 76.125084 0.774922 0.006336 0.632025 -5.680174 0.000000 0.000000 0.000000 1.000000
0.609687 -0.324174 -0.723321 3.741863 0.197859 0.945899 -0.257152 76.420792 0.767550 0.013667 0.640843 -4.279461 0.000000 0.000000 0.000000 1.000000
0.623658 -0.299645 -0.721986 4.269405 0.178320 0.953796 -0.241818 76.802711 0.761087 0.022067 0.648275 -2.953715 0.000000 0.000000 0.000000 1.000000
0.636435 -0.275309 -0.720524 4.691590 0.156845 0.960807 -0.228580 77.319511 0.755215 0.032466 0.654673 -1.737381 0.000000 0.000000 0.000000 1.000000
0.648308 -0.251536 -0.718628 4.904631 0.134240 0.966828 -0.217307 77.923325 0.749451 0.044413 0.660569 -0.692271 0.000000 0.000000 0.000000 1.000000
0.658441 -0.227598 -0.717394 4.937842 0.110816 0.972109 -0.206698 78.604820 0.744429 0.056599 0.665298 0.161193 0.000000 0.000000 0.000000 1.000000
0.666033 -0.203119 -0.717734 4.819864 0.087229 0.976818 -0.195495 79.299278 0.740804 0.067599 0.668311 0.824197 0.000000 0.000000 0.000000 1.000000
0.669756 -0.179183 -0.720639 4.560826 0.064329 0.980803 -0.184085 79.956528 0.739789 0.076934 0.668426 1.320285 0.000000 0.000000 0.000000 1.000000
0.671024 -0.157084 -0.724604 4.188683 0.044239 0.984040 -0.172359 80.578552 0.740115 0.083602 0.667264 1.682420 0.000000 0.000000 0.000000 1.000000
0.672364 -0.137072 -0.727419 3.753195 0.028328 0.986750 -0.159755 81.161316 0.739678 0.086807 0.667338 1.936486 0.000000 0.000000 0.000000 1.000000
0.673398 -0.119154 -0.729614 3.326494 0.015325 0.988964 -0.147364 81.706703 0.739121 0.088054 0.667792 2.096284 0.000000 0.000000 0.000000 1.000000
0.675019 -0.103225 -0.730544 2.919301 0.004212 0.990687 -0.136091 82.177437 0.737788 0.088787 0.669168 2.170338 0.000000 0.000000 0.000000 1.000000
0.677920 -0.089089 -0.729718 2.496628 -0.004543 0.992103 -0.125343 82.553520 0.735122 0.088288 0.672161 2.181209 0.000000 0.000000 0.000000 1.000000
0.681399 -0.076983 -0.727852 2.066325 -0.011177 0.993243 -0.115517 82.834343 0.731826 0.086849 0.675934 2.152642 0.000000 0.000000 0.000000 1.000000
0.684638 -0.066733 -0.725822 1.651490 -0.015913 0.994194 -0.106417 83.047081 0.728710 0.084407 0.679601 2.092456 0.000000 0.000000 0.000000 1.000000
0.687277 -0.057219 -0.724138 1.265021 -0.019311 0.995101 -0.096959 83.222229 0.726139 0.080622 0.682805 2.001241 0.000000 0.000000 0.000000 1.000000
0.688939 -0.047470 -0.723263 0.910244 -0.021982 0.996026 -0.086311 83.376228 0.724486 0.075362 0.685158 1.884385 0.000000 0.000000 0.000000 1.000000
0.689469 -0.037930 -0.723322 0.587159 -0.024055 0.996878 -0.075204 83.510780 0.723916 0.069250 0.686404 1.749987 0.000000 0.000000 0.000000 1.000000
0.688965 -0.029513 -0.724194 0.300598 -0.025128 0.997597 -0.064560 83.622528 0.724359 0.062677 0.686568 1.606764 0.000000 0.000000 0.000000 1.000000
0.687556 -0.022035 -0.725797 0.052425 -0.025291 0.998206 -0.054265 83.715866 0.725691 0.055666 0.685765 1.463348 0.000000 0.000000 0.000000 1.000000
0.684741 -0.015205 -0.728627 -0.159742 -0.025093 0.998698 -0.044423 83.808319 0.728354 0.048702 0.683468 1.321661 0.000000 0.000000 0.000000 1.000000
0.680524 -0.009227 -0.732667 -0.343005 -0.025134 0.999038 -0.035926 83.923775 0.732294 0.042863 0.679638 1.191293 0.000000 0.000000 0.000000 1.000000
0.676315 -0.005022 -0.736595 -0.480472 -0.024810 0.999254 -0.029591 84.053528 0.736194 0.038288 0.675686 1.068506 0.000000 0.000000 0.000000 1.000000
0.673108 -0.002162 -0.739541 -0.574857 -0.023739 0.999417 -0.024528 84.189659 0.739163 0.034066 0.672664 0.961576 0.000000 0.000000 0.000000 1.000000
0.670877 -0.000181 -0.741569 -0.636249 -0.022183 0.999548 -0.020312 84.321060 0.741237 0.030078 0.670569 0.870160 0.000000 0.000000 0.000000 1.000000
0.669897 0.001810 -0.742452 -0.677238 -0.021113 0.999639 -0.016613 84.446281 0.742154 0.026804 0.669693 0.782531 0.000000 0.000000 0.000000 1.000000
0.670133 0.003388 -0.742233 -0.700571 -0.020652 0.999688 -0.014082 84.573601 0.741954 0.024766 0.669994 0.700053 0.000000 0.000000 0.000000 1.000000
0.671312 0.004487 -0.741162 -0.708946 -0.020428 0.999714 -0.012451 84.691902 0.740894 0.023499 0.671211 0.635338 0.000000 0.000000 0.000000 1.000000
0.673317 0.004672 -0.739340 -0.694903 -0.020004 0.999729 -0.011901 84.793747 0.739084 0.022803 0.673228 0.580863 0.000000 0.000000 0.000000 1.000000
0.675421 0.004286 -0.737420 -0.657448 -0.019077 0.999750 -0.011661 84.874222 0.737186 0.021944 0.675334 0.528273 0.000000 0.000000 0.000000 1.000000
0.677307 0.003490 -0.735692 -0.598969 -0.017783 0.999774 -0.011629 84.914665 0.735485 0.020960 0.677217 0.476324 0.000000 0.000000 0.000000 1.000000
0.679192 0.002771 -0.733955 -0.525114 -0.017147 0.999780 -0.012093 84.915771 0.733760 0.020799 0.679090 0.418934 0.000000 0.000000 0.000000 1.000000
0.680902 0.002802 -0.732369 -0.445399 -0.017297 0.999775 -0.012257 84.893852 0.732170 0.021014 0.680798 0.355296 0.000000 0.000000 0.000000 1.000000</float_array>
        <technique_common>
          <accessor source="#mixamorig_Hips-Matrix-animation-output-transform-array" count="69" stride="16">
            <param type="float4x4"/>
          </accessor>
        </technique_common>
      </source>
      <source id="mixamorig_Hips-Interpolations">
        <Name_array id="mixamorig_Hips-Interpolations-array" count="69">
 LINEAR LINEAR LINEAR LINEAR LINEAR LINEAR LINEAR LINEAR LINEAR LINEAR LINEAR
LINEAR LINEAR LINEAR LINEAR LINEAR LINEAR LINEAR LINEAR LINEAR LINEAR LINEAR LINEAR
LINEAR LINEAR LINEAR LINEAR LINEAR LINEAR LINEAR LINEAR LINEAR LINEAR LINEAR LINEAR
LINEAR LINEAR LINEAR LINEAR LINEAR LINEAR LINEAR LINEAR LINEAR LINEAR LINEAR LINEAR
LINEAR LINEAR LINEAR LINEAR LINEAR LINEAR LINEAR LINEAR LINEAR LINEAR LINEAR LINEAR
LINEAR LINEAR LINEAR LINEAR LINEAR LINEAR LINEAR LINEAR LINEAR LINEAR</Name_array>
        <technique_common>
          <accessor source="#mixamorig_Hips-Interpolations-array" count="69">
            <param type="name"/>
          </accessor>
        </technique_common>
      </source>
      <sampler id="mixamorig_Hips-Matrix-animation-transform">
        <input semantic="INPUT" source="#mixamorig_Hips-Matrix-animation-input"/>
        <input semantic="OUTPUT" source="#mixamorig_Hips-Matrix-animation-output-transform"/>
        <input semantic="INTERPOLATION" source="#mixamorig_Hips-Interpolations"/>
      </sampler>
      <channel source="#mixamorig_Hips-Matrix-animation-transform" target="mixamorig_Hips/matrix"/>
    </animation>
    <animation id="mixamorig_Spine-anim" name="mixamorig_Spine">
      <source id="mixamorig_Spine-Matrix-animation-input">
        <float_array id="mixamorig_Spine-Matrix-animation-input-array" count="69">

0.000000 0.033333 0.066667 0.100000 0.133333 0.166667 0.200000 0.233333 0.266667 0.300000 0.333333 0.366667 0.400000 0.433333 0.466667 0.500000
0.533333 0.566667 0.600000 0.633333 0.666667 0.700000 0.733333 0.766667 0.800000 0.833333 0.866667 0.900000 0.933333 0.966667 1.000000 1.033333
1.066667 1.100000 1.133333 1.166667 1.200000 1.233333 1.266667 1.300000 1.333333 1.366667 1.400000 1.433333 1.466667 1.500000 1.533333 1.566667
1.600000 1.633333 1.666667 1.700000 1.733333 1.766667 1.800000 1.833333 1.866667 1.900000 1.933333 1.966667 2.000000 2.033333 2.066667 2.100000
2.133333 2.166667 2.200000 2.233333 2.266667</float_array>
        <technique_common>
          <accessor source="#mixamorig_Spine-Matrix-animation-input-array" count="69">
            <param name="TIME" type="float"/>
          </accessor>
        </technique_common>
      </source>
      <source id="mixamorig_Spine-Matrix-animation-output-transform">
        <float_array id="mixamorig_Spine-Matrix-animation-output-transform-array" count="1104">

0.997754 0.038519 0.054809 0.000000 -0.039210 0.999164 0.011599 10.871300 -0.054316 -0.013722 0.998430 -0.951400 0.000000 0.000000 0.000000 1.000000
0.997748 0.038953 0.054602 -0.000000 -0.039633 0.999149 0.011424 10.871300 -0.054110 -0.013563 0.998443 -0.951400 0.000000 0.000000 0.000000 1.000000
0.997733 0.039840 0.054231 0.000000 -0.040514 0.999114 0.011382 10.871300 -0.053729 -0.013553 0.998464 -0.951400 0.000000 0.000000 0.000000 1.000000
0.997762 0.041294 0.052591 0.000000 -0.041965 0.999050 0.011726 10.871300 -0.052057 -0.013907 0.998547 -0.951400 0.000000 0.000000 0.000000 1.000000
0.997841 0.043904 0.048846 -0.000000 -0.044584 0.998922 0.012920 10.871300 -0.048226 -0.015070 0.998723 -0.951400 0.000000 0.000000 0.000000 1.000000
0.997725 0.049106 0.046187 0.000000 -0.049890 0.998627 0.015965 10.871300 -0.045339 -0.018233 0.998805 -0.951400 0.000000 0.000000 0.000000 1.000000
0.997277 0.055149 0.048963 0.000000 -0.056265 0.998179 0.021725 10.871300 -0.047676 -0.024421 0.998564 -0.951400 0.000000 0.000000 0.000000 1.000000
0.996714 0.057690 0.056853 -0.000000 -0.059414 0.997809 0.029108 10.871300 -0.055049 -0.032390 0.997958 -0.951400 0.000000 0.000000 0.000000 1.000000
0.996440 0.055472 0.063483 -0.000000 -0.057794 0.997703 0.035339 10.871300 -0.061377 -0.038882 0.997357 -0.951400 0.000000 0.000000 0.000000 1.000000
0.996699 0.050011 0.063960 -0.000000 -0.052625 0.997819 0.039857 10.871300 -0.061827 -0.043091 0.997156 -0.951400 0.000000 0.000000 0.000000 1.000000
0.997474 0.040464 0.058382 0.000000 -0.042925 0.998215 0.041531 10.871300 -0.056597 -0.043932 0.997430 -0.951400 0.000000 0.000000 0.000000 1.000000
0.998378 0.024275 0.051494 0.000000 -0.026378 0.998829 0.040556 10.871300 -0.050449 -0.041849 0.997849 -0.951400 0.000000 0.000000 0.000000 1.000000
0.998907 0.003386 0.046612 -0.000000 -0.005092 0.999320 0.036513 10.871300 -0.046457 -0.036710 0.998246 -0.951400 0.000000 0.000000 0.000000 1.000000
0.998813 -0.019012 0.044835 0.000000 0.017637 0.999368 0.030870 10.871300 -0.045394 -0.030043 0.998517 -0.951400 0.000000 0.000000 0.000000 1.000000
0.998150 -0.041639 0.044303 0.000000 0.040546 0.998858 0.025288 10.871300 -0.045305 -0.023445 0.998698 -0.951400 0.000000 0.000000 0.000000 1.000000
0.997036 -0.064331 0.042189 0.000000 0.063602 0.997806 0.018380 10.871300 -0.043279 -0.015642 0.998941 -0.951400 0.000000 0.000000 0.000000 1.000000
0.995654 -0.085173 0.037658 -0.000000 0.084949 0.996357 0.007528 10.871300 -0.038162 -0.004296 0.999262 -0.951400 0.000000 0.000000 0.000000 1.000000
0.994110 -0.103234 0.032985 -0.000000 0.103516 0.994604 -0.006937 10.871300 -0.032091 0.010311 0.999432 -0.951400 0.000000 0.000000 0.000000 1.000000
0.992421 -0.119102 0.030270 -0.000000 0.119803 0.992543 -0.022491 10.871300 -0.027365 0.025947 0.999289 -0.951400 0.000000 0.000000 0.000000 1.000000
0.990725 -0.132490 0.030172 0.000000 0.133543 0.990387 -0.036058 10.871300 -0.025105 0.039752 0.998894 -0.951400 0.000000 0.000000 0.000000 1.000000
0.988840 -0.145308 0.032877 -0.000000 0.146730 0.988104 -0.046042 10.871300 -0.025796 0.050352 0.998398 -0.951400 0.000000 0.000000 0.000000 1.000000
0.986775 -0.158537 0.033779 -0.000000 0.160239 0.985507 -0.055668 10.871300 -0.024464 0.060344 0.997878 -0.951400 0.000000 0.000000 0.000000 1.000000
0.984570 -0.171908 0.032691 -0.000000 0.173789 0.982444 -0.067829 10.871300 -0.020457 0.072463 0.997161 -0.951400 0.000000 0.000000 0.000000 1.000000
0.982681 -0.182485 0.032221 0.000000 0.184548 0.979472 -0.081091 10.871300 -0.016762 0.085633 0.996186 -0.951400 0.000000 0.000000 0.000000 1.000000
0.981600 -0.188319 0.031571 0.000000 0.190488 0.977218 -0.093590 10.871300 -0.013227 0.097882 0.995110 -0.951400 0.000000 0.000000 0.000000 1.000000
0.981246 -0.190473 0.029593 0.000000 0.192553 0.975665 -0.104887 10.871300 -0.008895 0.108618 0.994044 -0.951400 0.000000 0.000000 0.000000 1.000000
0.981345 -0.190379 0.026800 0.000000 0.192211 0.974563 -0.115245 10.871300 -0.004178 0.118247 0.992975 -0.951400 0.000000 0.000000 0.000000 1.000000
0.981756 -0.188349 0.026076 0.000000 0.190134 0.973946 -0.123606 10.871300 -0.002115 0.126309 0.991989 -0.951400 0.000000 0.000000 0.000000 1.000000
0.982361 -0.184759 0.028816 -0.000000 0.186948 0.973781 -0.129622 10.871300 -0.004112 0.132723 0.991145 -0.951400 0.000000 0.000000 0.000000 1.000000
0.982917 -0.181348 0.031421 0.000000 0.183939 0.973812 -0.133628 10.871300 -0.006365 0.137125 0.990533 -0.951400 0.000000 0.000000 0.000000 1.000000
0.983327 -0.178909 0.032544 -0.000000 0.181695 0.973922 -0.135879 10.871300 -0.007385 0.139527 0.990191 -0.951400 0.000000 0.000000 0.000000 1.000000
0.983940 -0.175513 0.032528 -0.000000 0.178333 0.974481 -0.136324 10.871300 -0.007772 0.139935 0.990130 -0.951400 0.000000 0.000000 0.000000 1.000000
0.984825 -0.170196 0.033946 0.000000 0.173259 0.975484 -0.135694 10.871300 -0.010019 0.139517 0.990169 -0.951400 0.000000 0.000000 0.000000 1.000000
0.985839 -0.163692 0.036428 0.000000 0.167135 0.976838 -0.133615 10.871300 -0.013713 0.137811 0.990364 -0.951400 0.000000 0.000000 0.000000 1.000000
0.987202 -0.155114 0.037039 0.000000 0.158680 0.978582 -0.131138 10.871300 -0.015905 0.135337 0.990672 -0.951400 0.000000 0.000000 0.000000 1.000000
0.988927 -0.143802 0.036659 0.000000 0.147376 0.980647 -0.128883 10.871300 -0.017416 0.132859 0.990982 -0.951400 0.000000 0.000000 0.000000 1.000000
0.990696 -0.130413 0.038910 0.000000 0.134337 0.982880 -0.126096 10.871300 -0.021800 0.130150 0.991255 -0.951400 0.000000 0.000000 0.000000 1.000000
0.992363 -0.114996 0.044636 0.000000 0.119661 0.985301 -0.121911 10.871300 -0.029961 0.126321 0.991537 -0.951400 0.000000 0.000000 0.000000 1.000000
0.993705 -0.097890 0.054487 0.000000 0.103733 0.987647 -0.117442 10.871300 -0.042318 0.122355 0.991584 -0.951400 0.000000 0.000000 0.000000 1.000000
0.994438 -0.080265 0.068200 0.000000 0.087619 0.989755 -0.112734 10.871300 -0.058452 0.118082 0.991282 -0.951400 0.000000 0.000000 0.000000 1.000000
0.994850 -0.061662 0.080443 0.000000 0.070133 0.991769 -0.107123 10.871300 -0.073176 0.112213 0.990986 -0.951400 0.000000 0.000000 0.000000 1.000000
0.995036 -0.044081 0.089224 0.000000 0.053088 0.993445 -0.101234 10.871300 -0.084177 0.105468 0.990854 -0.951400 0.000000 0.000000 0.000000 1.000000
0.994980 -0.027676 0.096172 0.000000 0.036838 0.994811 -0.094832 10.871300 -0.093048 0.097899 0.990837 -0.951400 0.000000 0.000000 0.000000 1.000000
0.994696 -0.011238 0.102247 0.000000 0.020085 0.996100 -0.085913 10.871300 -0.100882 0.087511 0.991042 -0.951400 0.000000 0.000000 0.000000 1.000000
0.994293 0.005624 0.106531 0.000000 0.002315 0.997237 -0.074251 10.871300 -0.106654 0.074074 0.991533 -0.951400 0.000000 0.000000 0.000000 1.000000
0.993822 0.020617 0.109058 0.000000 -0.013893 0.997976 -0.062055 10.871300 -0.110117 0.060156 0.992096 -0.951400 0.000000 0.000000 0.000000 1.000000
0.993314 0.032801 0.110682 -0.000000 -0.027299 0.998332 -0.050866 10.871300 -0.112166 0.047505 0.992553 -0.951400 0.000000 0.000000 0.000000 1.000000
0.992975 0.041331 0.110873 0.000000 -0.036964 0.998469 -0.041152 10.871300 -0.112405 0.036765 0.992982 -0.951400 0.000000 0.000000 0.000000 1.000000
0.992879 0.045781 0.109982 0.000000 -0.042475 0.998578 -0.032215 10.871300 -0.111301 0.027314 0.993411 -0.951400 0.000000 0.000000 0.000000 1.000000
0.993018 0.047134 0.108139 0.000000 -0.044824 0.998714 -0.023690 10.871300 -0.109117 0.018677 0.993853 -0.951400 0.000000 0.000000 0.000000 1.000000
0.993434 0.046395 0.104582 -0.000000 -0.044960 0.998860 -0.016041 10.871300 -0.105207 0.011234 0.994387 -0.951400 0.000000 0.000000 0.000000 1.000000
0.994126 0.044553 0.098629 -0.000000 -0.043820 0.998993 -0.009582 10.871300 -0.098956 0.005204 0.995078 -0.951400 0.000000 0.000000 0.000000 1.000000
0.995013 0.042008 0.090471 0.000000 -0.041810 0.999117 -0.004085 10.871300 -0.090563 0.000282 0.995891 -0.951400 0.000000 0.000000 0.000000 1.000000
0.995911 0.038954 0.081506 -0.000000 -0.039114 0.999235 0.000365 10.871300 -0.081430 -0.003552 0.996673 -0.951400 0.000000 0.000000 0.000000 1.000000
0.996696 0.036019 0.072796 0.000000 -0.036374 0.999332 0.003557 10.871300 -0.072620 -0.006193 0.997340 -0.951400 0.000000 0.000000 0.000000 1.000000
0.997269 0.034187 0.065464 0.000000 -0.034619 0.999386 0.005468 10.871300 -0.065237 -0.007719 0.997840 -0.951400 0.000000 0.000000 0.000000 1.000000
0.997664 0.033456 0.059556 0.000000 -0.033931 0.999400 0.006988 10.871300 -0.059287 -0.008992 0.998201 -0.951400 0.000000 0.000000 0.000000 1.000000
0.997972 0.032857 0.054525 0.000000 -0.033381 0.999405 0.008732 10.871300 -0.054206 -0.010535 0.998474 -0.951400 0.000000 0.000000 0.000000 1.000000
0.998248 0.031512 0.050088 0.000000 -0.032068 0.999432 0.010349 10.871300 -0.049733 -0.011937 0.998691 -0.951400 0.000000 0.000000 0.000000 1.000000
0.998488 0.030053 0.046024 0.000000 -0.030622 0.999463 0.011703 10.871300 -0.045648 -0.013095 0.998872 -0.951400 0.000000 0.000000 0.000000 1.000000
0.998618 0.029248 0.043664 -0.000000 -0.029832 0.999473 0.012772 10.871300 -0.043268 -0.014057 0.998965 -0.951400 0.000000 0.000000 0.000000 1.000000
0.998626 0.029224 0.043492 0.000000 -0.029819 0.999470 0.013092 10.871300 -0.043086 -0.014370 0.998968 -0.951400 0.000000 0.000000 0.000000 1.000000
0.998547 0.029664 0.044987 0.000000 -0.030273 0.999458 0.012924 10.871300 -0.044579 -0.014267 0.998904 -0.951400 0.000000 0.000000 0.000000 1.000000
0.998402 0.030485 0.047589 -0.000000 -0.031120 0.999435 0.012664 10.871300 -0.047176 -0.014125 0.998787 -0.951400 0.000000 0.000000 0.000000 1.000000
0.998189 0.032103 0.050872 -0.000000 -0.032729 0.999398 0.011531 10.871300 -0.050471 -0.013175 0.998639 -0.951400 0.000000 0.000000 0.000000 1.000000
0.998025 0.033829 0.052940 0.000000 -0.034440 0.999350 0.010674 10.871300 -0.052544 -0.012476 0.998541 -0.951400 0.000000 0.000000 0.000000 1.000000
0.997942 0.035248 0.053575 -0.000000 -0.035841 0.999306 0.010150 10.871300 -0.053180 -0.012049 0.998512 -0.951400 0.000000 0.000000 0.000000 1.000000
0.997868 0.036360 0.054196 -0.000000 -0.036977 0.999262 0.010433 10.871300 -0.053777 -0.012415 0.998476 -0.951400 0.000000 0.000000 0.000000 1.000000
0.997793 0.037677 0.054685 0.000000 -0.038342 0.999202 0.011155 10.871300 -0.054221 -0.013227 0.998441 -0.951400 0.000000 0.000000 0.000000 1.000000</float_array>
        <technique_common>
          <accessor source="#mixamorig_Spine-Matrix-animation-output-transform-array" count="69" stride="16">
            <param type="float4x4"/>
          </accessor>
        </technique_common>
      </source>
      <source id="mixamorig_Spine-Interpolations">
        <Name_array id="mixamorig_Spine-Interpolations-array" count="69">
 LINEAR LINEAR LINEAR LINEAR LINEAR LINEAR LINEAR LINEAR LINEAR LINEAR LINEAR
LINEAR LINEAR LINEAR LINEAR LINEAR LINEAR LINEAR LINEAR LINEAR LINEAR LINEAR LINEAR
LINEAR LINEAR LINEAR LINEAR LINEAR LINEAR LINEAR LINEAR LINEAR LINEAR LINEAR LINEAR
LINEAR LINEAR LINEAR LINEAR LINEAR LINEAR LINEAR LINEAR LINEAR LINEAR LINEAR LINEAR
LINEAR LINEAR LINEAR LINEAR LINEAR LINEAR LINEAR LINEAR LINEAR LINEAR LINEAR LINEAR
LINEAR LINEAR LINEAR LINEAR LINEAR LINEAR LINEAR LINEAR LINEAR LINEAR</Name_array>
        <technique_common>
          <accessor source="#mixamorig_Spine-Interpolations-array" count="69">
            <param type="name"/>
          </accessor>
        </technique_common>
      </source>
      <sampler id="mixamorig_Spine-Matrix-animation-transform">
        <input semantic="INPUT" source="#mixamorig_Spine-Matrix-animation-input"/>
        <input semantic="OUTPUT" source="#mixamorig_Spine-Matrix-animation-output-transform"/>
        <input semantic="INTERPOLATION" source="#mixamorig_Spine-Interpolations"/>
      </sampler>
      <channel source="#mixamorig_Spine-Matrix-animation-transform" target="mixamorig_Spine/matrix"/>
    </animation>
    <animation id="mixamorig_Spine1-anim" name="mixamorig_Spine1">
      <source id="mixamorig_Spine1-Matrix-animation-input">
        <float_array id="mixamorig_Spine1-Matrix-animation-input-array" count="69">

0.000000 0.033333 0.066667 0.100000 0.133333 0.166667 0.200000 0.233333 0.266667 0.300000 0.333333 0.366667 0.400000 0.433333 0.466667 0.500000
0.533333 0.566667 0.600000 0.633333 0.666667 0.700000 0.733333 0.766667 0.800000 0.833333 0.866667 0.900000 0.933333 0.966667 1.000000 1.033333
1.066667 1.100000 1.133333 1.166667 1.200000 1.233333 1.266667 1.300000 1.333333 1.366667 1.400000 1.433333 1.466667 1.500000 1.533333 1.566667
1.600000 1.633333 1.666667 1.700000 1.733333 1.766667 1.800000 1.833333 1.866667 1.900000 1.933333 1.966667 2.000000 2.033333 2.066667 2.100000
2.133333 2.166667 2.200000 2.233333 2.266667</float_array>
        <technique_common>
          <accessor source="#mixamorig_Spine1-Matrix-animation-input-array" count="69">
            <param name="TIME" type="float"/>
          </accessor>
        </technique_common>
      </source>
      <source id="mixamorig_Spine1-Matrix-animation-output-transform">
        <float_array id="mixamorig_Spine1-Matrix-animation-output-transform-array" count="1104">

0.999794 -0.018401 0.008513 0.000000 0.018352 0.999815 0.005845 12.731600 -0.008619 -0.005688 0.999947 0.000000 0.000000 0.000000 0.000000 1.000000
0.999798 -0.018196 0.008478 0.000000 0.018148 0.999819 0.005672 12.731600 -0.008580 -0.005517 0.999948 -0.000000 0.000000 0.000000 0.000000 1.000000
0.999805 -0.017868 0.008456 -0.000000 0.017824 0.999827 0.005286 12.731600 -0.008549 -0.005135 0.999950 0.000000 0.000000 0.000000 0.000000 1.000000
0.999815 -0.017370 0.008313 0.000000 0.017330 0.999838 0.004952 12.731600 -0.008398 -0.004807 0.999953 0.000000 0.000000 0.000000 0.000000 1.000000
0.999832 -0.016670 0.007628 0.000000 0.016633 0.999850 0.004836 12.731600 -0.007707 -0.004708 0.999959 -0.000000 0.000000 0.000000 0.000000 1.000000
0.999840 -0.016287 0.007377 0.000000 0.016257 0.999859 0.004180 12.731600 -0.007444 -0.004059 0.999964 -0.000000 0.000000 0.000000 0.000000 1.000000
0.999830 -0.016661 0.007883 -0.000000 0.016636 0.999857 0.003189 12.731600 -0.007935 -0.003058 0.999964 -0.000000 0.000000 0.000000 0.000000 1.000000
0.999808 -0.017428 0.008967 0.000000 0.017408 0.999846 0.002311 12.731600 -0.009006 -0.002155 0.999957 -0.000000 0.000000 0.000000 0.000000 1.000000
0.999777 -0.018677 0.009866 0.000000 0.018656 0.999823 0.002241 12.731600 -0.009906 -0.002057 0.999949 0.000000 0.000000 0.000000 0.000000 1.000000
0.999743 -0.020291 0.010067 -0.000000 0.020277 0.999793 0.001493 12.731600 -0.010096 -0.001288 0.999948 0.000000 0.000000 0.000000 0.000000 1.000000
0.999722 -0.021643 0.009377 0.000000 0.021643 0.999766 0.000059 12.731600 -0.009376 0.000144 0.999956 0.000000 0.000000 0.000000 0.000000 1.000000
0.999716 -0.022314 0.008394 -0.000000 0.022330 0.999749 -0.001841 12.731600 -0.008351 0.002028 0.999963 0.000000 0.000000 0.000000 0.000000 1.000000
0.999719 -0.022407 0.007782 0.000000 0.022431 0.999744 -0.003018 12.731600 -0.007712 0.003191 0.999965 0.000000 0.000000 0.000000 0.000000 1.000000
0.999732 -0.021926 0.007422 0.000000 0.021954 0.999753 -0.003589 12.731600 -0.007342 0.003751 0.999966 -0.000000 0.000000 0.000000 0.000000 1.000000
0.999737 -0.021793 0.007123 0.000000 0.021821 0.999754 -0.003885 12.731600 -0.007036 0.004040 0.999967 0.000000 0.000000 0.000000 0.000000 1.000000
0.999742 -0.021761 0.006474 0.000000 0.021787 0.999755 -0.004013 12.731600 -0.006385 0.004153 0.999971 0.000000 0.000000 0.000000 0.000000 1.000000
0.999754 -0.021555 0.005302 0.000000 0.021578 0.999758 -0.004286 12.731600 -0.005208 0.004400 0.999977 -0.000000 0.000000 0.000000 0.000000 1.000000
0.999766 -0.021269 0.003993 0.000000 0.021289 0.999761 -0.005031 12.731600 -0.003885 0.005115 0.999979 0.000000 0.000000 0.000000 0.000000 1.000000
0.999767 -0.021373 0.003054 0.000000 0.021391 0.999753 -0.006100 12.731600 -0.002922 0.006164 0.999977 0.000000 0.000000 0.000000 0.000000 1.000000
0.999754 -0.022035 0.002594 -0.000000 0.022053 0.999732 -0.007029 12.731600 -0.002438 0.007084 0.999972 -0.000000 0.000000 0.000000 0.000000 1.000000
0.999727 -0.023252 0.002238 -0.000000 0.023268 0.999702 -0.007343 12.731600 -0.002067 0.007393 0.999971 0.000000 0.000000 0.000000 0.000000 1.000000
0.999694 -0.024695 0.001671 -0.000000 0.024707 0.999670 -0.007038 12.731600 -0.001497 0.007077 0.999974 0.000000 0.000000 0.000000 0.000000 1.000000
0.999656 -0.026195 0.000911 0.000000 0.026201 0.999630 -0.007284 12.731600 -0.000720 0.007305 0.999973 0.000000 0.000000 0.000000 0.000000 1.000000
0.999618 -0.027620 0.000430 -0.000000 0.027623 0.999584 -0.008303 12.731600 -0.000201 0.008312 0.999965 0.000000 0.000000 0.000000 0.000000 1.000000
0.999582 -0.028897 -0.000269 0.000000 0.028893 0.999541 -0.009105 12.731600 0.000532 0.009093 0.999959 0.000000 0.000000 0.000000 0.000000 1.000000
0.999562 -0.029581 -0.000616 -0.000000 0.029574 0.999517 -0.009537 12.731600 0.000898 0.009515 0.999954 -0.000000 0.000000 0.000000 0.000000 1.000000
0.999541 -0.030279 -0.000900 -0.000000 0.030269 0.999494 -0.009726 12.731600 0.001194 0.009694 0.999952 0.000000 0.000000 0.000000 0.000000 1.000000
0.999541 -0.030292 -0.000327 0.000000 0.030287 0.999492 -0.009872 12.731600 0.000626 0.009857 0.999951 0.000000 0.000000 0.000000 0.000000 1.000000
0.999565 -0.029465 0.001008 0.000000 0.029474 0.999513 -0.010261 12.731600 -0.000706 0.010286 0.999947 0.000000 0.000000 0.000000 0.000000 1.000000
0.999595 -0.028361 0.002261 -0.000000 0.028384 0.999540 -0.010700 12.731600 -0.001956 0.010760 0.999940 0.000000 0.000000 0.000000 0.000000 1.000000
0.999620 -0.027379 0.003299 0.000000 0.027415 0.999559 -0.011378 12.731600 -0.002986 0.011464 0.999930 0.000000 0.000000 0.000000 0.000000 1.000000
0.999648 -0.026192 0.004181 0.000000 0.026239 0.999589 -0.011545 12.731600 -0.003877 0.011651 0.999925 0.000000 0.000000 0.000000 0.000000 1.000000
0.999682 -0.024616 0.005530 0.000000 0.024677 0.999632 -0.011300 12.731600 -0.005250 0.011433 0.999921 0.000000 0.000000 0.000000 0.000000 1.000000
0.999713 -0.022893 0.007094 -0.000000 0.022968 0.999679 -0.010661 12.731600 -0.006848 0.010821 0.999918 -0.000000 0.000000 0.000000 0.000000 1.000000
0.999755 -0.020503 0.008331 0.000000 0.020584 0.999741 -0.009734 12.731600 -0.008129 0.009904 0.999918 0.000000 0.000000 0.000000 0.000000 1.000000
0.999807 -0.017325 0.009212 -0.000000 0.017404 0.999812 -0.008556 12.731600 -0.009062 0.008715 0.999921 0.000000 0.000000 0.000000 0.000000 1.000000
0.999847 -0.014044 0.010433 0.000000 0.014119 0.999874 -0.007215 12.731600 -0.010331 0.007361 0.999920 0.000000 0.000000 0.000000 0.000000 1.000000
0.999865 -0.011385 0.011815 0.000000 0.011457 0.999916 -0.006059 12.731600 -0.011745 0.006194 0.999912 0.000000 0.000000 0.000000 0.000000 1.000000
0.999855 -0.010193 0.013619 0.000000 0.010264 0.999934 -0.005163 12.731600 -0.013566 0.005302 0.999894 0.000000 0.000000 0.000000 0.000000 1.000000
0.999823 -0.010836 0.015388 0.000000 0.010906 0.999931 -0.004470 12.731600 -0.015338 0.004637 0.999872 -0.000000 0.000000 0.000000 0.000000 1.000000
0.999791 -0.011671 0.016770 0.000000 0.011724 0.999927 -0.003044 12.731600 -0.016733 0.003240 0.999855 0.000000 0.000000 0.000000 0.000000 1.000000
0.999780 -0.011946 0.017241 0.000000 0.011980 0.999926 -0.001898 12.731600 -0.017217 0.002104 0.999850 0.000000 0.000000 0.000000 0.000000 1.000000
0.999770 -0.011803 0.017906 0.000000 0.011820 0.999930 -0.000850 12.731600 -0.017894 0.001062 0.999839 -0.000000 0.000000 0.000000 0.000000 1.000000
0.999763 -0.011808 0.018305 0.000000 0.011811 0.999930 -0.000059 12.731600 -0.018303 0.000275 0.999832 0.000000 0.000000 0.000000 0.000000 1.000000
0.999752 -0.011971 0.018752 -0.000000 0.011956 0.999928 0.000921 12.731600 -0.018762 -0.000696 0.999824 0.000000 0.000000 0.000000 0.000000 1.000000
0.999742 -0.012466 0.019011 0.000000 0.012445 0.999922 0.001219 12.731600 -0.019025 -0.000982 0.999819 0.000000 0.000000 0.000000 0.000000 1.000000
0.999732 -0.013154 0.019029 0.000000 0.013142 0.999913 0.000766 12.731600 -0.019037 -0.000516 0.999819 0.000000 0.000000 0.000000 0.000000 1.000000
0.999727 -0.014081 0.018625 0.000000 0.014080 0.999901 0.000214 12.731600 -0.018626 0.000049 0.999827 0.000000 0.000000 0.000000 0.000000 1.000000
0.999720 -0.014874 0.018430 0.000000 0.014874 0.999889 0.000114 12.731600 -0.018429 0.000160 0.999830 0.000000 0.000000 0.000000 0.000000 1.000000
0.999715 -0.015904 0.017812 -0.000000 0.015898 0.999873 0.000496 12.731600 -0.017818 -0.000212 0.999841 -0.000000 0.000000 0.000000 0.000000 1.000000
0.999713 -0.016904 0.016961 -0.000000 0.016891 0.999857 0.000911 12.731600 -0.016974 -0.000625 0.999856 0.000000 0.000000 0.000000 0.000000 1.000000
0.999715 -0.017624 0.016117 0.000000 0.017602 0.999844 0.001506 12.731600 -0.016141 -0.001222 0.999869 0.000000 0.000000 0.000000 0.000000 1.000000
0.999733 -0.017994 0.014496 0.000000 0.017973 0.999837 0.001564 12.731600 -0.014521 -0.001303 0.999894 0.000000 0.000000 0.000000 0.000000 1.000000
0.999752 -0.018107 0.012969 0.000000 0.018091 0.999835 0.001359 12.731600 -0.012991 -0.001124 0.999915 0.000000 0.000000 0.000000 0.000000 1.000000
0.999777 -0.017752 0.011472 0.000000 0.017738 0.999842 0.001328 12.731600 -0.011494 -0.001124 0.999933 0.000000 0.000000 0.000000 0.000000 1.000000
0.999797 -0.017330 0.010231 -0.000000 0.017317 0.999849 0.001318 12.731600 -0.010252 -0.001140 0.999947 0.000000 0.000000 0.000000 0.000000 1.000000
0.999807 -0.017281 0.009371 -0.000000 0.017269 0.999850 0.001390 12.731600 -0.009394 -0.001228 0.999955 0.000000 0.000000 0.000000 0.000000 1.000000
0.999817 -0.017090 0.008627 -0.000000 0.017077 0.999853 0.001495 12.731600 -0.008651 -0.001347 0.999962 0.000000 0.000000 0.000000 0.000000 1.000000
0.999829 -0.016783 0.007759 0.000000 0.016771 0.999858 0.001595 12.731600 -0.007784 -0.001465 0.999969 0.000000 0.000000 0.000000 0.000000 1.000000
0.999839 -0.016466 0.007154 -0.000000 0.016454 0.999863 0.001690 12.731600 -0.007180 -0.001572 0.999973 -0.000000 0.000000 0.000000 0.000000 1.000000
0.999843 -0.016359 0.006760 0.000000 0.016347 0.999865 0.001882 12.731600 -0.006790 -0.001771 0.999975 -0.000000 0.000000 0.000000 0.000000 1.000000
0.999842 -0.016461 0.006710 0.000000 0.016447 0.999863 0.002069 12.731600 -0.006743 -0.001958 0.999975 0.000000 0.000000 0.000000 0.000000 1.000000
0.999835 -0.016769 0.006937 0.000000 0.016751 0.999856 0.002535 12.731600 -0.006979 -0.002418 0.999973 0.000000 0.000000 0.000000 0.000000 1.000000
0.999826 -0.017156 0.007327 0.000000 0.017133 0.999848 0.003105 12.731600 -0.007379 -0.002979 0.999968 0.000000 0.000000 0.000000 0.000000 1.000000
0.999813 -0.017655 0.007841 -0.000000 0.017623 0.999836 0.004189 12.731600 -0.007914 -0.004050 0.999960 0.000000 0.000000 0.000000 0.000000 1.000000
0.999805 -0.017974 0.008173 0.000000 0.017933 0.999826 0.005059 12.731600 -0.008262 -0.004911 0.999954 -0.000000 0.000000 0.000000 0.000000 1.000000
0.999803 -0.018052 0.008290 0.000000 0.018005 0.999821 0.005728 12.731600 -0.008392 -0.005578 0.999949 0.000000 0.000000 0.000000 0.000000 1.000000
0.999799 -0.018167 0.008424 0.000000 0.018117 0.999818 0.006005 12.731600 -0.008532 -0.005851 0.999946 0.000000 0.000000 0.000000 0.000000 1.000000
0.999795 -0.018361 0.008503 0.000000 0.018310 0.999814 0.006065 12.731600 -0.008612 -0.005908 0.999945 0.000000 0.000000 0.000000 0.000000 1.000000</float_array>
        <technique_common>
          <accessor source="#mixamorig_Spine1-Matrix-animation-output-transform-array" count="69" stride="16">
            <param type="float4x4"/>
          </accessor>
        </technique_common>
      </source>
      <source id="mixamorig_Spine1-Interpolations">
        <Name_array id="mixamorig_Spine1-Interpolations-array" count="69">
 LINEAR LINEAR LINEAR LINEAR LINEAR LINEAR LINEAR LINEAR LINEAR LINEAR LINEAR
LINEAR LINEAR LINEAR LINEAR LINEAR LINEAR LINEAR LINEAR LINEAR LINEAR LINEAR LINEAR
LINEAR LINEAR LINEAR LINEAR LINEAR LINEAR LINEAR LINEAR LINEAR LINEAR LINEAR LINEAR
LINEAR LINEAR LINEAR LINEAR LINEAR LINEAR LINEAR LINEAR LINEAR LINEAR LINEAR LINEAR
LINEAR LINEAR LINEAR LINEAR LINEAR LINEAR LINEAR LINEAR LINEAR LINEAR LINEAR LINEAR
LINEAR LINEAR LINEAR LINEAR LINEAR LINEAR LINEAR LINEAR LINEAR LINEAR</Name_array>
        <technique_common>
          <accessor source="#mixamorig_Spine1-Interpolations-array" count="69">
            <param type="name"/>
          </accessor>
        </technique_common>
      </source>
      <sampler id="mixamorig_Spine1-Matrix-animation-transform">
        <input semantic="INPUT" source="#mixamorig_Spine1-Matrix-animation-input"/>
        <input semantic="OUTPUT" source="#mixamorig_Spine1-Matrix-animation-output-transform"/>
        <input semantic="INTERPOLATION" source="#mixamorig_Spine1-Interpolations"/>
      </sampler>
      <channel source="#mixamorig_Spine1-Matrix-animation-transform" target="mixamorig_Spine1/matrix"/>
    </animation>
    <animation id="mixamorig_Spine2-anim" name="mixamorig_Spine2">
      <source id="mixamorig_Spine2-Matrix-animation-input">
        <float_array id="mixamorig_Spine2-Matrix-animation-input-array" count="69">

