<?xml version="1.0" encoding="utf-8"?>
<COLLADA xmlns="http://www.collada.org/2005/11/COLLADASchema" version="1.4.1">
  <asset>
    <contributor>
      <author>Mixamo</author>
      <authoring_tool>COLLADA Mixamo exporter</authoring_tool>
      <comments/>
    </contributor>
    <created>2025-04-14T05:33:05Z</created>
    <modified>2025-04-14T05:33:05Z</modified>
    <revision/>
    <title/>
    <unit meter="0.010000"/>
    <up_axis>Y_UP</up_axis>
  </asset>
  <library_animations>
    <animation id="mixamorig9_Hips-anim" name="mixamorig9_Hips">
      <source id="mixamorig9_Hips-Matrix-animation-input">
        <float_array id="mixamorig9_Hips-Matrix-animation-input-array" count="44">

0.000000 0.033333 0.066667 0.100000 0.133333 0.166667 0.200000 0.233333 0.266667 0.300000 0.333333 0.366667 0.400000 0.433333 0.466667 0.500000
0.533333 0.566667 0.600000 0.633333 0.666667 0.700000 0.733333 0.766667 0.800000 0.833333 0.866667 0.900000 0.933333 0.966667 1.000000 1.033333
1.066667 1.100000 1.133333 1.166667 1.200000 1.233333 1.266667 1.300000 1.333333 1.366667 1.400000 1.433333</float_array>
        <technique_common>
          <accessor source="#mixamorig9_Hips-Matrix-animation-input-array" count="44">
            <param name="TIME" type="float"/>
          </accessor>
        </technique_common>
      </source>
      <source id="mixamorig9_Hips-Matrix-animation-output-transform">
        <float_array id="mixamorig9_Hips-Matrix-animation-output-transform-array" count="704">

0.691849 0.000788 -0.722042 0.057685 0.066800 0.995641 0.065093 83.078125 0.718946 -0.093267 0.688780 -0.294387 0.000000 0.000000 0.000000 1.000000
0.728019 0.011560 -0.685460 -0.989969 0.090396 0.989509 0.112695 83.458847 0.679572 -0.144007 0.719336 0.070285 0.000000 0.000000 0.000000 1.000000
0.801393 0.023282 -0.597685 -3.366971 0.125864 0.970305 0.206559 84.612282 0.584746 -0.240762 0.774665 2.004517 0.000000 0.000000 0.000000 1.000000
0.872286 0.009463 -0.488904 -6.612056 0.172168 0.929849 0.325175 86.575691 0.457684 -0.367820 0.809465 5.328976 0.000000 0.000000 0.000000 1.000000
0.888152 -0.010369 -0.459433 -8.681967 0.217897 0.889721 0.401146 88.315277 0.404608 -0.456387 0.792467 7.749484 0.000000 0.000000 0.000000 1.000000
0.859740 -0.008174 -0.510666 -8.993075 0.259102 0.868630 0.422312 89.068481 0.440128 -0.495393 0.748914 8.178683 0.000000 0.000000 0.000000 1.000000
0.826702 -0.008686 -0.562572 -8.848822 0.299291 0.853470 0.426632 89.066399 0.476433 -0.521070 0.708165 7.802914 0.000000 0.000000 0.000000 1.000000
0.804397 -0.021445 -0.593705 -8.813677 0.337790 0.838601 0.427372 88.626556 0.488716 -0.544324 0.681812 7.388522 0.000000 0.000000 0.000000 1.000000
0.779836 -0.034829 -0.625014 -8.470899 0.371399 0.829474 0.417176 87.715157 0.503903 -0.557458 0.659789 6.706882 0.000000 0.000000 0.000000 1.000000
0.746885 -0.045530 -0.663393 -7.624856 0.402572 0.825004 0.396616 86.603432 0.529244 -0.563289 0.634512 5.733663 0.000000 0.000000 0.000000 1.000000
0.711078 -0.061475 -0.700421 -6.406702 0.430719 0.825460 0.364824 85.533401 0.555742 -0.561103 0.613445 4.638661 0.000000 0.000000 0.000000 1.000000
0.671501 -0.085555 -0.736048 -4.916724 0.454421 0.832151 0.317845 84.563873 0.585310 -0.547910 0.597668 3.459564 0.000000 0.000000 0.000000 1.000000
0.626620 -0.110578 -0.771440 -3.181085 0.471337 0.842092 0.262150 83.659286 0.620636 -0.527877 0.579791 2.234022 0.000000 0.000000 0.000000 1.000000
0.579319 -0.131669 -0.804396 -1.318563 0.479122 0.853384 0.205371 82.854477 0.659418 -0.504379 0.557467 1.005715 0.000000 0.000000 0.000000 1.000000
0.535738 -0.155638 -0.829917 0.400648 0.475643 0.867719 0.144316 82.249527 0.697673 -0.472060 0.538898 -0.230347 0.000000 0.000000 0.000000 1.000000
0.505214 -0.187087 -0.842471 1.784961 0.459930 0.884397 0.079414 81.864105 0.730221 -0.427599 0.532857 -1.501619 0.000000 0.000000 0.000000 1.000000
0.492413 -0.215256 -0.843323 2.895523 0.434114 0.900548 0.023615 81.607178 0.754370 -0.377727 0.536887 -2.850664 0.000000 0.000000 0.000000 1.000000
0.491698 -0.229572 -0.839958 3.864791 0.399943 0.916394 -0.016343 81.378555 0.773485 -0.327900 0.542405 -4.346178 0.000000 0.000000 0.000000 1.000000
0.497703 -0.235605 -0.834735 4.708536 0.356578 0.932889 -0.050702 81.156837 0.790660 -0.272414 0.548313 -6.014252 0.000000 0.000000 0.000000 1.000000
0.509947 -0.243299 -0.825082 5.406880 0.306236 0.947675 -0.090178 80.994217 0.803849 -0.206684 0.557771 -7.736894 0.000000 0.000000 0.000000 1.000000
0.522737 -0.249618 -0.815130 5.977508 0.253415 0.958448 -0.130993 80.934425 0.813958 -0.138091 0.564273 -9.245591 0.000000 0.000000 0.000000 1.000000
0.525485 -0.244434 -0.814934 6.394915 0.197849 0.966690 -0.162376 80.925278 0.827479 -0.075908 0.556342 -10.292042 0.000000 0.000000 0.000000 1.000000
0.516047 -0.227076 -0.825913 6.629434 0.138739 0.973647 -0.181006 80.917572 0.845250 -0.021179 0.533952 -10.834481 0.000000 0.000000 0.000000 1.000000
0.502315 -0.206181 -0.839743 6.763938 0.083667 0.978188 -0.190126 81.005234 0.860627 0.025244 0.508609 -10.978309 0.000000 0.000000 0.000000 1.000000
0.490115 -0.185215 -0.851752 6.878306 0.041568 0.981019 -0.189405 81.268494 0.870666 0.057425 0.488511 -10.778681 0.000000 0.000000 0.000000 1.000000
0.476013 -0.160069 -0.864748 6.886252 0.011153 0.984316 -0.176063 81.624367 0.879368 0.074164 0.470332 -10.266028 0.000000 0.000000 0.000000 1.000000
0.458361 -0.131607 -0.878968 6.656348 -0.012356 0.987936 -0.154366 81.917824 0.888680 0.081616 0.451206 -9.567722 0.000000 0.000000 0.000000 1.000000
0.444146 -0.106378 -0.889617 6.198970 -0.026814 0.990903 -0.131876 82.110451 0.895553 0.082426 0.437253 -8.810568 0.000000 0.000000 0.000000 1.000000
0.442815 -0.084746 -0.892599 5.596935 -0.028154 0.993718 -0.108313 82.268478 0.896171 0.073093 0.437648 -7.993807 0.000000 0.000000 0.000000 1.000000
0.458242 -0.061643 -0.886687 4.865220 -0.018028 0.996742 -0.078610 82.476707 0.888645 0.052008 0.455638 -7.077269 0.000000 0.000000 0.000000 1.000000
0.486952 -0.037599 -0.872619 3.999805 -0.001756 0.999029 -0.044026 82.777908 0.873427 0.022971 0.486413 -6.084404 0.000000 0.000000 0.000000 1.000000
0.520259 -0.017449 -0.853830 3.077533 0.015777 0.999817 -0.010819 83.147903 0.853863 -0.007842 0.520439 -5.046961 0.000000 0.000000 0.000000 1.000000
0.549560 -0.003088 -0.835449 2.248101 0.031278 0.999368 0.016881 83.508270 0.834869 -0.035408 0.549309 -4.020443 0.000000 0.000000 0.000000 1.000000
0.571576 0.005000 -0.820534 1.656106 0.042822 0.998437 0.035914 83.760666 0.819431 -0.055665 0.570469 -3.173162 0.000000 0.000000 0.000000 1.000000
0.589214 0.008357 -0.807934 1.255931 0.051292 0.997543 0.047725 83.910194 0.806347 -0.069560 0.587338 -2.526659 0.000000 0.000000 0.000000 1.000000
0.605421 0.009782 -0.795845 0.926272 0.058471 0.996676 0.056731 84.019753 0.793754 -0.080880 0.602837 -1.959339 0.000000 0.000000 0.000000 1.000000
0.620287 0.010002 -0.784311 0.653807 0.064428 0.995890 0.063654 84.089569 0.781725 -0.090015 0.617093 -1.459285 0.000000 0.000000 0.000000 1.000000
0.633846 0.009300 -0.773403 0.438401 0.068997 0.995261 0.068514 84.109451 0.770375 -0.096790 0.630201 -1.040137 0.000000 0.000000 0.000000 1.000000
0.646642 0.008361 -0.762748 0.253713 0.072469 0.994744 0.072342 84.089989 0.759344 -0.102055 0.642637 -0.678575 0.000000 0.000000 0.000000 1.000000
0.658562 0.007448 -0.752489 0.105486 0.074365 0.994412 0.074925 84.008415 0.748843 -0.105302 0.654329 -0.401303 0.000000 0.000000 0.000000 1.000000
0.668328 0.005920 -0.743843 0.057601 0.073205 0.994591 0.073689 83.798737 0.740256 -0.103701 0.664279 -0.312263 0.000000 0.000000 0.000000 1.000000
0.676454 0.003908 -0.736475 0.074045 0.070464 0.995055 0.070001 83.522346 0.733106 -0.099247 0.672834 -0.335238 0.000000 0.000000 0.000000 1.000000
0.684444 0.002251 -0.729062 0.070040 0.068499 0.995373 0.067379 83.286514 0.725840 -0.096057 0.681123 -0.321968 0.000000 0.000000 0.000000 1.000000
0.691849 0.000788 -0.722042 0.057685 0.066800 0.995641 0.065093 83.078125 0.718946 -0.093267 0.688780 -0.294390 0.000000 0.000000 0.000000 1.000000</float_array>
        <technique_common>
          <accessor source="#mixamorig9_Hips-Matrix-animation-output-transform-array" count="44" stride="16">
            <param type="float4x4"/>
          </accessor>
        </technique_common>
      </source>
      <source id="mixamorig9_Hips-Interpolations">
        <Name_array id="mixamorig9_Hips-Interpolations-array" count="44">
 LINEAR LINEAR LINEAR LINEAR LINEAR LINEAR LINEAR LINEAR LINEAR LINEAR LINEAR
LINEAR LINEAR LINEAR LINEAR LINEAR LINEAR LINEAR LINEAR LINEAR LINEAR LINEAR LINEAR
LINEAR LINEAR LINEAR LINEAR LINEAR LINEAR LINEAR LINEAR LINEAR LINEAR LINEAR LINEAR
LINEAR LINEAR LINEAR LINEAR LINEAR LINEAR LINEAR LINEAR LINEAR</Name_array>
        <technique_common>
          <accessor source="#mixamorig9_Hips-Interpolations-array" count="44">
            <param type="name"/>
          </accessor>
        </technique_common>
      </source>
      <sampler id="mixamorig9_Hips-Matrix-animation-transform">
        <input semantic="INPUT" source="#mixamorig9_Hips-Matrix-animation-input"/>
        <input semantic="OUTPUT" source="#mixamorig9_Hips-Matrix-animation-output-transform"/>
        <input semantic="INTERPOLATION" source="#mixamorig9_Hips-Interpolations"/>
      </sampler>
      <channel source="#mixamorig9_Hips-Matrix-animation-transform" target="mixamorig9_Hips/matrix"/>
    </animation>
    <animation id="mixamorig9_Spine-anim" name="mixamorig9_Spine">
      <source id="mixamorig9_Spine-Matrix-animation-input">
        <float_array id="mixamorig9_Spine-Matrix-animation-input-array" count="44">

0.000000 0.033333 0.066667 0.100000 0.133333 0.166667 0.200000 0.233333 0.266667 0.300000 0.333333 0.366667 0.400000 0.433333 0.466667 0.500000
0.533333 0.566667 0.600000 0.633333 0.666667 0.700000 0.733333 0.766667 0.800000 0.833333 0.866667 0.900000 0.933333 0.966667 1.000000 1.033333
1.066667 1.100000 1.133333 1.166667 1.200000 1.233333 1.266667 1.300000 1.333333 1.366667 1.400000 1.433333</float_array>
        <technique_common>
          <accessor source="#mixamorig9_Spine-Matrix-animation-input-array" count="44">
            <param name="TIME" type="float"/>
          </accessor>
        </technique_common>
      </source>
      <source id="mixamorig9_Spine-Matrix-animation-output-transform">
        <float_array id="mixamorig9_Spine-Matrix-animation-output-transform-array" count="704">

0.991731 0.019043 0.126915 0.000000 -0.010321 0.997561 -0.069030 10.547000 -0.127920 0.067149 0.989509 -1.004700 0.000000 0.000000 0.000000 1.000000
0.994775 0.011722 0.101415 -0.000000 -0.006643 0.998713 -0.050278 10.547000 -0.101874 0.049341 0.993573 -1.004700 0.000000 0.000000 0.000000 1.000000
0.995351 -0.002643 0.096275 -0.000000 0.002208 0.999987 0.004619 10.547000 -0.096286 -0.004384 0.995344 -1.004700 0.000000 0.000000 0.000000 1.000000
0.992067 -0.017296 0.124516 0.000000 0.005947 0.995839 0.090940 10.547000 -0.125571 -0.089478 0.988041 -1.004700 0.000000 0.000000 0.000000 1.000000
0.987643 -0.025792 0.154586 0.000000 0.001178 0.987559 0.157244 10.547000 -0.156719 -0.155118 0.975386 -1.004700 0.000000 0.000000 0.000000 1.000000
0.987660 -0.036703 0.152253 0.000000 0.008634 0.983434 0.181058 10.547000 -0.156376 -0.177510 0.971616 -1.004700 0.000000 0.000000 0.000000 1.000000
0.990137 -0.056854 0.128044 0.000000 0.032009 0.981585 0.188323 10.547000 -0.136394 -0.182367 0.973724 -1.004700 0.000000 0.000000 0.000000 1.000000
0.990559 -0.081625 0.110139 0.000000 0.059057 0.979124 0.194498 10.547000 -0.123715 -0.186157 0.974700 -1.004700 0.000000 0.000000 0.000000 1.000000
0.988377 -0.106392 0.108586 0.000000 0.084493 0.978255 0.189415 10.547000 -0.126377 -0.178039 0.975875 -1.004700 0.000000 0.000000 0.000000 1.000000
0.985223 -0.130046 0.111460 0.000000 0.110259 0.979553 0.168281 10.547000 -0.131065 -0.153505 0.979417 -1.004700 0.000000 0.000000 0.000000 1.000000
0.982265 -0.151261 0.110791 -0.000000 0.135348 0.980957 0.139299 10.547000 -0.129752 -0.121833 0.984033 -1.004700 0.000000 0.000000 0.000000 1.000000
0.979761 -0.168743 0.107676 0.000000 0.156963 0.981474 0.109869 10.547000 -0.124220 -0.090744 0.988097 -1.004700 0.000000 0.000000 0.000000 1.000000
0.977437 -0.181976 0.107248 0.000000 0.174432 0.981729 0.076036 10.547000 -0.119125 -0.055613 0.991320 -1.004700 0.000000 0.000000 0.000000 1.000000
0.975517 -0.190098 0.110588 0.000000 0.187245 0.981663 0.035729 10.547000 -0.115352 -0.014147 0.993224 -1.004700 0.000000 0.000000 0.000000 1.000000
0.974430 -0.193886 0.113555 0.000000 0.195122 0.980779 0.000240 10.547000 -0.111419 0.021923 0.993532 -1.004700 0.000000 0.000000 0.000000 1.000000
0.974490 -0.194930 0.111224 0.000000 0.198641 0.979797 -0.023216 10.547000 -0.104452 0.044717 0.993524 -1.004700 0.000000 0.000000 0.000000 1.000000
0.975982 -0.191913 0.103095 0.000000 0.197395 0.979253 -0.045806 10.547000 -0.092166 0.065056 0.993616 -1.004700 0.000000 0.000000 0.000000 1.000000
0.978652 -0.183053 0.093441 0.000000 0.190553 0.978507 -0.078827 10.547000 -0.077003 0.094950 0.992499 -1.004700 0.000000 0.000000 0.000000 1.000000
0.981801 -0.169855 0.084944 0.000000 0.179045 0.977000 -0.115815 10.547000 -0.063319 0.128916 0.989632 -1.004700 0.000000 0.000000 0.000000 1.000000
0.985219 -0.153664 0.075707 0.000000 0.163335 0.975889 -0.144787 10.547000 -0.051633 0.155013 0.986562 -1.004700 0.000000 0.000000 0.000000 1.000000
0.989092 -0.132556 0.064240 0.000000 0.141509 0.976173 -0.164504 10.547000 -0.040904 0.171800 0.984282 -1.004700 0.000000 0.000000 0.000000 1.000000
0.993157 -0.105129 0.050869 0.000000 0.112615 0.977457 -0.178594 10.547000 -0.030947 0.183101 0.982607 -1.004700 0.000000 0.000000 0.000000 1.000000
0.996649 -0.074320 0.034177 0.000000 0.079398 0.979424 -0.185539 10.547000 -0.019684 0.187631 0.982042 -1.004700 0.000000 0.000000 0.000000 1.000000
0.998877 -0.045042 0.014677 0.000000 0.046975 0.981832 -0.183843 10.547000 -0.006129 0.184326 0.982846 -1.004700 0.000000 0.000000 0.000000 1.000000
0.999803 -0.019849 0.000773 0.000000 0.019670 0.983850 -0.177909 10.547000 0.002771 0.177889 0.984047 -1.004700 0.000000 0.000000 0.000000 1.000000
0.999998 0.002075 0.000438 0.000000 -0.001971 0.985401 -0.170240 10.547000 -0.000784 0.170239 0.985402 -1.004700 0.000000 0.000000 0.000000 1.000000
0.999684 0.022072 0.012063 -0.000000 -0.019910 0.987429 -0.156802 10.547000 -0.015373 0.156513 0.987556 -1.004700 0.000000 0.000000 0.000000 1.000000
0.998821 0.039368 0.028418 0.000000 -0.035155 0.990088 -0.135978 10.547000 -0.033489 0.134818 0.990304 -1.004700 0.000000 0.000000 0.000000 1.000000
0.997671 0.051463 0.044761 0.000000 -0.046048 0.992348 -0.114566 10.547000 -0.050315 0.112238 0.992407 -1.004700 0.000000 0.000000 0.000000 1.000000
0.996656 0.057543 0.058015 0.000000 -0.051577 0.993695 -0.099550 10.547000 -0.063377 0.096225 0.993340 -1.004700 0.000000 0.000000 0.000000 1.000000
0.996099 0.059710 0.064966 -0.000000 -0.053759 0.994510 -0.089781 10.547000 -0.069970 0.085938 0.993840 -1.004700 0.000000 0.000000 0.000000 1.000000
0.996015 0.059517 0.066420 0.000000 -0.054109 0.995290 -0.080438 10.547000 -0.070895 0.076523 0.994544 -1.004700 0.000000 0.000000 0.000000 1.000000
0.996101 0.056806 0.067503 0.000000 -0.051971 0.996097 -0.071343 10.547000 -0.071292 0.067556 0.995165 -1.004700 0.000000 0.000000 0.000000 1.000000
0.996100 0.052401 0.070992 0.000000 -0.047758 0.996703 -0.065592 10.547000 -0.074195 0.061945 0.995318 -1.004700 0.000000 0.000000 0.000000 1.000000
0.995996 0.047642 0.075645 0.000000 -0.042930 0.997106 -0.062735 10.547000 -0.078414 0.059236 0.995159 -1.004700 0.000000 0.000000 0.000000 1.000000
0.995830 0.042793 0.080571 0.000000 -0.037942 0.997428 -0.060802 10.547000 -0.082966 0.057491 0.994893 -1.004700 0.000000 0.000000 0.000000 1.000000
0.995583 0.037953 0.085869 0.000000 -0.032889 0.997678 -0.059643 10.547000 -0.087933 0.056556 0.994520 -1.004700 0.000000 0.000000 0.000000 1.000000
0.995249 0.033379 0.091466 0.000000 -0.028019 0.997849 -0.059271 10.547000 -0.093248 0.056426 0.994043 -1.004700 0.000000 0.000000 0.000000 1.000000
0.994837 0.029200 0.097190 -0.000000 -0.023500 0.997964 -0.059293 10.547000 -0.098724 0.056703 0.993498 -1.004700 0.000000 0.000000 0.000000 1.000000
0.994340 0.025784 0.103068 -0.000000 -0.019677 0.998015 -0.059830 10.547000 -0.104406 0.057463 0.992873 -1.004700 0.000000 0.000000 0.000000 1.000000
0.993710 0.023722 0.109445 0.000000 -0.017011 0.997941 -0.061843 10.547000 -0.110686 0.059592 0.992067 -1.004700 0.000000 0.000000 0.000000 1.000000
0.993045 0.022061 0.115652 0.000000 -0.014635 0.997799 -0.064670 10.547000 -0.116824 0.062528 0.991182 -1.004700 0.000000 0.000000 0.000000 1.000000
0.992380 0.020495 0.121501 0.000000 -0.012408 0.997680 -0.066944 10.547000 -0.122591 0.064926 0.990331 -1.004700 0.000000 0.000000 0.000000 1.000000
0.991731 0.019043 0.126915 0.000000 -0.010321 0.997561 -0.069030 10.547000 -0.127920 0.067149 0.989509 -1.004700 0.000000 0.000000 0.000000 1.000000</float_array>
        <technique_common>
          <accessor source="#mixamorig9_Spine-Matrix-animation-output-transform-array" count="44" stride="16">
            <param type="float4x4"/>
          </accessor>
        </technique_common>
      </source>
      <source id="mixamorig9_Spine-Interpolations">
        <Name_array id="mixamorig9_Spine-Interpolations-array" count="44">
 LINEAR LINEAR LINEAR LINEAR LINEAR LINEAR LINEAR LINEAR LINEAR LINEAR LINEAR
LINEAR LINEAR LINEAR LINEAR LINEAR LINEAR LINEAR LINEAR LINEAR LINEAR LINEAR LINEAR
LINEAR LINEAR LINEAR LINEAR LINEAR LINEAR LINEAR LINEAR LINEAR LINEAR LINEAR LINEAR
LINEAR LINEAR LINEAR LINEAR LINEAR LINEAR LINEAR LINEAR LINEAR</Name_array>
        <technique_common>
          <accessor source="#mixamorig9_Spine-Interpolations-array" count="44">
            <param type="name"/>
          </accessor>
        </technique_common>
      </source>
      <sampler id="mixamorig9_Spine-Matrix-animation-transform">
        <input semantic="INPUT" source="#mixamorig9_Spine-Matrix-animation-input"/>
        <input semantic="OUTPUT" source="#mixamorig9_Spine-Matrix-animation-output-transform"/>
        <input semantic="INTERPOLATION" source="#mixamorig9_Spine-Interpolations"/>
      </sampler>
      <channel source="#mixamorig9_Spine-Matrix-animation-transform" target="mixamorig9_Spine/matrix"/>
    </animation>
    <animation id="mixamorig9_Spine1-anim" name="mixamorig9_Spine1">
      <source id="mixamorig9_Spine1-Matrix-animation-input">
        <float_array id="mixamorig9_Spine1-Matrix-animation-input-array" count="44">

0.000000 0.033333 0.066667 0.100000 0.133333 0.166667 0.200000 0.233333 0.266667 0.300000 0.333333 0.366667 0.400000 0.433333 0.466667 0.500000
0.533333 0.566667 0.600000 0.633333 0.666667 0.700000 0.733333 0.766667 0.800000 0.833333 0.866667 0.900000 0.933333 0.966667 1.000000 1.033333
1.066667 1.100000 1.133333 1.166667 1.200000 1.233333 1.266667 1.300000 1.333333 1.366667 1.400000 1.433333</float_array>
        <technique_common>
          <accessor source="#mixamorig9_Spine1-Matrix-animation-input-array" count="44">
            <param name="TIME" type="float"/>
          </accessor>
        </technique_common>
      </source>
      <source id="mixamorig9_Spine1-Matrix-animation-output-transform">
        <float_array id="mixamorig9_Spine1-Matrix-animation-output-transform-array" count="704">

0.999723 0.014267 0.018713 0.000000 -0.013545 0.999180 -0.038162 12.360600 -0.019242 0.037898 0.999096 0.000000 0.000000 0.000000 0.000000 1.000000
0.999721 0.018994 0.014028 0.000000 -0.018080 0.997870 -0.062675 12.360600 -0.015188 0.062404 0.997935 0.000000 0.000000 0.000000 0.000000 1.000000
0.999465 0.020175 0.025760 0.000000 -0.018371 0.997485 -0.068453 12.360600 -0.027077 0.067943 0.997322 0.000000 0.000000 0.000000 0.000000 1.000000
0.997746 0.025443 0.062097 -0.000000 -0.022174 0.998360 -0.052773 12.360600 -0.063338 0.051278 0.996674 -0.000000 0.000000 0.000000 0.000000 1.000000
0.994330 0.038241 0.099225 0.000000 -0.033839 0.998383 -0.045672 12.360600 -0.100811 0.042055 0.994016 0.000000 0.000000 0.000000 0.000000 1.000000
0.992603 0.045541 0.112538 -0.000000 -0.038779 0.997350 -0.061556 12.360600 -0.115043 0.056737 0.991739 0.000000 0.000000 0.000000 0.000000 1.000000
0.993280 0.038306 0.109212 0.000000 -0.029580 0.996322 -0.080427 12.360600 -0.111891 0.076656 0.990759 0.000000 0.000000 0.000000 0.000000 1.000000
0.994045 0.023132 0.106482 0.000000 -0.013638 0.995935 -0.089040 12.360600 -0.108109 0.087058 0.990320 0.000000 0.000000 0.000000 0.000000 1.000000
0.994036 0.006475 0.108858 0.000000 0.003882 0.995502 -0.094658 12.360600 -0.108981 0.094516 0.989540 0.000000 0.000000 0.000000 0.000000 1.000000
0.993546 -0.008751 0.113093 0.000000 0.021377 0.993599 -0.110919 12.360600 -0.111399 0.112621 0.987374 0.000000 0.000000 0.000000 0.000000 1.000000
0.993138 -0.022180 0.114823 0.000000 0.037503 0.990398 -0.133062 12.360600 -0.110770 0.136456 0.984434 0.000000 0.000000 0.000000 0.000000 1.000000
0.992955 -0.031857 0.114129 -0.000000 0.049437 0.986725 -0.154692 12.360600 -0.107686 0.159245 0.981348 -0.000000 0.000000 0.000000 0.000000 1.000000
0.992774 -0.038212 0.113756 0.000000 0.058068 0.982546 -0.176726 12.360600 -0.105017 0.182055 0.977664 0.000000 0.000000 0.000000 0.000000 1.000000
0.992462 -0.043298 0.114645 0.000000 0.065764 0.977564 -0.200110 12.360600 -0.103409 0.206141 0.973043 0.000000 0.000000 0.000000 0.000000 1.000000
0.992252 -0.047393 0.114850 -0.000000 0.071814 0.973103 -0.218890 12.360600 -0.101387 0.225442 0.968967 -0.000000 0.000000 0.000000 0.000000 1.000000
0.992494 -0.049851 0.111674 0.000000 0.074564 0.970454 -0.229477 12.360600 -0.096934 0.236081 0.966886 -0.000000 0.000000 0.000000 0.000000 1.000000
0.993212 -0.050662 0.104704 -0.000000 0.074620 0.968040 -0.239439 12.360600 -0.089227 0.245627 0.965249 0.000000 0.000000 0.000000 0.000000 1.000000
0.994076 -0.049656 0.096677 -0.000000 0.073129 0.963643 -0.256990 12.360600 -0.080401 0.262538 0.961566 -0.000000 0.000000 0.000000 0.000000 1.000000
0.994902 -0.046139 0.089674 0.000000 0.069563 0.957774 -0.278980 12.360600 -0.073016 0.283796 0.956101 0.000000 0.000000 0.000000 0.000000 1.000000
0.995808 -0.039140 0.082667 -0.000000 0.062167 0.952589 -0.297841 12.360600 -0.067090 0.301732 0.951029 0.000000 0.000000 0.000000 0.000000 1.000000
0.996853 -0.027966 0.074170 0.000000 0.049798 0.948942 -0.311494 12.360600 -0.061672 0.314207 0.947349 0.000000 0.000000 0.000000 0.000000 1.000000
0.997883 -0.013798 0.063554 0.000000 0.033456 0.946924 -0.319713 12.360600 -0.055769 0.321163 0.945381 0.000000 0.000000 0.000000 0.000000 1.000000
0.998754 0.000945 0.049902 -0.000000 0.015124 0.947083 -0.320632 12.360600 -0.047564 0.320987 0.945888 0.000000 0.000000 0.000000 0.000000 1.000000
0.999281 0.015654 0.034519 0.000000 -0.003949 0.948769 -0.315947 12.360600 -0.037696 0.315583 0.948149 0.000000 0.000000 0.000000 0.000000 1.000000
0.999259 0.030766 0.023129 0.000000 -0.022089 0.950481 -0.309998 12.360600 -0.031521 0.309258 0.950456 0.000000 0.000000 0.000000 0.000000 1.000000
0.998754 0.045394 0.020743 0.000000 -0.036989 0.952278 -0.302981 12.360600 -0.033507 0.301837 0.952771 0.000000 0.000000 0.000000 0.000000 1.000000
0.998017 0.057483 0.025645 0.000000 -0.047637 0.956083 -0.289199 12.360600 -0.041143 0.287404 0.956925 0.000000 0.000000 0.000000 0.000000 1.000000
0.997255 0.066334 0.032904 -0.000000 -0.055174 0.962047 -0.267246 12.360600 -0.049382 0.264697 0.963066 0.000000 0.000000 0.000000 0.000000 1.000000
0.996606 0.072073 0.039764 0.000000 -0.060276 0.967961 -0.243757 12.360600 -0.056059 0.240533 0.969021 0.000000 0.000000 0.000000 0.000000 1.000000
0.996213 0.074746 0.044421 0.000000 -0.062932 0.972366 -0.224820 12.360600 -0.059998 0.221173 0.973387 -0.000000 0.000000 0.000000 0.000000 1.000000
0.996183 0.075000 0.044669 0.000000 -0.064056 0.975679 -0.209638 12.360600 -0.059306 0.205976 0.976758 0.000000 0.000000 0.000000 0.000000 1.000000
0.996464 0.073348 0.040980 0.000000 -0.064042 0.978782 -0.194639 12.360600 -0.054387 0.191327 0.980018 0.000000 0.000000 0.000000 0.000000 1.000000
0.996891 0.069681 0.036779 0.000000 -0.062021 0.981862 -0.179165 12.360600 -0.048596 0.176326 0.983131 0.000000 0.000000 0.000000 0.000000 1.000000
0.997329 0.064654 0.033970 0.000000 -0.058230 0.984659 -0.164485 12.360600 -0.044083 0.162068 0.985794 -0.000000 0.000000 0.000000 0.000000 1.000000
0.997737 0.059251 0.031782 0.000000 -0.053831 0.987153 -0.150440 12.360600 -0.040287 0.148388 0.988108 0.000000 0.000000 0.000000 0.000000 1.000000
0.998116 0.053714 0.029645 0.000000 -0.049195 0.989431 -0.136401 12.360600 -0.036658 0.134686 0.990210 0.000000 0.000000 0.000000 0.000000 1.000000
0.998461 0.048076 0.027660 0.000000 -0.044347 0.991479 -0.122482 12.360600 -0.033313 0.121067 0.992085 0.000000 0.000000 0.000000 0.000000 1.000000
0.998764 0.042470 0.025832 0.000000 -0.039423 0.993280 -0.108817 12.360600 -0.030280 0.107664 0.993726 0.000000 0.000000 0.000000 0.000000 1.000000
0.999025 0.036995 0.024101 0.000000 -0.034538 0.994839 -0.095402 12.360600 -0.027506 0.094476 0.995147 0.000000 0.000000 0.000000 0.000000 1.000000
0.999241 0.031782 0.022537 0.000000 -0.029825 0.996153 -0.082395 12.360600 -0.025069 0.081660 0.996345 -0.000000 0.000000 0.000000 0.000000 1.000000
0.999402 0.027055 0.021511 0.000000 -0.025480 0.997193 -0.070404 12.360600 -0.023355 0.069814 0.997287 0.000000 0.000000 0.000000 0.000000 1.000000
0.999536 0.022523 0.020523 0.000000 -0.021279 0.998034 -0.058944 12.360600 -0.021810 0.058480 0.998050 0.000000 0.000000 0.000000 0.000000 1.000000
0.999642 0.018242 0.019586 0.000000 -0.017281 0.998691 -0.048151 12.360600 -0.020439 0.047796 0.998648 0.000000 0.000000 0.000000 0.000000 1.000000
0.999723 0.014267 0.018713 0.000000 -0.013545 0.999180 -0.038162 12.360600 -0.019242 0.037898 0.999096 -0.000000 0.000000 0.000000 0.000000 1.000000</float_array>
        <technique_common>
          <accessor source="#mixamorig9_Spine1-Matrix-animation-output-transform-array" count="44" stride="16">
            <param type="float4x4"/>
          </accessor>
        </technique_common>
      </source>
      <source id="mixamorig9_Spine1-Interpolations">
        <Name_array id="mixamorig9_Spine1-Interpolations-array" count="44">
 LINEAR LINEAR LINEAR LINEAR LINEAR LINEAR LINEAR LINEAR LINEAR LINEAR LINEAR
LINEAR LINEAR LINEAR LINEAR LINEAR LINEAR LINEAR LINEAR LINEAR LINEAR LINEAR LINEAR
LINEAR LINEAR LINEAR LINEAR LINEAR LINEAR LINEAR LINEAR LINEAR LINEAR LINEAR LINEAR
LINEAR LINEAR LINEAR LINEAR LINEAR LINEAR LINEAR LINEAR LINEAR</Name_array>
        <technique_common>
          <accessor source="#mixamorig9_Spine1-Interpolations-array" count="44">
            <param type="name"/>
          </accessor>
        </technique_common>
      </source>
      <sampler id="mixamorig9_Spine1-Matrix-animation-transform">
        <input semantic="INPUT" source="#mixamorig9_Spine1-Matrix-animation-input"/>
        <input semantic="OUTPUT" source="#mixamorig9_Spine1-Matrix-animation-output-transform"/>
        <input semantic="INTERPOLATION" source="#mixamorig9_Spine1-Interpolations"/>
      </sampler>
      <channel source="#mixamorig9_Spine1-Matrix-animation-transform" target="mixamorig9_Spine1/matrix"/>
    </animation>
    <animation id="mixamorig9_Spine2-anim" name="mixamorig9_Spine2">
      <source id="mixamorig9_Spine2-Matrix-animation-input">
        <float_array id="mixamorig9_Spine2-Matrix-animation-input-array" count="44">

0.000000 0.033333 0.066667 0.100000 0.133333 0.166667 0.200000 0.233333 0.266667 0.300000 0.333333 0.366667 0.400000 0.433333 0.466667 0.500000
0.533333 0.566667 0.600000 0.633333 0.666667 0.700000 0.733333 0.766667 0.800000 0.833333 0.866667 0.900000 0.933333 0.966667 1.000000 1.033333
1.066667 1.100000 1.133333 1.166667 1.200000 1.233333 1.266667 1.300000 1.333333 1.366667 1.400000 1.433333</float_array>
        <technique_common>
          <accessor source="#mixamorig9_Spine2-Matrix-animation-input-array" count="44">
            <param name="TIME" type="float"/>
          </accessor>
        </technique_common>
      </source>
      <source id="mixamorig9_Spine2-Matrix-animation-output-transform">
        <float_array id="mixamorig9_Spine2-Matrix-animation-output-transform-array" count="704">

0.999731 0.013906 0.018554 0.000000 -0.013185 0.999174 -0.038426 14.126300 -0.019073 0.038171 0.999089 0.000000 0.000000 0.000000 0.000000 1.000000
0.999734 0.018676 0.013540 0.000000 -0.017788 0.997855 -0.063002 14.126300 -0.014687 0.062744 0.997922 0.000000 0.000000 0.000000 0.000000 1.000000
0.999499 0.019620 0.024839 -0.000000 -0.017870 0.997469 -0.068817 14.126300 -0.026127 0.068339 0.997320 0.000000 0.000000 0.000000 0.000000 1.000000
0.997852 0.024272 0.060853 0.000000 -0.021054 0.998373 -0.052990 14.126300 -0.062040 0.051595 0.996739 0.000000 0.000000 0.000000 0.000000 1.000000
0.994524 0.036532 0.097910 -0.000000 -0.032184 0.998440 -0.045627 14.126300 -0.099424 0.042226 0.994149 0.000000 0.000000 0.000000 0.000000 1.000000
0.992829 0.043779 0.111235 0.000000 -0.037096 0.997420 -0.061461 14.126300 -0.113639 0.056894 0.991892 0.000000 0.000000 0.000000 0.000000 1.000000
0.993489 0.036760 0.107835 0.000000 -0.028124 0.996354 -0.080542 14.126300 -0.110403 0.076985 0.990901 0.000000 0.000000 0.000000 0.000000 1.000000
0.994248 0.021632 0.104900 0.000000 -0.012239 0.995923 -0.089375 14.126300 -0.106405 0.087577 0.990459 0.000000 0.000000 0.000000 0.000000 1.000000
0.994254 0.004760 0.106937 0.000000 0.005462 0.995453 -0.095098 14.126300 -0.106903 0.095136 0.989708 -0.000000 0.000000 0.000000 0.000000 1.000000
0.993785 -0.010703 0.110803 0.000000 0.023125 0.993502 -0.111438 14.126300 -0.108890 0.113308 0.987575 0.000000 0.000000 0.000000 0.000000 1.000000
0.993391 -0.024254 0.112185 0.000000 0.039284 0.990233 -0.133774 14.126300 -0.107844 0.137297 0.984642 0.000000 0.000000 0.000000 0.000000 1.000000
0.993231 -0.034016 0.111059 0.000000 0.051203 0.986464 -0.155777 14.126300 -0.104257 0.160409 0.981529 0.000000 0.000000 0.000000 0.000000 1.000000
0.993085 -0.040435 0.110216 0.000000 0.059776 0.982163 -0.178277 14.126300 -0.101042 0.183633 0.977788 0.000000 0.000000 0.000000 0.000000 1.000000
0.992815 -0.045431 0.110697 0.000000 0.067243 0.977056 -0.202089 14.126300 -0.098976 0.208080 0.973091 -0.000000 0.000000 0.000000 0.000000 1.000000
0.992632 -0.049230 0.110712 0.000000 0.072904 0.972495 -0.221219 14.126300 -0.096777 0.227660 0.968920 -0.000000 0.000000 0.000000 0.000000 1.000000
0.992869 -0.051246 0.107632 0.000000 0.075205 0.969804 -0.232001 14.126300 -0.092493 0.238441 0.966742 0.000000 0.000000 0.000000 0.000000 1.000000
0.993548 -0.051559 0.101013 0.000000 0.074796 0.967415 -0.241895 14.126300 -0.085250 0.247890 0.965030 0.000000 0.000000 0.000000 0.000000 1.000000
0.994363 -0.050068 0.093464 0.000000 0.072854 0.963077 -0.259181 14.126300 -0.077036 0.264529 0.961296 0.000000 0.000000 0.000000 0.000000 1.000000
0.995140 -0.046117 0.087008 -0.000000 0.068918 0.957272 -0.280858 14.126300 -0.070338 0.285489 0.955797 0.000000 0.000000 0.000000 0.000000 1.000000
0.995989 -0.038779 0.080630 0.000000 0.061309 0.952160 -0.299387 14.126300 -0.065163 0.303130 0.950719 0.000000 0.000000 0.000000 0.000000 1.000000
0.996973 -0.027391 0.072770 0.000000 0.048885 0.948597 -0.312688 14.126300 -0.060464 0.315298 0.947064 0.000000 0.000000 0.000000 0.000000 1.000000
0.997946 -0.013122 0.062705 0.000000 0.032591 0.946657 -0.320590 14.126300 -0.055154 0.321976 0.945140 -0.000000 0.000000 0.000000 0.000000 1.000000
0.998772 0.001624 0.049512 0.000000 0.014386 0.946879 -0.321267 14.126300 -0.047404 0.321585 0.945693 0.000000 0.000000 0.000000 0.000000 1.000000
0.999273 0.016255 0.034488 0.000000 -0.004510 0.948609 -0.316417 14.126300 -0.037859 0.316032 0.947993 0.000000 0.000000 0.000000 0.000000 1.000000
0.999236 0.031318 0.023385 0.000000 -0.022522 0.950351 -0.310363 14.126300 -0.031944 0.309600 0.950330 0.000000 0.000000 0.000000 0.000000 1.000000
0.998713 0.046027 0.021298 0.000000 -0.037415 0.952178 -0.303244 14.126300 -0.034237 0.302057 0.952675 0.000000 0.000000 0.000000 0.000000 1.000000
0.997950 0.058262 0.026498 0.000000 -0.048133 0.956027 -0.289303 14.126300 -0.042188 0.287435 0.956871 0.000000 0.000000 0.000000 0.000000 1.000000
0.997164 0.067187 0.033922 0.000000 -0.055733 0.962042 -0.267150 14.126300 -0.050583 0.264502 0.963058 0.000000 0.000000 0.000000 0.000000 1.000000
0.996506 0.072896 0.040764 -0.000000 -0.060850 0.967994 -0.243483 14.126300 -0.057208 0.240152 0.969048 -0.000000 0.000000 0.000000 0.000000 1.000000
0.996119 0.075470 0.045296 -0.000000 -0.063468 0.972416 -0.224451 14.126300 -0.060986 0.220705 0.973432 0.000000 0.000000 0.000000 0.000000 1.000000
0.996106 0.075570 0.045402 0.000000 -0.064486 0.975730 -0.209268 14.126300 -0.060115 0.205525 0.976804 0.000000 0.000000 0.000000 0.000000 1.000000
0.996413 0.073715 0.041567 0.000000 -0.064307 0.978825 -0.194333 14.126300 -0.055012 0.190963 0.980055 0.000000 0.000000 0.000000 0.000000 1.000000
0.996864 0.069844 0.037202 0.000000 -0.062117 0.981896 -0.178948 14.126300 -0.049027 0.176076 0.983155 0.000000 0.000000 0.000000 0.000000 1.000000
0.997319 0.064672 0.034248 0.000000 -0.058209 0.984683 -0.164348 14.126300 -0.044353 0.161914 0.985808 0.000000 0.000000 0.000000 0.000000 1.000000
0.997736 0.059179 0.031960 0.000000 -0.053735 0.987170 -0.150362 14.126300 -0.040449 0.148304 0.988114 0.000000 0.000000 0.000000 0.000000 1.000000
0.998121 0.053570 0.029744 0.000000 -0.049041 0.989443 -0.136374 14.126300 -0.036735 0.134660 0.990211 -0.000000 0.000000 0.000000 0.000000 1.000000
0.998469 0.047876 0.027691 0.000000 -0.044144 0.991486 -0.122503 14.126300 -0.033321 0.121093 0.992082 0.000000 0.000000 0.000000 0.000000 1.000000
0.998775 0.042226 0.025809 0.000000 -0.039180 0.993282 -0.108882 14.126300 -0.030234 0.107737 0.993720 0.000000 0.000000 0.000000 0.000000 1.000000
0.999037 0.036710 0.024030 0.000000 -0.034258 0.994839 -0.095509 14.126300 -0.027412 0.094594 0.995138 0.000000 0.000000 0.000000 0.000000 1.000000
0.999252 0.031516 0.022422 -0.000000 -0.029566 0.996149 -0.082545 14.126300 -0.024937 0.081820 0.996335 0.000000 0.000000 0.000000 0.000000 1.000000
0.999413 0.026763 0.021384 0.000000 -0.025194 0.997188 -0.070582 14.126300 -0.023213 0.070001 0.997277 0.000000 0.000000 0.000000 0.000000 1.000000
0.999546 0.022207 0.020384 0.000000 -0.020967 0.998029 -0.059150 14.126300 -0.021658 0.058696 0.998041 0.000000 0.000000 0.000000 0.000000 1.000000
0.999651 0.017902 0.019437 -0.000000 -0.016944 0.998685 -0.048386 14.126300 -0.020278 0.048040 0.998640 0.000000 0.000000 0.000000 0.000000 1.000000
0.999731 0.013906 0.018554 0.000000 -0.013185 0.999174 -0.038426 14.126300 -0.019073 0.038171 0.999089 0.000000 0.000000 0.000000 0.000000 1.000000</float_array>
        <technique_common>
          <accessor source="#mixamorig9_Spine2-Matrix-animation-output-transform-array" count="44" stride="16">
            <param type="float4x4"/>
          </accessor>
        </technique_common>
      </source>
      <source id="mixamorig9_Spine2-Interpolations">
        <Name_array id="mixamorig9_Spine2-Interpolations-array" count="44">
 LINEAR LINEAR LINEAR LINEAR LINEAR LINEAR LINEAR LINEAR LINEAR LINEAR LINEAR
LINEAR LINEAR LINEAR LINEAR LINEAR LINEAR LINEAR LINEAR LINEAR LINEAR LINEAR LINEAR
LINEAR LINEAR LINEAR LINEAR LINEAR LINEAR LINEAR LINEAR LINEAR LINEAR LINEAR LINEAR
LINEAR LINEAR LINEAR LINEAR LINEAR LINEAR LINEAR LINEAR LINEAR</Name_array>
        <technique_common>
          <accessor source="#mixamorig9_Spine2-Interpolations-array" count="44">
            <param type="name"/>
          </accessor>
        </technique_common>
      </source>
      <sampler id="mixamorig9_Spine2-Matrix-animation-transform">
        <input semantic="INPUT" source="#mixamorig9_Spine2-Matrix-animation-input"/>
        <input semantic="OUTPUT" source="#mixamorig9_Spine2-Matrix-animation-output-transform"/>
        <input semantic="INTERPOLATION" source="#mixamorig9_Spine2-Interpolations"/>
      </sampler>
      <channel source="#mixamorig9_Spine2-Matrix-animation-transform" target="mixamorig9_Spine2/matrix"/>
    </animation>
    <animation id="mixamorig9_Neck-anim" name="mixamorig9_Neck">
      <source id="mixamorig9_Neck-Matrix-animation-input">
        <float_array id="mixamorig9_Neck-Matrix-animation-input-array" count="44">

0.000000 0.033333 0.066667 0.100000 0.133333 0.166667 0.200000 0.233333 0.266667 0.300000 0.333333 0.366667 0.400000 0.433333 0.466667 0.500000
0.533333 0.566667 0.600000 0.633333 0.666667 0.700000 0.733333 0.766667 0.800000 0.833333 0.866667 0.900000 0.933333 0.966667 1.000000 1.033333
1.066667 1.100000 1.133333 1.166667 1.200000 1.233333 1.266667 1.300000 1.333333 1.366667 1.400000 1.433333</float_array>
        <technique_common>
          <accessor source="#mixamorig9_Neck-Matrix-animation-input-array" count="44">
            <param name="TIME" type="float"/>
          </accessor>
        </technique_common>
      </source>
      <source id="mixamorig9_Neck-Matrix-animation-output-transform">
        <float_array id="mixamorig9_Neck-Matrix-animation-output-transform-array" count="704">

0.970444 -0.077035 0.228700 -0.000000 0.100719 0.990488 -0.093748 15.892100 -0.219303 0.114011 0.968972 0.000000 0.000000 0.000000 0.000000 1.000000
0.979304 -0.053636 0.195157 0.000000 0.075309 0.991576 -0.105386 15.892100 -0.187861 0.117902 0.975094 0.000000 0.000000 0.000000 0.000000 1.000000
0.988547 -0.012814 0.150368 0.000000 0.027627 0.994917 -0.096840 15.892100 -0.148363 0.099885 0.983876 0.000000 0.000000 0.000000 0.000000 1.000000
0.994895 0.025367 0.097677 -0.000000 -0.022137 0.999176 -0.034010 15.892100 -0.098459 0.031674 0.994637 -0.000000 0.000000 0.000000 0.000000 1.000000
0.998548 0.026170 0.047093 0.000000 -0.028835 0.997967 0.056836 15.892100 -0.045510 -0.058111 0.997272 0.000000 0.000000 0.000000 0.000000 1.000000
0.999991 -0.002314 0.003631 -0.000000 0.001843 0.992179 0.124813 15.892100 -0.003892 -0.124806 0.992174 0.000000 0.000000 0.000000 0.000000 1.000000
0.999186 -0.020937 -0.034493 0.000000 0.026244 0.986538 0.161410 15.892100 0.030649 -0.162184 0.986284 0.000000 0.000000 0.000000 0.000000 1.000000
0.997776 -0.018088 -0.064162 0.000000 0.028985 0.984457 0.173217 15.892100 0.060032 -0.174691 0.982791 0.000000 0.000000 0.000000 0.000000 1.000000
0.996957 -0.007849 -0.077553 0.000000 0.020314 0.986700 0.161276 15.892100 0.075256 -0.162361 0.983857 -0.000000 0.000000 0.000000 0.000000 1.000000
0.996748 0.001492 -0.080563 0.000000 0.009467 0.990736 0.135474 15.892100 0.080019 -0.135796 0.987500 0.000000 0.000000 0.000000 0.000000 1.000000
0.996824 0.002716 -0.079589 0.000000 0.005899 0.994154 0.107807 15.892100 0.079416 -0.107934 0.990981 -0.000000 0.000000 0.000000 0.000000 1.000000
0.996777 -0.007649 -0.079853 0.000000 0.013790 0.996963 0.076640 15.892100 0.079024 -0.077494 0.993856 0.000000 0.000000 0.000000 0.000000 1.000000
0.996245 -0.023330 -0.083377 -0.000000 0.026748 0.998837 0.040122 15.892100 0.082344 -0.042202 0.995710 0.000000 0.000000 0.000000 0.000000 1.000000
0.995375 -0.033596 -0.090004 -0.000000 0.033921 0.999422 0.002081 15.892100 0.089882 -0.005124 0.995939 0.000000 0.000000 0.000000 0.000000 1.000000
0.994703 -0.033422 -0.097203 -0.000000 0.029899 0.998850 -0.037473 15.892100 0.098344 0.034368 0.994559 -0.000000 0.000000 0.000000 0.000000 1.000000
0.994450 -0.026763 -0.101746 0.000000 0.018759 0.996712 -0.078824 15.892100 0.103521 0.076478 0.991683 0.000000 0.000000 0.000000 0.000000 1.000000
0.994521 -0.018940 -0.102804 0.000000 0.007076 0.993391 -0.114560 15.892100 0.104294 0.113205 0.988083 -0.000000 0.000000 0.000000 0.000000 1.000000
0.994859 -0.008652 -0.100901 0.000000 -0.005396 0.990401 -0.138121 15.892100 0.101128 0.137956 0.985262 0.000000 0.000000 0.000000 0.000000 1.000000
