<?xml version="1.0" encoding="utf-8"?>
<COLLADA xmlns="http://www.collada.org/2005/11/COLLADASchema" version="1.4.1">
  <asset>
    <contributor>
      <author>Mixamo</author>
      <authoring_tool>COLLADA Mixamo exporter</authoring_tool>
      <comments/>
    </contributor>
    <created>2025-04-29T22:23:06Z</created>
    <modified>2025-04-29T22:23:06Z</modified>
    <revision/>
    <title/>
    <unit meter="0.010000"/>
    <up_axis>Y_UP</up_axis>
  </asset>
  <library_animations>
    <animation id="mixamorig_Hips-anim" name="mixamorig_Hips">
      <source id="mixamorig_Hips-Matrix-animation-input">
        <float_array id="mixamorig_Hips-Matrix-animation-input-array" count="64">

0.000000 0.033333 0.066667 0.100000 0.133333 0.166667 0.200000 0.233333 0.266667 0.300000 0.333333 0.366667 0.400000 0.433333 0.466667 0.500000
0.533333 0.566667 0.600000 0.633333 0.666667 0.700000 0.733333 0.766667 0.800000 0.833333 0.866667 0.900000 0.933333 0.966667 1.000000 1.033333
1.066667 1.100000 1.133333 1.166667 1.200000 1.233333 1.266667 1.300000 1.333333 1.366667 1.400000 1.433333 1.466667 1.500000 1.533333 1.566667
1.600000 1.633333 1.666667 1.700000 1.733333 1.766667 1.800000 1.833333 1.866667 1.900000 1.933333 1.966667 2.000000 2.033333 2.066667 2.100000</float_array>
        <technique_common>
          <accessor source="#mixamorig_Hips-Matrix-animation-input-array" count="64">
            <param name="TIME" type="float"/>
          </accessor>
        </technique_common>
      </source>
      <source id="mixamorig_Hips-Matrix-animation-output-transform">
        <float_array id="mixamorig_Hips-Matrix-animation-output-transform-array" count="1024">

0.575725 0.071143 -0.814543 -0.911764 0.031181 0.993572 0.108818 88.981728 0.817049 -0.088048 0.569806 0.550442 0.000000 0.000000 0.000000 1.000000
0.575763 0.071655 -0.814470 -0.909609 0.031191 0.993502 0.109455 88.972717 0.817021 -0.088424 0.569787 0.548838 0.000000 0.000000 0.000000 1.000000
0.575798 0.072204 -0.814397 -0.906216 0.031199 0.993427 0.110135 88.960732 0.816996 -0.088824 0.569761 0.546314 0.000000 0.000000 0.000000 1.000000
0.575814 0.072797 -0.814334 -0.901425 0.031204 0.993346 0.110863 88.947670 0.816985 -0.089247 0.569711 0.542759 0.000000 0.000000 0.000000 1.000000
0.575807 0.073432 -0.814281 -0.895331 0.031204 0.993259 0.111637 88.933311 0.816990 -0.089690 0.569634 0.538239 0.000000 0.000000 0.000000 1.000000
0.575791 0.074101 -0.814232 -0.888072 0.031203 0.993167 0.112451 88.918709 0.817002 -0.090155 0.569544 0.532820 0.000000 0.000000 0.000000 1.000000
0.575777 0.074801 -0.814178 -0.879689 0.031201 0.993071 0.113301 88.903343 0.817011 -0.090640 0.569453 0.526490 0.000000 0.000000 0.000000 1.000000
0.575768 0.075528 -0.814117 -0.870259 0.031200 0.992969 0.114186 88.887215 0.817018 -0.091145 0.569364 0.519291 0.000000 0.000000 0.000000 1.000000
0.575760 0.076280 -0.814052 -0.859875 0.031198 0.992864 0.115101 88.870461 0.817023 -0.091668 0.569272 0.511355 0.000000 0.000000 0.000000 1.000000
0.575754 0.077055 -0.813984 -0.848595 0.031196 0.992754 0.116044 88.852791 0.817028 -0.092206 0.569178 0.502758 0.000000 0.000000 0.000000 1.000000
0.575748 0.077850 -0.813912 -0.836506 0.031194 0.992641 0.117012 88.835304 0.817032 -0.092759 0.569083 0.493518 0.000000 0.000000 0.000000 1.000000
0.575744 0.078663 -0.813837 -0.823672 0.031192 0.992524 0.118000 88.816895 0.817035 -0.093323 0.568986 0.483737 0.000000 0.000000 0.000000 1.000000
0.575742 0.079490 -0.813758 -0.810173 0.031189 0.992403 0.119007 88.797638 0.817036 -0.093898 0.568889 0.473421 0.000000 0.000000 0.000000 1.000000
0.575740 0.080328 -0.813677 -0.796074 0.031186 0.992281 0.120027 88.778671 0.817038 -0.094480 0.568791 0.462610 0.000000 0.000000 0.000000 1.000000
0.575740 0.081174 -0.813593 -0.781444 0.031184 0.992156 0.121057 88.758835 0.817038 -0.095068 0.568692 0.451360 0.000000 0.000000 0.000000 1.000000
0.575741 0.082031 -0.813507 -0.766285 0.031181 0.992028 0.122099 88.739067 0.817038 -0.095663 0.568593 0.439671 0.000000 0.000000 0.000000 1.000000
0.575743 0.082895 -0.813418 -0.750662 0.031177 0.991898 0.123151 88.719002 0.817036 -0.096263 0.568494 0.427628 0.000000 0.000000 0.000000 1.000000
0.575745 0.083755 -0.813328 -0.734830 0.031174 0.991768 0.124198 88.698448 0.817035 -0.096861 0.568394 0.415469 0.000000 0.000000 0.000000 1.000000
0.575748 0.084596 -0.813239 -0.719115 0.031170 0.991639 0.125222 88.678543 0.817033 -0.097445 0.568297 0.403369 0.000000 0.000000 0.000000 1.000000
0.575752 0.085445 -0.813147 -0.702971 0.031167 0.991508 0.126255 88.658295 0.817030 -0.098035 0.568200 0.390964 0.000000 0.000000 0.000000 1.000000
0.575758 0.086376 -0.813045 -0.684988 0.031163 0.991363 0.127388 88.635727 0.817026 -0.098681 0.568093 0.377104 0.000000 0.000000 0.000000 1.000000
0.575765 0.087431 -0.812927 -0.664274 0.031158 0.991198 0.128672 88.610313 0.817022 -0.099414 0.567972 0.361121 0.000000 0.000000 0.000000 1.000000
0.575773 0.088552 -0.812800 -0.641985 0.031153 0.991020 0.130036 88.582573 0.817016 -0.100193 0.567844 0.343922 0.000000 0.000000 0.000000 1.000000
0.575783 0.089653 -0.812672 -0.619757 0.031148 0.990843 0.131377 88.555611 0.817009 -0.100958 0.567718 0.326774 0.000000 0.000000 0.000000 1.000000
0.575791 0.090699 -0.812551 -0.598329 0.031143 0.990674 0.132650 88.529816 0.817004 -0.101684 0.567596 0.310248 0.000000 0.000000 0.000000 1.000000
0.575798 0.091697 -0.812434 -0.577656 0.031137 0.990510 0.133864 88.504059 0.816999 -0.102376 0.567479 0.294304 0.000000 0.000000 0.000000 1.000000
0.575805 0.092648 -0.812321 -0.557743 0.031132 0.990354 0.135021 88.480278 0.816994 -0.103035 0.567366 0.278906 0.000000 0.000000 0.000000 1.000000
0.575819 0.093544 -0.812208 -0.538798 0.031128 0.990204 0.136113 88.457466 0.816984 -0.103659 0.567267 0.264237 0.000000 0.000000 0.000000 1.000000
0.575840 0.094375 -0.812097 -0.521037 0.031125 0.990064 0.137127 88.436066 0.816970 -0.104240 0.567181 0.250485 0.000000 0.000000 0.000000 1.000000
0.575861 0.095134 -0.811994 -0.504615 0.031122 0.989936 0.138053 88.416382 0.816955 -0.104770 0.567104 0.237780 0.000000 0.000000 0.000000 1.000000
0.575879 0.095816 -0.811901 -0.489768 0.031119 0.989819 0.138886 88.398575 0.816942 -0.105247 0.567034 0.226284 0.000000 0.000000 0.000000 1.000000
0.575894 0.096416 -0.811819 -0.476644 0.031117 0.989716 0.139618 88.383034 0.816932 -0.105666 0.566972 0.216149 0.000000 0.000000 0.000000 1.000000
0.575907 0.096926 -0.811749 -0.465391 0.031115 0.989628 0.140240 88.369324 0.816923 -0.106023 0.566918 0.207472 0.000000 0.000000 0.000000 1.000000
0.575918 0.097339 -0.811692 -0.456200 0.031113 0.989557 0.140745 88.358650 0.816915 -0.106312 0.566875 0.200370 0.000000 0.000000 0.000000 1.000000
0.575925 0.097648 -0.811650 -0.449274 0.031109 0.989504 0.141119 88.350494 0.816910 -0.106524 0.566842 0.195012 0.000000 0.000000 0.000000 1.000000
0.575930 0.097842 -0.811623 -0.444843 0.031104 0.989470 0.141353 88.345444 0.816907 -0.106654 0.566822 0.191568 0.000000 0.000000 0.000000 1.000000
0.575932 0.097917 -0.811613 -0.443018 0.031103 0.989458 0.141444 88.343399 0.816906 -0.106706 0.566814 0.190171 0.000000 0.000000 0.000000 1.000000
0.575930 0.097864 -0.811620 -0.443936 0.031106 0.989466 0.141381 88.344994 0.816907 -0.106672 0.566819 0.190851 0.000000 0.000000 0.000000 1.000000
0.575924 0.097665 -0.811648 -0.447592 0.031110 0.989501 0.141140 88.350067 0.816911 -0.106537 0.566839 0.193625 0.000000 0.000000 0.000000 1.000000
0.575912 0.097312 -0.811699 -0.453850 0.031111 0.989562 0.140710 88.359772 0.816919 -0.106289 0.566873 0.198431 0.000000 0.000000 0.000000 1.000000
0.575897 0.096816 -0.811769 -0.462537 0.031110 0.989648 0.140102 88.372757 0.816930 -0.105939 0.566923 0.205135 0.000000 0.000000 0.000000 1.000000
0.575884 0.096188 -0.811853 -0.473533 0.031111 0.989757 0.139335 88.389069 0.816939 -0.105498 0.566993 0.213632 0.000000 0.000000 0.000000 1.000000
0.575880 0.095444 -0.811944 -0.486583 0.031114 0.989884 0.138428 88.408928 0.816942 -0.104981 0.567084 0.223705 0.000000 0.000000 0.000000 1.000000
0.575879 0.094606 -0.812042 -0.501292 0.031117 0.990026 0.137409 88.430458 0.816942 -0.104399 0.567191 0.235035 0.000000 0.000000 0.000000 1.000000
0.575880 0.093683 -0.812149 -0.517451 0.031120 0.990181 0.136286 88.454742 0.816942 -0.103759 0.567309 0.247407 0.000000 0.000000 0.000000 1.000000
0.575879 0.092637 -0.812270 -0.535730 0.031125 0.990355 0.135013 88.481522 0.816942 -0.103033 0.567441 0.261389 0.000000 0.000000 0.000000 1.000000
0.575878 0.091405 -0.812410 -0.557222 0.031129 0.990558 0.133515 88.512726 0.816943 -0.102178 0.567595 0.277867 0.000000 0.000000 0.000000 1.000000
0.575878 0.089988 -0.812568 -0.581977 0.031134 0.990789 0.131791 88.548065 0.816943 -0.101194 0.567771 0.296855 0.000000 0.000000 0.000000 1.000000
0.575877 0.088460 -0.812736 -0.608718 0.031140 0.991034 0.129931 88.586441 0.816943 -0.100133 0.567959 0.317394 0.000000 0.000000 0.000000 1.000000
0.575877 0.086887 -0.812906 -0.636253 0.031146 0.991283 0.128018 88.624619 0.816943 -0.099041 0.568150 0.338584 0.000000 0.000000 0.000000 1.000000
0.575877 0.085295 -0.813075 -0.664115 0.031152 0.991531 0.126081 88.663605 0.816943 -0.097936 0.568342 0.359966 0.000000 0.000000 0.000000 1.000000
0.575877 0.083694 -0.813241 -0.692107 0.031158 0.991776 0.124131 88.701492 0.816943 -0.096823 0.568533 0.381434 0.000000 0.000000 0.000000 1.000000
0.575876 0.082099 -0.813404 -0.719961 0.031164 0.992017 0.122190 88.739014 0.816943 -0.095716 0.568721 0.402808 0.000000 0.000000 0.000000 1.000000
0.575876 0.080534 -0.813561 -0.747322 0.031170 0.992250 0.120286 88.775604 0.816943 -0.094629 0.568902 0.423817 0.000000 0.000000 0.000000 1.000000
0.575874 0.079022 -0.813710 -0.773784 0.031175 0.992471 0.118445 88.810081 0.816944 -0.093577 0.569075 0.444165 0.000000 0.000000 0.000000 1.000000
0.575875 0.077582 -0.813849 -0.798969 0.031181 0.992679 0.116692 88.843033 0.816943 -0.092577 0.569239 0.463531 0.000000 0.000000 0.000000 1.000000
0.575878 0.076234 -0.813973 -0.822513 0.031186 0.992870 0.115052 88.872581 0.816941 -0.091641 0.569395 0.481598 0.000000 0.000000 0.000000 1.000000
0.575876 0.075001 -0.814090 -0.844047 0.031191 0.993042 0.113552 88.899963 0.816942 -0.090783 0.569530 0.498129 0.000000 0.000000 0.000000 1.000000
0.575853 0.073906 -0.814206 -0.863267 0.031191 0.993195 0.112213 88.924042 0.816958 -0.090014 0.569629 0.512934 0.000000 0.000000 0.000000 1.000000
0.575806 0.072963 -0.814324 -0.879842 0.031187 0.993325 0.111054 88.945053 0.816991 -0.089342 0.569687 0.525762 0.000000 0.000000 0.000000 1.000000
0.575750 0.072192 -0.814433 -0.893411 0.031181 0.993431 0.110101 88.961525 0.817031 -0.088786 0.569717 0.536303 0.000000 0.000000 0.000000 1.000000
0.575705 0.071630 -0.814514 -0.903307 0.031177 0.993508 0.109407 88.973839 0.817063 -0.088380 0.569734 0.543987 0.000000 0.000000 0.000000 1.000000
0.575686 0.071307 -0.814556 -0.909209 0.031175 0.993552 0.109010 88.980965 0.817076 -0.088149 0.569751 0.548579 0.000000 0.000000 0.000000 1.000000
0.575725 0.071143 -0.814543 -0.911762 0.031181 0.993572 0.108818 88.981636 0.817049 -0.088048 0.569806 0.550440 0.000000 0.000000 0.000000 1.000000</float_array>
        <technique_common>
          <accessor source="#mixamorig_Hips-Matrix-animation-output-transform-array" count="64" stride="16">
            <param type="float4x4"/>
          </accessor>
        </technique_common>
      </source>
      <source id="mixamorig_Hips-Interpolations">
        <Name_array id="mixamorig_Hips-Interpolations-array" count="64">
 LINEAR LINEAR LINEAR LINEAR LINEAR LINEAR LINEAR LINEAR LINEAR LINEAR LINEAR
LINEAR LINEAR LINEAR LINEAR LINEAR LINEAR LINEAR LINEAR LINEAR LINEAR LINEAR LINEAR
LINEAR LINEAR LINEAR LINEAR LINEAR LINEAR LINEAR LINEAR LINEAR LINEAR LINEAR LINEAR
LINEAR LINEAR LINEAR LINEAR LINEAR LINEAR LINEAR LINEAR LINEAR LINEAR LINEAR LINEAR
LINEAR LINEAR LINEAR LINEAR LINEAR LINEAR LINEAR LINEAR LINEAR LINEAR LINEAR LINEAR
LINEAR LINEAR LINEAR LINEAR LINEAR</Name_array>
        <technique_common>
          <accessor source="#mixamorig_Hips-Interpolations-array" count="64">
            <param type="name"/>
          </accessor>
        </technique_common>
      </source>
      <sampler id="mixamorig_Hips-Matrix-animation-transform">
        <input semantic="INPUT" source="#mixamorig_Hips-Matrix-animation-input"/>
        <input semantic="OUTPUT" source="#mixamorig_Hips-Matrix-animation-output-transform"/>
        <input semantic="INTERPOLATION" source="#mixamorig_Hips-Interpolations"/>
      </sampler>
      <channel source="#mixamorig_Hips-Matrix-animation-transform" target="mixamorig_Hips/matrix"/>
    </animation>
    <animation id="mixamorig_Spine-anim" name="mixamorig_Spine">
      <source id="mixamorig_Spine-Matrix-animation-input">
        <float_array id="mixamorig_Spine-Matrix-animation-input-array" count="64">

0.000000 0.033333 0.066667 0.100000 0.133333 0.166667 0.200000 0.233333 0.266667 0.300000 0.333333 0.366667 0.400000 0.433333 0.466667 0.500000
0.533333 0.566667 0.600000 0.633333 0.666667 0.700000 0.733333 0.766667 0.800000 0.833333 0.866667 0.900000 0.933333 0.966667 1.000000 1.033333
1.066667 1.100000 1.133333 1.166667 1.200000 1.233333 1.266667 1.300000 1.333333 1.366667 1.400000 1.433333 1.466667 1.500000 1.533333 1.566667
1.600000 1.633333 1.666667 1.700000 1.733333 1.766667 1.800000 1.833333 1.866667 1.900000 1.933333 1.966667 2.000000 2.033333 2.066667 2.100000</float_array>
        <technique_common>
          <accessor source="#mixamorig_Spine-Matrix-animation-input-array" count="64">
            <param name="TIME" type="float"/>
          </accessor>
        </technique_common>
      </source>
      <source id="mixamorig_Spine-Matrix-animation-output-transform">
        <float_array id="mixamorig_Spine-Matrix-animation-output-transform-array" count="1024">

0.999899 -0.012449 0.006909 0.000000 0.012481 0.999911 -0.004652 10.871300 -0.006851 0.004738 0.999965 -0.951400 0.000000 0.000000 0.000000 1.000000
0.999898 -0.012484 0.006874 0.000000 0.012518 0.999910 -0.004854 10.871300 -0.006813 0.004939 0.999965 -0.951400 0.000000 0.000000 0.000000 1.000000
0.999898 -0.012519 0.006826 -0.000000 0.012554 0.999908 -0.005160 10.871300 -0.006761 0.005246 0.999963 -0.951400 0.000000 0.000000 0.000000 1.000000
0.999898 -0.012560 0.006775 0.000000 0.012597 0.999905 -0.005570 10.871300 -0.006704 0.005654 0.999962 -0.951400 0.000000 0.000000 0.000000 1.000000
0.999898 -0.012601 0.006708 0.000000 0.012642 0.999902 -0.006096 10.871300 -0.006631 0.006180 0.999959 -0.951400 0.000000 0.000000 0.000000 1.000000
0.999898 -0.012641 0.006636 0.000000 0.012686 0.999897 -0.006648 10.871300 -0.006551 0.006731 0.999956 -0.951400 0.000000 0.000000 0.000000 1.000000
0.999898 -0.012679 0.006566 -0.000000 0.012727 0.999892 -0.007294 10.871300 -0.006472 0.007377 0.999952 -0.951400 0.000000 0.000000 0.000000 1.000000
0.999898 -0.012711 0.006495 -0.000000 0.012763 0.999886 -0.008055 10.871300 -0.006392 0.008137 0.999946 -0.951400 0.000000 0.000000 0.000000 1.000000
0.999898 -0.012747 0.006431 0.000000 0.012804 0.999878 -0.008908 10.871300 -0.006316 0.008989 0.999940 -0.951400 0.000000 0.000000 0.000000 1.000000
0.999897 -0.012790 0.006478 0.000000 0.012853 0.999870 -0.009751 10.871300 -0.006353 0.009833 0.999931 -0.951400 0.000000 0.000000 0.000000 1.000000
0.999896 -0.012835 0.006558 0.000000 0.012905 0.999859 -0.010711 10.871300 -0.006419 0.010794 0.999921 -0.951400 0.000000 0.000000 0.000000 1.000000
0.999895 -0.012878 0.006639 0.000000 0.012954 0.999848 -0.011675 10.871300 -0.006487 0.011760 0.999910 -0.951400 0.000000 0.000000 0.000000 1.000000
0.999894 -0.012905 0.006733 0.000000 0.012990 0.999835 -0.012730 10.871300 -0.006567 0.012817 0.999896 -0.951400 0.000000 0.000000 0.000000 1.000000
0.999895 -0.012804 0.006851 0.000000 0.012897 0.999821 -0.013842 10.871300 -0.006673 0.013929 0.999881 -0.951400 0.000000 0.000000 0.000000 1.000000
0.999895 -0.012694 0.006989 -0.000000 0.012798 0.999806 -0.014941 10.871300 -0.006798 0.015029 0.999864 -0.951400 0.000000 0.000000 0.000000 1.000000
0.999895 -0.012576 0.007155 0.000000 0.012690 0.999790 -0.016090 10.871300 -0.006952 0.016179 0.999845 -0.951400 0.000000 0.000000 0.000000 1.000000
0.999896 -0.012452 0.007320 0.000000 0.012578 0.999771 -0.017320 10.871300 -0.007103 0.017411 0.999823 -0.951400 0.000000 0.000000 0.000000 1.000000
0.999896 -0.012324 0.007494 0.000000 0.012461 0.999750 -0.018540 10.871300 -0.007264 0.018632 0.999800 -0.951400 0.000000 0.000000 0.000000 1.000000
0.999896 -0.012191 0.007677 0.000000 0.012340 0.999729 -0.019743 10.871300 -0.007435 0.019836 0.999776 -0.951400 0.000000 0.000000 0.000000 1.000000
0.999896 -0.012052 0.007861 0.000000 0.012215 0.999705 -0.020996 10.871300 -0.007606 0.021090 0.999749 -0.951400 0.000000 0.000000 0.000000 1.000000
0.999897 -0.011890 0.008095 -0.000000 0.012069 0.999676 -0.022397 10.871300 -0.007826 0.022493 0.999716 -0.951400 0.000000 0.000000 0.000000 1.000000
0.999896 -0.011696 0.008400 -0.000000 0.011895 0.999640 -0.024048 10.871300 -0.008116 0.024146 0.999676 -0.951400 0.000000 0.000000 0.000000 1.000000
0.999896 -0.011485 0.008732 -0.000000 0.011706 0.999599 -0.025781 10.871300 -0.008433 0.025880 0.999629 -0.951400 0.000000 0.000000 0.000000 1.000000
0.999895 -0.011265 0.009098 0.000000 0.011512 0.999554 -0.027560 10.871300 -0.008783 0.027662 0.999579 -0.951400 0.000000 0.000000 0.000000 1.000000
0.999894 -0.011044 0.009460 -0.000000 0.011317 0.999509 -0.029233 10.871300 -0.009132 0.029337 0.999528 -0.951400 0.000000 0.000000 0.000000 1.000000
0.999893 -0.010823 0.009852 -0.000000 0.011123 0.999460 -0.030928 10.871300 -0.009512 0.031035 0.999473 -0.951400 0.000000 0.000000 0.000000 1.000000
0.999891 -0.010599 0.010264 0.000000 0.010928 0.999409 -0.032583 10.871300 -0.009913 0.032692 0.999416 -0.951400 0.000000 0.000000 0.000000 1.000000
0.999889 -0.010381 0.010655 0.000000 0.010739 0.999359 -0.034142 10.871300 -0.010294 0.034253 0.999360 -0.951400 0.000000 0.000000 0.000000 1.000000
0.999887 -0.010170 0.011056 0.000000 0.010559 0.999309 -0.035632 10.871300 -0.010686 0.035745 0.999304 -0.951400 0.000000 0.000000 0.000000 1.000000
0.999885 -0.009965 0.011465 -0.000000 0.010383 0.999260 -0.037024 10.871300 -0.011087 0.037138 0.999249 -0.951400 0.000000 0.000000 0.000000 1.000000
0.999882 -0.009766 0.011857 0.000000 0.010213 0.999214 -0.038305 10.871300 -0.011474 0.038422 0.999196 -0.951400 0.000000 0.000000 0.000000 1.000000
0.999879 -0.009583 0.012222 0.000000 0.010059 0.999170 -0.039462 10.871300 -0.011834 0.039580 0.999146 -0.951400 0.000000 0.000000 0.000000 1.000000
0.999876 -0.009430 0.012587 -0.000000 0.009932 0.999131 -0.040484 10.871300 -0.012194 0.040604 0.999101 -0.951400 0.000000 0.000000 0.000000 1.000000
0.999873 -0.009301 0.012931 -0.000000 0.009829 0.999095 -0.041384 10.871300 -0.012535 0.041506 0.999060 -0.951400 0.000000 0.000000 0.000000 1.000000
0.999870 -0.009192 0.013248 -0.000000 0.009743 0.999065 -0.042118 10.871300 -0.012849 0.042242 0.999025 -0.951400 0.000000 0.000000 0.000000 1.000000
0.999867 -0.009092 0.013529 0.000000 0.009662 0.999042 -0.042682 10.871300 -0.013128 0.042807 0.998997 -0.951400 0.000000 0.000000 0.000000 1.000000
0.999865 -0.009005 0.013745 0.000000 0.009589 0.999028 -0.043036 10.871300 -0.013344 0.043162 0.998979 -0.951400 0.000000 0.000000 0.000000 1.000000
0.999863 -0.008932 0.013937 0.000000 0.009526 0.999022 -0.043185 10.871300 -0.013538 0.043312 0.998970 -0.951400 0.000000 0.000000 0.000000 1.000000
0.999862 -0.008873 0.014071 0.000000 0.009472 0.999026 -0.043098 10.871300 -0.013675 0.043225 0.998972 -0.951400 0.000000 0.000000 0.000000 1.000000
0.999860 -0.008833 0.014190 -0.000000 0.009433 0.999040 -0.042770 10.871300 -0.013799 0.042898 0.998984 -0.951400 0.000000 0.000000 0.000000 1.000000
0.999859 -0.008829 0.014286 0.000000 0.009425 0.999064 -0.042225 10.871300 -0.013900 0.042354 0.999006 -0.951400 0.000000 0.000000 0.000000 1.000000
0.999858 -0.008869 0.014321 0.000000 0.009456 0.999094 -0.041498 10.871300 -0.013940 0.041627 0.999036 -0.951400 0.000000 0.000000 0.000000 1.000000
0.999858 -0.008942 0.014285 0.000000 0.009515 0.999133 -0.040522 10.871300 -0.013911 0.040652 0.999077 -0.951400 0.000000 0.000000 0.000000 1.000000
0.999859 -0.009028 0.014186 -0.000000 0.009581 0.999177 -0.039410 10.871300 -0.013818 0.039540 0.999122 -0.951400 0.000000 0.000000 0.000000 1.000000
0.999860 -0.009123 0.014047 0.000000 0.009654 0.999222 -0.038230 10.871300 -0.013688 0.038360 0.999170 -0.951400 0.000000 0.000000 0.000000 1.000000
0.999861 -0.009248 0.013873 0.000000 0.009754 0.999272 -0.036870 10.871300 -0.013522 0.037000 0.999224 -0.951400 0.000000 0.000000 0.000000 1.000000
0.999863 -0.009413 0.013619 -0.000000 0.009887 0.999331 -0.035205 10.871300 -0.013279 0.035335 0.999287 -0.951400 0.000000 0.000000 0.000000 1.000000
0.999865 -0.009620 0.013306 0.000000 0.010058 0.999397 -0.033238 10.871300 -0.012979 0.033367 0.999359 -0.951400 0.000000 0.000000 0.000000 1.000000
0.999868 -0.009851 0.012945 0.000000 0.010250 0.999464 -0.031094 10.871300 -0.012632 0.031222 0.999433 -0.951400 0.000000 0.000000 0.000000 1.000000
0.999870 -0.010097 0.012536 0.000000 0.010455 0.999528 -0.028873 10.871300 -0.012238 0.029000 0.999504 -0.951400 0.000000 0.000000 0.000000 1.000000
0.999873 -0.010353 0.012088 0.000000 0.010672 0.999589 -0.026612 10.871300 -0.011808 0.026738 0.999573 -0.951400 0.000000 0.000000 0.000000 1.000000
0.999876 -0.010619 0.011628 -0.000000 0.010899 0.999645 -0.024306 10.871300 -0.011365 0.024430 0.999637 -0.951400 0.000000 0.000000 0.000000 1.000000
0.999878 -0.010894 0.011150 0.000000 0.011137 0.999697 -0.021952 10.871300 -0.010908 0.022073 0.999697 -0.951400 0.000000 0.000000 0.000000 1.000000
0.999881 -0.011169 0.010660 0.000000 0.011378 0.999741 -0.019690 10.871300 -0.010437 0.019809 0.999749 -0.951400 0.000000 0.000000 0.000000 1.000000
0.999883 -0.011443 0.010167 -0.000000 0.011619 0.999780 -0.017448 10.871300 -0.009965 0.017564 0.999796 -0.951400 0.000000 0.000000 0.000000 1.000000
0.999885 -0.011712 0.009674 0.000000 0.011859 0.999813 -0.015291 10.871300 -0.009493 0.015404 0.999836 -0.951400 0.000000 0.000000 0.000000 1.000000
0.999886 -0.011978 0.009183 0.000000 0.012099 0.999840 -0.013198 10.871300 -0.009023 0.013308 0.999871 -0.951400 0.000000 0.000000 0.000000 1.000000
0.999887 -0.012234 0.008720 0.000000 0.012333 0.999860 -0.011322 10.871300 -0.008580 0.011428 0.999898 -0.951400 0.000000 0.000000 0.000000 1.000000
0.999888 -0.012463 0.008277 0.000000 0.012542 0.999875 -0.009602 10.871300 -0.008156 0.009705 0.999920 -0.951400 0.000000 0.000000 0.000000 1.000000
0.999889 -0.012645 0.007868 -0.000000 0.012709 0.999887 -0.008052 10.871300 -0.007765 0.008151 0.999937 -0.951400 0.000000 0.000000 0.000000 1.000000
0.999890 -0.012779 0.007488 -0.000000 0.012830 0.999895 -0.006794 10.871300 -0.007400 0.006889 0.999949 -0.951400 0.000000 0.000000 0.000000 1.000000
0.999891 -0.012888 0.007150 0.000000 0.012929 0.999900 -0.005757 10.871300 -0.007075 0.005848 0.999958 -0.951400 0.000000 0.000000 0.000000 1.000000
0.999891 -0.012950 0.007051 0.000000 0.012986 0.999903 -0.005038 10.871300 -0.006985 0.005129 0.999962 -0.951400 0.000000 0.000000 0.000000 1.000000
0.999896 -0.012680 0.006942 -0.000000 0.012713 0.999908 -0.004686 10.871300 -0.006882 0.004774 0.999965 -0.951400 0.000000 0.000000 0.000000 1.000000</float_array>
        <technique_common>
          <accessor source="#mixamorig_Spine-Matrix-animation-output-transform-array" count="64" stride="16">
            <param type="float4x4"/>
          </accessor>
        </technique_common>
      </source>
      <source id="mixamorig_Spine-Interpolations">
        <Name_array id="mixamorig_Spine-Interpolations-array" count="64">
 LINEAR LINEAR LINEAR LINEAR LINEAR LINEAR LINEAR LINEAR LINEAR LINEAR LINEAR
LINEAR LINEAR LINEAR LINEAR LINEAR LINEAR LINEAR LINEAR LINEAR LINEAR LINEAR LINEAR
LINEAR LINEAR LINEAR LINEAR LINEAR LINEAR LINEAR LINEAR LINEAR LINEAR LINEAR LINEAR
LINEAR LINEAR LINEAR LINEAR LINEAR LINEAR LINEAR LINEAR LINEAR LINEAR LINEAR LINEAR
LINEAR LINEAR LINEAR LINEAR LINEAR LINEAR LINEAR LINEAR LINEAR LINEAR LINEAR LINEAR
LINEAR LINEAR LINEAR LINEAR LINEAR</Name_array>
        <technique_common>
          <accessor source="#mixamorig_Spine-Interpolations-array" count="64">
            <param type="name"/>
          </accessor>
        </technique_common>
      </source>
      <sampler id="mixamorig_Spine-Matrix-animation-transform">
        <input semantic="INPUT" source="#mixamorig_Spine-Matrix-animation-input"/>
        <input semantic="OUTPUT" source="#mixamorig_Spine-Matrix-animation-output-transform"/>
        <input semantic="INTERPOLATION" source="#mixamorig_Spine-Interpolations"/>
      </sampler>
      <channel source="#mixamorig_Spine-Matrix-animation-transform" target="mixamorig_Spine/matrix"/>
    </animation>
    <animation id="mixamorig_Spine1-anim" name="mixamorig_Spine1">
      <source id="mixamorig_Spine1-Matrix-animation-input">
        <float_array id="mixamorig_Spine1-Matrix-animation-input-array" count="64">

0.000000 0.033333 0.066667 0.100000 0.133333 0.166667 0.200000 0.233333 0.266667 0.300000 0.333333 0.366667 0.400000 0.433333 0.466667 0.500000
0.533333 0.566667 0.600000 0.633333 0.666667 0.700000 0.733333 0.766667 0.800000 0.833333 0.866667 0.900000 0.933333 0.966667 1.000000 1.033333
1.066667 1.100000 1.133333 1.166667 1.200000 1.233333 1.266667 1.300000 1.333333 1.366667 1.400000 1.433333 1.466667 1.500000 1.533333 1.566667
1.600000 1.633333 1.666667 1.700000 1.733333 1.766667 1.800000 1.833333 1.866667 1.900000 1.933333 1.966667 2.000000 2.033333 2.066667 2.100000</float_array>
        <technique_common>
          <accessor source="#mixamorig_Spine1-Matrix-animation-input-array" count="64">
            <param name="TIME" type="float"/>
          </accessor>
        </technique_common>
      </source>
      <source id="mixamorig_Spine1-Matrix-animation-output-transform">
        <float_array id="mixamorig_Spine1-Matrix-animation-output-transform-array" count="1024">

0.999795 -0.006913 0.019024 0.000000 0.008512 0.996321 -0.085282 12.731600 -0.018365 0.085426 0.996175 -0.000000 0.000000 0.000000 0.000000 1.000000
0.999798 -0.006701 0.018956 -0.000000 0.008289 0.996347 -0.084991 12.731600 -0.018317 0.085131 0.996201 0.000000 0.000000 0.000000 0.000000 1.000000
0.999801 -0.006525 0.018864 -0.000000 0.008101 0.996372 -0.084723 12.731600 -0.018243 0.084859 0.996226 0.000000 0.000000 0.000000 0.000000 1.000000
0.999803 -0.006399 0.018763 0.000000 0.007963 0.996391 -0.084508 12.731600 -0.018154 0.084641 0.996246 0.000000 0.000000 0.000000 0.000000 1.000000
0.999806 -0.006334 0.018631 0.000000 0.007884 0.996405 -0.084348 12.731600 -0.018030 0.084479 0.996262 0.000000 0.000000 0.000000 0.000000 1.000000
0.999809 -0.006313 0.018490 -0.000000 0.007851 0.996406 -0.084343 12.731600 -0.017891 0.084473 0.996265 0.000000 0.000000 0.000000 0.000000 1.000000
0.999812 -0.006318 0.018353 0.000000 0.007846 0.996403 -0.084375 12.731600 -0.017753 0.084503 0.996265 -0.000000 0.000000 0.000000 0.000000 1.000000
0.999814 -0.006360 0.018215 0.000000 0.007876 0.996400 -0.084407 12.731600 -0.017612 0.084535 0.996265 0.000000 0.000000 0.000000 0.000000 1.000000
0.999816 -0.006452 0.018086 -0.000000 0.007958 0.996394 -0.084469 12.731600 -0.017476 0.084597 0.996262 0.000000 0.000000 0.000000 0.000000 1.000000
0.999818 -0.006603 0.017926 0.000000 0.008099 0.996372 -0.084721 12.731600 -0.017301 0.084851 0.996243 -0.000000 0.000000 0.000000 0.000000 1.000000
0.999818 -0.006804 0.017804 0.000000 0.008293 0.996353 -0.084926 12.731600 -0.017162 0.085058 0.996228 0.000000 0.000000 0.000000 0.000000 1.000000
0.999819 -0.007044 0.017656 0.000000 0.008525 0.996321 -0.085270 12.731600 -0.016990 0.085405 0.996201 0.000000 0.000000 0.000000 0.000000 1.000000
0.999818 -0.007305 0.017620 0.000000 0.008788 0.996290 -0.085608 12.731600 -0.016930 0.085747 0.996173 0.000000 0.000000 0.000000 0.000000 1.000000
0.999816 -0.007598 0.017624 -0.000000 0.009087 0.996256 -0.085972 12.731600 -0.016905 0.086117 0.996142 0.000000 0.000000 0.000000 0.000000 1.000000
0.999813 -0.007924 0.017648 0.000000 0.009421 0.996211 -0.086461 12.731600 -0.016896 0.086611 0.996099 0.000000 0.000000 0.000000 0.000000 1.000000
0.999809 -0.008282 0.017721 0.000000 0.009793 0.996162 -0.086974 12.731600 -0.016932 0.087131 0.996053 0.000000 0.000000 0.000000 0.000000 1.000000
0.999804 -0.008664 0.017777 0.000000 0.010188 0.996115 -0.087475 12.731600 -0.016950 0.087639 0.996008 0.000000 0.000000 0.000000 0.000000 1.000000
0.999800 -0.009067 0.017848 0.000000 0.010605 0.996060 -0.088048 12.731600 -0.016979 0.088220 0.995956 0.000000 0.000000 0.000000 0.000000 1.000000
0.999794 -0.009482 0.017943 0.000000 0.011038 0.996001 -0.088659 12.731600 -0.017030 0.088839 0.995900 0.000000 0.000000 0.000000 0.000000 1.000000
0.999788 -0.009919 0.018033 0.000000 0.011491 0.995940 -0.089286 12.731600 -0.017074 0.089475 0.995843 0.000000 0.000000 0.000000 0.000000 1.000000
0.999780 -0.010427 0.018194 0.000000 0.012024 0.995868 -0.090014 12.731600 -0.017180 0.090213 0.995774 -0.000000 0.000000 0.000000 0.000000 1.000000
0.999769 -0.011034 0.018440 -0.000000 0.012665 0.995787 -0.090817 12.731600 -0.017360 0.091030 0.995697 0.000000 0.000000 0.000000 0.000000 1.000000
0.999757 -0.011705 0.018705 0.000000 0.013375 0.995686 -0.091822 12.731600 -0.017549 0.092050 0.995600 -0.000000 0.000000 0.000000 0.000000 1.000000
0.999742 -0.012397 0.019040 0.000000 0.014112 0.995586 -0.092787 12.731600 -0.017805 0.093032 0.995504 0.000000 0.000000 0.000000 0.000000 1.000000
0.999727 -0.013089 0.019380 0.000000 0.014853 0.995475 -0.093860 12.731600 -0.018064 0.094122 0.995397 -0.000000 0.000000 0.000000 0.000000 1.000000
0.999709 -0.013780 0.019789 -0.000000 0.015598 0.995371 -0.094828 12.731600 -0.018391 0.095109 0.995297 0.000000 0.000000 0.000000 0.000000 1.000000
0.999690 -0.014474 0.020248 0.000000 0.016350 0.995267 -0.095794 12.731600 -0.018765 0.096096 0.995195 0.000000 0.000000 0.000000 0.000000 1.000000
0.999671 -0.015156 0.020681 0.000000 0.017090 0.995154 -0.096827 12.731600 -0.019113 0.097149 0.995086 -0.000000 0.000000 0.000000 0.000000 1.000000
0.999651 -0.015823 0.021154 0.000000 0.017819 0.995046 -0.097806 12.731600 -0.019502 0.098149 0.994981 -0.000000 0.000000 0.000000 0.000000 1.000000
0.999630 -0.016472 0.021668 0.000000 0.018536 0.994939 -0.098759 12.731600 -0.019931 0.099124 0.994876 -0.000000 0.000000 0.000000 0.000000 1.000000
0.999608 -0.017093 0.022163 -0.000000 0.019222 0.994833 -0.099689 12.731600 -0.020345 0.100076 0.994772 0.000000 0.000000 0.000000 0.000000 1.000000
0.999587 -0.017681 0.022642 0.000000 0.019874 0.994729 -0.100592 12.731600 -0.020744 0.101000 0.994670 -0.000000 0.000000 0.000000 0.000000 1.000000
0.999566 -0.018234 0.023145 -0.000000 0.020493 0.994631 -0.101435 12.731600 -0.021171 0.101865 0.994573 0.000000 0.000000 0.000000 0.000000 1.000000
0.999545 -0.018746 0.023641 0.000000 0.021069 0.994542 -0.102185 12.731600 -0.021596 0.102637 0.994484 0.000000 0.000000 0.000000 0.000000 1.000000
0.999525 -0.019207 0.024119 0.000000 0.021592 0.994461 -0.102865 12.731600 -0.022010 0.103336 0.994403 0.000000 0.000000 0.000000 0.000000 1.000000
0.999505 -0.019612 0.024584 0.000000 0.022056 0.994388 -0.103470 12.731600 -0.022416 0.103961 0.994329 -0.000000 0.000000 0.000000 0.000000 1.000000
0.999488 -0.019955 0.024993 -0.000000 0.022453 0.994322 -0.104017 12.731600 -0.022776 0.104525 0.994261 0.000000 0.000000 0.000000 0.000000 1.000000
0.999472 -0.020238 0.025406 0.000000 0.022787 0.994271 -0.104434 12.731600 -0.023147 0.104958 0.994207 0.000000 0.000000 0.000000 0.000000 1.000000
0.999461 -0.020446 0.025697 0.000000 0.023033 0.994228 -0.104788 12.731600 -0.023407 0.105324 0.994163 -0.000000 0.000000 0.000000 0.000000 1.000000
0.999451 -0.020580 0.025964 -0.000000 0.023201 0.994197 -0.105045 12.731600 -0.023651 0.105589 0.994129 0.000000 0.000000 0.000000 0.000000 1.000000
0.999444 -0.020627 0.026213 -0.000000 0.023277 0.994184 -0.105147 12.731600 -0.023892 0.105698 0.994111 0.000000 0.000000 0.000000 0.000000 1.000000
0.999439 -0.020576 0.026431 0.000000 0.023246 0.994197 -0.105031 12.731600 -0.024116 0.105586 0.994118 0.000000 0.000000 0.000000 0.000000 1.000000
0.999438 -0.020430 0.026595 -0.000000 0.023113 0.994218 -0.104859 12.731600 -0.024299 0.105415 0.994131 -0.000000 0.000000 0.000000 0.000000 1.000000
0.999439 -0.020218 0.026697 -0.000000 0.022908 0.994247 -0.104633 12.731600 -0.024427 0.105186 0.994152 0.000000 0.000000 0.000000 0.000000 1.000000
0.999443 -0.019960 0.026741 -0.000000 0.022648 0.994288 -0.104299 12.731600 -0.024506 0.104846 0.994186 -0.000000 0.000000 0.000000 0.000000 1.000000
0.999450 -0.019628 0.026731 0.000000 0.022304 0.994345 -0.103832 12.731600 -0.024542 0.104371 0.994236 -0.000000 0.000000 0.000000 0.000000 1.000000
0.999462 -0.019177 0.026607 0.000000 0.021828 0.994420 -0.103209 12.731600 -0.024479 0.103734 0.994304 0.000000 0.000000 0.000000 0.000000 1.000000
0.999478 -0.018606 0.026407 -0.000000 0.021219 0.994517 -0.102403 12.731600 -0.024357 0.102910 0.994392 0.000000 0.000000 0.000000 0.000000 1.000000
0.999497 -0.017948 0.026144 0.000000 0.020515 0.994628 -0.101465 12.731600 -0.024183 0.101950 0.994496 -0.000000 0.000000 0.000000 0.000000 1.000000
0.999518 -0.017233 0.025824 -0.000000 0.019745 0.994748 -0.100433 12.731600 -0.023958 0.100894 0.994609 0.000000 0.000000 0.000000 0.000000 1.000000
0.999541 -0.016468 0.025422 0.000000 0.018917 0.994875 -0.099325 12.731600 -0.023657 0.099760 0.994730 0.000000 0.000000 0.000000 0.000000 1.000000
0.999565 -0.015667 0.024990 -0.000000 0.018050 0.995007 -0.098161 12.731600 -0.023327 0.098569 0.994857 0.000000 0.000000 0.000000 0.000000 1.000000
0.999589 -0.014836 0.024530 -0.000000 0.017150 0.995137 -0.097000 12.731600 -0.022971 0.097380 0.994982 0.000000 0.000000 0.000000 0.000000 1.000000
0.999613 -0.013986 0.024031 0.000000 0.016227 0.995277 -0.095709 12.731600 -0.022579 0.096062 0.995119 0.000000 0.000000 0.000000 0.000000 1.000000
0.999637 -0.013132 0.023507 0.000000 0.015297 0.995411 -0.094458 12.731600 -0.022159 0.094783 0.995251 0.000000 0.000000 0.000000 0.000000 1.000000
0.999661 -0.012280 0.022973 0.000000 0.014371 0.995543 -0.093206 12.731600 -0.021726 0.093504 0.995382 -0.000000 0.000000 0.000000 0.000000 1.000000
0.999683 -0.011442 0.022412 0.000000 0.013460 0.995663 -0.092059 12.731600 -0.021261 0.092332 0.995501 0.000000 0.000000 0.000000 0.000000 1.000000
0.999704 -0.010631 0.021879 -0.000000 0.012577 0.995787 -0.090829 12.731600 -0.020821 0.091077 0.995626 0.000000 0.000000 0.000000 0.000000 1.000000
0.999724 -0.009859 0.021345 0.000000 0.011736 0.995901 -0.089680 12.731600 -0.020373 0.089906 0.995742 0.000000 0.000000 0.000000 0.000000 1.000000
0.999741 -0.009132 0.020822 0.000000 0.010944 0.996004 -0.088631 12.731600 -0.019930 0.088836 0.995847 0.000000 0.000000 0.000000 0.000000 1.000000
0.999758 -0.008462 0.020305 0.000000 0.010210 0.996104 -0.087592 12.731600 -0.019484 0.087778 0.995950 0.000000 0.000000 0.000000 0.000000 1.000000
0.999772 -0.007868 0.019829 0.000000 0.009560 0.996185 -0.086741 12.731600 -0.019071 0.086911 0.996034 -0.000000 0.000000 0.000000 0.000000 1.000000
0.999785 -0.007356 0.019402 0.000000 0.008998 0.996260 -0.085934 12.731600 -0.018697 0.086090 0.996112 0.000000 0.000000 0.000000 0.000000 1.000000
0.999796 -0.006920 0.018989 -0.000000 0.008515 0.996322 -0.085267 12.731600 -0.018329 0.085411 0.996177 0.000000 0.000000 0.000000 0.000000 1.000000</float_array>
        <technique_common>
          <accessor source="#mixamorig_Spine1-Matrix-animation-output-transform-array" count="64" stride="16">
            <param type="float4x4"/>
          </accessor>
        </technique_common>
      </source>
      <source id="mixamorig_Spine1-Interpolations">
        <Name_array id="mixamorig_Spine1-Interpolations-array" count="64">
 LINEAR LINEAR LINEAR LINEAR LINEAR LINEAR LINEAR LINEAR LINEAR LINEAR LINEAR
LINEAR LINEAR LINEAR LINEAR LINEAR LINEAR LINEAR LINEAR LINEAR LINEAR LINEAR LINEAR
LINEAR LINEAR LINEAR LINEAR LINEAR LINEAR LINEAR LINEAR LINEAR LINEAR LINEAR LINEAR
LINEAR LINEAR LINEAR LINEAR LINEAR LINEAR LINEAR LINEAR LINEAR LINEAR LINEAR LINEAR
LINEAR LINEAR LINEAR LINEAR LINEAR LINEAR LINEAR LINEAR LINEAR LINEAR LINEAR LINEAR
LINEAR LINEAR LINEAR LINEAR LINEAR</Name_array>
        <technique_common>
          <accessor source="#mixamorig_Spine1-Interpolations-array" count="64">
            <param type="name"/>
          </accessor>
        </technique_common>
      </source>
      <sampler id="mixamorig_Spine1-Matrix-animation-transform">
        <input semantic="INPUT" source="#mixamorig_Spine1-Matrix-animation-input"/>
        <input semantic="OUTPUT" source="#mixamorig_Spine1-Matrix-animation-output-transform"/>
        <input semantic="INTERPOLATION" source="#mixamorig_Spine1-Interpolations"/>
      </sampler>
      <channel source="#mixamorig_Spine1-Matrix-animation-transform" target="mixamorig_Spine1/matrix"/>
    </animation>
    <animation id="mixamorig_Spine2-anim" name="mixamorig_Spine2">
      <source id="mixamorig_Spine2-Matrix-animation-input">
        <float_array id="mixamorig_Spine2-Matrix-animation-input-array" count="64">

0.000000 0.033333 0.066667 0.100000 0.133333 0.166667 0.200000 0.233333 0.266667 0.300000 0.333333 0.366667 0.400000 0.433333 0.466667 0.500000
0.533333 0.566667 0.600000 0.633333 0.666667 0.700000 0.733333 0.766667 0.800000 0.833333 0.866667 0.900000 0.933333 0.966667 1.000000 1.033333
1.066667 1.100000 1.133333 1.166667 1.200000 1.233333 1.266667 1.300000 1.333333 1.366667 1.400000 1.433333 1.466667 1.500000 1.533333 1.566667
1.600000 1.633333 1.666667 1.700000 1.733333 1.766667 1.800000 1.833333 1.866667 1.900000 1.933333 1.966667 2.000000 2.033333 2.066667 2.100000</float_array>
        <technique_common>
          <accessor source="#mixamorig_Spine2-Matrix-animation-input-array" count="64">
            <param name="TIME" type="float"/>
          </accessor>
        </technique_common>
      </source>
      <source id="mixamorig_Spine2-Matrix-animation-output-transform">
        <float_array id="mixamorig_Spine2-Matrix-animation-output-transform-array" count="1024">

0.999836 -0.002153 0.017971 0.000000 0.004769 0.989152 -0.146818 14.550400 -0.017460 0.146880 0.989000 0.000000 0.000000 0.000000 0.000000 1.000000
0.999842 -0.002486 0.017603 0.000000 0.005028 0.989293 -0.145856 14.550400 -0.017052 0.145921 0.989149 0.000000 0.000000 0.000000 0.000000 1.000000
0.999847 -0.002796 0.017240 0.000000 0.005267 0.989423 -0.144963 14.550400 -0.016652 0.145032 0.989287 0.000000 0.000000 0.000000 0.000000 1.000000
0.999853 -0.003068 0.016897 0.000000 0.005473 0.989537 -0.144178 14.550400 -0.016278 0.144249 0.989407 0.000000 0.000000 0.000000 0.000000 1.000000
0.999857 -0.003302 0.016561 -0.000000 0.005645 0.989634 -0.143504 14.550400 -0.015916 0.143577 0.989511 -0.000000 0.000000 0.000000 0.000000 1.000000
0.999862 -0.003487 0.016266 0.000000 0.005779 0.989699 -0.143046 14.550400 -0.015600 0.143120 0.989582 0.000000 0.000000 0.000000 0.000000 1.000000
0.999865 -0.003604 0.016033 -0.000000 0.005856 0.989748 -0.142704 14.550400 -0.015355 0.142778 0.989636 0.000000 0.000000 0.000000 0.000000 1.000000
0.999868 -0.003671 0.015854 0.000000 0.005893 0.989785 -0.142447 14.550400 -0.015169 0.142522 0.989675 0.000000 0.000000 0.000000 0.000000 1.000000
0.999870 -0.003703 0.015707 0.000000 0.005901 0.989805 -0.142305 14.550400 -0.015020 0.142379 0.989698 0.000000 0.000000 0.000000 0.000000 1.000000
0.999872 -0.003719 0.015550 0.000000 0.005896 0.989786 -0.142438 14.550400 -0.014861 0.142512 0.989682 0.000000 0.000000 0.000000 0.000000 1.000000
0.999874 -0.003698 0.015453 0.000000 0.005865 0.989760 -0.142618 14.550400 -0.014767 0.142691 0.989657 0.000000 0.000000 0.000000 0.000000 1.000000
