<?xml version="1.0" encoding="utf-8"?>
<COLLADA xmlns="http://www.collada.org/2005/11/COLLADASchema" version="1.4.1">
  <asset>
    <contributor>
      <author>Mixamo</author>
      <authoring_tool>COLLADA Mixamo exporter</authoring_tool>
      <comments/>
    </contributor>
    <created>2025-03-24T19:52:29Z</created>
    <modified>2025-03-24T19:52:29Z</modified>
    <revision/>
    <title/>
    <unit meter="0.010000"/>
    <up_axis>Y_UP</up_axis>
  </asset>
  <library_animations>
    <animation id="mixamorig9_Hips-anim" name="mixamorig9_Hips">
      <source id="mixamorig9_Hips-Matrix-animation-input">
        <float_array id="mixamorig9_Hips-Matrix-animation-input-array" count="251">

0.000000 0.033333 0.066667 0.100000 0.133333 0.166667 0.200000 0.233333 0.266667 0.300000 0.333333 0.366667 0.400000 0.433333 0.466667 0.500000
0.533333 0.566667 0.600000 0.633333 0.666667 0.700000 0.733333 0.766667 0.800000 0.833333 0.866667 0.900000 0.933333 0.966667 1.000000 1.033333
1.066667 1.100000 1.133333 1.166667 1.200000 1.233333 1.266667 1.300000 1.333333 1.366667 1.400000 1.433333 1.466667 1.500000 1.533333 1.566667
1.600000 1.633333 1.666667 1.700000 1.733333 1.766667 1.800000 1.833333 1.866667 1.900000 1.933333 1.966667 2.000000 2.033333 2.066667 2.100000
2.133333 2.166667 2.200000 2.233333 2.266667 2.300000 2.333333 2.366667 2.400000 2.433333 2.466667 2.500000 2.533333 2.566667 2.600000 2.633333
2.666667 2.700000 2.733333 2.766667 2.800000 2.833333 2.866667 2.900000 2.933333 2.966667 3.000000 3.033333 3.066667 3.100000 3.133333 3.166667
3.200000 3.233333 3.266667 3.300000 3.333333 3.366667 3.400000 3.433333 3.466667 3.500000 3.533333 3.566667 3.600000 3.633333 3.666667 3.700000
3.733333 3.766667 3.800000 3.833333 3.866667 3.900000 3.933333 3.966667 4.000000 4.033333 4.066667 4.100000 4.133333 4.166667 4.200000 4.233333
4.266667 4.300000 4.333333 4.366667 4.400000 4.433333 4.466667 4.500000 4.533333 4.566667 4.600000 4.633333 4.666667 4.700000 4.733333 4.766667
4.800000 4.833333 4.866667 4.900000 4.933333 4.966667 5.000000 5.033333 5.066667 5.100000 5.133333 5.166667 5.200000 5.233333 5.266667 5.300000
5.333333 5.366667 5.400000 5.433333 5.466667 5.500000 5.533333 5.566667 5.600000 5.633333 5.666667 5.700000 5.733333 5.766667 5.800000 5.833333
5.866667 5.900000 5.933333 5.966667 6.000000 6.033333 6.066667 6.100000 6.133333 6.166667 6.200000 6.233333 6.266667 6.300000 6.333333 6.366667
6.400000 6.433333 6.466667 6.500000 6.533333 6.566667 6.600000 6.633333 6.666667 6.700000 6.733333 6.766667 6.800000 6.833333 6.866667 6.900000
6.933333 6.966667 7.000000 7.033333 7.066667 7.100000 7.133333 7.166667 7.200000 7.233333 7.266667 7.300000 7.333333 7.366667 7.400000 7.433333
7.466667 7.500000 7.533333 7.566667 7.600000 7.633333 7.666667 7.700000 7.733333 7.766667 7.800000 7.833333 7.866667 7.900000 7.933333 7.966667
8.000000 8.033333 8.066667 8.100000 8.133333 8.166667 8.200000 8.233333 8.266667 8.300000 8.333333</float_array>
        <technique_common>
          <accessor source="#mixamorig9_Hips-Matrix-animation-input-array" count="251">
            <param name="TIME" type="float"/>
          </accessor>
        </technique_common>
      </source>
      <source id="mixamorig9_Hips-Matrix-animation-output-transform">
        <float_array id="mixamorig9_Hips-Matrix-animation-output-transform-array" count="4016">

0.994086 0.059103 -0.091102 0.146198 -0.053269 0.996450 0.065195 95.530991 0.094632 -0.059957 0.993705 -0.266520 0.000000 0.000000 0.000000 1.000000
0.994088 0.059101 -0.091081 0.147012 -0.053297 0.996468 0.064887 95.531723 0.094594 -0.059649 0.993727 -0.264866 0.000000 0.000000 0.000000 1.000000
0.994075 0.059088 -0.091234 0.147991 -0.053297 0.996483 0.064659 95.532928 0.094734 -0.059413 0.993728 -0.259945 0.000000 0.000000 0.000000 1.000000
0.994057 0.059058 -0.091454 0.149632 -0.053270 0.996496 0.064486 95.534569 0.094942 -0.059231 0.993719 -0.252666 0.000000 0.000000 0.000000 1.000000
0.994024 0.059059 -0.091805 0.151335 -0.053259 0.996502 0.064396 95.536682 0.095287 -0.059121 0.993693 -0.244118 0.000000 0.000000 0.000000 1.000000
0.993969 0.059087 -0.092381 0.152672 -0.053257 0.996505 0.064354 95.538857 0.095861 -0.059046 0.993642 -0.235168 0.000000 0.000000 0.000000 1.000000
0.993898 0.059113 -0.093126 0.153944 -0.053246 0.996511 0.064274 95.540596 0.096600 -0.058924 0.993578 -0.226488 0.000000 0.000000 0.000000 1.000000
0.993825 0.059143 -0.093884 0.155356 -0.053242 0.996518 0.064159 95.541428 0.097352 -0.058765 0.993514 -0.218265 0.000000 0.000000 0.000000 1.000000
0.993753 0.059204 -0.094608 0.156611 -0.053266 0.996521 0.064103 95.541504 0.098074 -0.058663 0.993449 -0.210129 0.000000 0.000000 0.000000 1.000000
0.993677 0.059295 -0.095339 0.157831 -0.053315 0.996518 0.064103 95.542252 0.098808 -0.058615 0.993379 -0.201569 0.000000 0.000000 0.000000 1.000000
0.993601 0.059396 -0.096068 0.159497 -0.053380 0.996520 0.064022 95.544312 0.099537 -0.058484 0.993314 -0.192745 0.000000 0.000000 0.000000 1.000000
0.993528 0.059477 -0.096775 0.161561 -0.053444 0.996532 0.063783 95.546600 0.100233 -0.058199 0.993260 -0.184155 0.000000 0.000000 0.000000 1.000000
0.993458 0.059531 -0.097451 0.163260 -0.053490 0.996549 0.063470 95.547554 0.100893 -0.057843 0.993214 -0.176023 0.000000 0.000000 0.000000 1.000000
0.993396 0.059590 -0.098051 0.164027 -0.053542 0.996564 0.063197 95.547157 0.101480 -0.057530 0.993173 -0.168390 0.000000 0.000000 0.000000 1.000000
0.993339 0.059695 -0.098563 0.163275 -0.053637 0.996571 0.063005 95.546394 0.101986 -0.057299 0.993134 -0.161145 0.000000 0.000000 0.000000 1.000000
0.993282 0.059859 -0.099038 0.160004 -0.053789 0.996571 0.062866 95.545837 0.102461 -0.057117 0.993096 -0.154514 0.000000 0.000000 0.000000 1.000000
0.993229 0.060052 -0.099445 0.153929 -0.053978 0.996573 0.062680 95.544998 0.102869 -0.056888 0.993067 -0.148826 0.000000 0.000000 0.000000 1.000000
0.993196 0.060212 -0.099680 0.146214 -0.054159 0.996583 0.062357 95.543610 0.103094 -0.056534 0.993064 -0.143400 0.000000 0.000000 0.000000 1.000000
0.993181 0.060318 -0.099765 0.138329 -0.054304 0.996602 0.061940 95.542343 0.103162 -0.056100 0.993081 -0.136880 0.000000 0.000000 0.000000 1.000000
0.993168 0.060410 -0.099840 0.130713 -0.054432 0.996618 0.061563 95.541847 0.103222 -0.055708 0.993097 -0.129082 0.000000 0.000000 0.000000 1.000000
0.993152 0.060519 -0.099937 0.122591 -0.054564 0.996628 0.061285 95.542068 0.103308 -0.055412 0.993105 -0.120850 0.000000 0.000000 0.000000 1.000000
0.993146 0.060602 -0.099940 0.113192 -0.054677 0.996639 0.061000 95.542473 0.103301 -0.055118 0.993122 -0.111967 0.000000 0.000000 0.000000 1.000000
0.993157 0.060616 -0.099824 0.102838 -0.054743 0.996662 0.060561 95.542450 0.103162 -0.054681 0.993160 -0.101380 0.000000 0.000000 0.000000 1.000000
0.993165 0.060587 -0.099764 0.092716 -0.054775 0.996694 0.060005 95.542358 0.103070 -0.054130 0.993200 -0.088328 0.000000 0.000000 0.000000 1.000000
0.993153 0.060562 -0.099892 0.083548 -0.054793 0.996722 0.059525 95.543358 0.103170 -0.053644 0.993216 -0.072263 0.000000 0.000000 0.000000 1.000000
0.993137 0.060498 -0.100096 0.075340 -0.054749 0.996743 0.059213 95.545723 0.103352 -0.053326 0.993214 -0.053175 0.000000 0.000000 0.000000 1.000000
0.993135 0.060338 -0.100211 0.067942 -0.054603 0.996762 0.059026 95.548294 0.103448 -0.053149 0.993214 -0.032299 0.000000 0.000000 0.000000 1.000000
0.993150 0.060107 -0.100201 0.061000 -0.054379 0.996779 0.058949 95.549438 0.103421 -0.053096 0.993219 -0.011770 0.000000 0.000000 0.000000 1.000000
0.993178 0.059863 -0.100074 0.053661 -0.054134 0.996788 0.059017 95.549011 0.103285 -0.053197 0.993228 0.007349 0.000000 0.000000 0.000000 1.000000
0.993214 0.059629 -0.099849 0.044886 -0.053891 0.996790 0.059214 95.548576 0.103060 -0.053431 0.993239 0.026688 0.000000 0.000000 0.000000 1.000000
0.993248 0.059413 -0.099643 0.033851 -0.053654 0.996785 0.059508 95.549332 0.102858 -0.053760 0.993242 0.048897 0.000000 0.000000 0.000000 1.000000
0.993264 0.059234 -0.099594 0.020628 -0.053436 0.996772 0.059915 95.550613 0.102821 -0.054190 0.993223 0.074159 0.000000 0.000000 0.000000 1.000000
0.993268 0.059094 -0.099637 0.006570 -0.053242 0.996753 0.060407 95.551315 0.102883 -0.054695 0.993189 0.099679 0.000000 0.000000 0.000000 1.000000
0.993279 0.058968 -0.099592 -0.006643 -0.053067 0.996732 0.060901 95.551407 0.102858 -0.055206 0.993163 0.122855 0.000000 0.000000 0.000000 1.000000
0.993304 0.058838 -0.099428 -0.018847 -0.052897 0.996712 0.061373 95.551254 0.102712 -0.055702 0.993150 0.142831 0.000000 0.000000 0.000000 1.000000
0.993339 0.058682 -0.099163 -0.030557 -0.052704 0.996692 0.061867 95.550926 0.102465 -0.056229 0.993146 0.159383 0.000000 0.000000 0.000000 1.000000
0.993395 0.058477 -0.098728 -0.041930 -0.052466 0.996670 0.062418 95.550423 0.102049 -0.056826 0.993155 0.172733 0.000000 0.000000 0.000000 1.000000
0.993477 0.058203 -0.098056 -0.052887 -0.052173 0.996650 0.062978 95.549934 0.101393 -0.057452 0.993186 0.183732 0.000000 0.000000 0.000000 1.000000
0.993584 0.057838 -0.097183 -0.063020 -0.051807 0.996638 0.063476 95.549767 0.100528 -0.058034 0.993240 0.192872 0.000000 0.000000 0.000000 1.000000
0.993707 0.057393 -0.096188 -0.071904 -0.051378 0.996634 0.063890 95.549835 0.099531 -0.058546 0.993311 0.199149 0.000000 0.000000 0.000000 1.000000
0.993841 0.056938 -0.095067 -0.080138 -0.050955 0.996634 0.064223 95.549065 0.098404 -0.058983 0.993397 0.201431 0.000000 0.000000 0.000000 1.000000
0.993987 0.056547 -0.093772 -0.089540 -0.050615 0.996634 0.064481 95.546616 0.097103 -0.059347 0.993503 0.200529 0.000000 0.000000 0.000000 1.000000
0.994138 0.056212 -0.092355 -0.100806 -0.050343 0.996634 0.064700 95.542763 0.095681 -0.059672 0.993622 0.197937 0.000000 0.000000 0.000000 1.000000
0.994286 0.055881 -0.090956 -0.113093 -0.050072 0.996632 0.064945 95.538643 0.094279 -0.060020 0.993735 0.194309 0.000000 0.000000 0.000000 1.000000
0.994419 0.055548 -0.089691 -0.126244 -0.049788 0.996627 0.065231 95.535202 0.093012 -0.060401 0.993831 0.189745 0.000000 0.000000 0.000000 1.000000
0.994534 0.055244 -0.088596 -0.140991 -0.049526 0.996624 0.065487 95.532318 0.091915 -0.060741 0.993913 0.184876 0.000000 0.000000 0.000000 1.000000
0.994632 0.054971 -0.087666 -0.157500 -0.049292 0.996623 0.065680 95.529373 0.090980 -0.061006 0.993982 0.181184 0.000000 0.000000 0.000000 1.000000
0.994712 0.054717 -0.086912 -0.175176 -0.049068 0.996622 0.065862 95.527107 0.090222 -0.061249 0.994037 0.179451 0.000000 0.000000 0.000000 1.000000
0.994774 0.054494 -0.086345 -0.194254 -0.048861 0.996618 0.066062 95.526123 0.089653 -0.061498 0.994073 0.178948 0.000000 0.000000 0.000000 1.000000
0.994820 0.054315 -0.085924 -0.214889 -0.048692 0.996615 0.066232 95.525543 0.089231 -0.061705 0.994098 0.178687 0.000000 0.000000 0.000000 1.000000
0.994857 0.054167 -0.085586 -0.235497 -0.048561 0.996618 0.066291 95.524536 0.088887 -0.061793 0.994123 0.178613 0.000000 0.000000 0.000000 1.000000
0.994885 0.054020 -0.085359 -0.254144 -0.048432 0.996628 0.066232 95.523438 0.088649 -0.061759 0.994146 0.179688 0.000000 0.000000 0.000000 1.000000
0.994894 0.053861 -0.085349 -0.270872 -0.048281 0.996641 0.066153 95.522835 0.088626 -0.061695 0.994153 0.182905 0.000000 0.000000 0.000000 1.000000
0.994881 0.053713 -0.085598 -0.286006 -0.048118 0.996650 0.066140 95.523232 0.088863 -0.061682 0.994132 0.188775 0.000000 0.000000 0.000000 1.000000
0.994853 0.053575 -0.086001 -0.298768 -0.047950 0.996654 0.066196 95.524597 0.089260 -0.061732 0.994093 0.196959 0.000000 0.000000 0.000000 1.000000
0.994826 0.053429 -0.086409 -0.308958 -0.047769 0.996656 0.066296 95.526161 0.089662 -0.061825 0.994051 0.206227 0.000000 0.000000 0.000000 1.000000
0.994803 0.053273 -0.086769 -0.317502 -0.047579 0.996657 0.066418 95.527466 0.090017 -0.061944 0.994012 0.215453 0.000000 0.000000 0.000000 1.000000
0.994780 0.053123 -0.087124 -0.324994 -0.047393 0.996655 0.066574 95.528412 0.090370 -0.062098 0.993970 0.224702 0.000000 0.000000 0.000000 1.000000
0.994752 0.053001 -0.087518 -0.330787 -0.047227 0.996649 0.066781 95.528915 0.090764 -0.062297 0.993922 0.234356 0.000000 0.000000 0.000000 1.000000
0.994716 0.052917 -0.087972 -0.334900 -0.047093 0.996640 0.067020 95.529152 0.091223 -0.062523 0.993866 0.243947 0.000000 0.000000 0.000000 1.000000
0.994673 0.052861 -0.088493 -0.338294 -0.046980 0.996628 0.067275 95.529068 0.091751 -0.062759 0.993802 0.252959 0.000000 0.000000 0.000000 1.000000
0.994629 0.052824 -0.089006 -0.341786 -0.046885 0.996614 0.067544 95.528305 0.092272 -0.063008 0.993738 0.261482 0.000000 0.000000 0.000000 1.000000
0.994593 0.052824 -0.089406 -0.345493 -0.046834 0.996598 0.067820 95.527031 0.092685 -0.063266 0.993683 0.269972 0.000000 0.000000 0.000000 1.000000
0.994562 0.052876 -0.089724 -0.348549 -0.046838 0.996578 0.068112 95.526024 0.093018 -0.063539 0.993635 0.278350 0.000000 0.000000 0.000000 1.000000
0.994526 0.052953 -0.090073 -0.349512 -0.046863 0.996554 0.068438 95.525589 0.093386 -0.063842 0.993581 0.285462 0.000000 0.000000 0.000000 1.000000
0.994491 0.053044 -0.090406 -0.348364 -0.046896 0.996527 0.068815 95.525558 0.093742 -0.064196 0.993525 0.291274 0.000000 0.000000 0.000000 1.000000
0.994473 0.053163 -0.090541 -0.346501 -0.046966 0.996493 0.069254 95.525497 0.093905 -0.064619 0.993482 0.297549 0.000000 0.000000 0.000000 1.000000
0.994475 0.053312 -0.090433 -0.344929 -0.047077 0.996454 0.069737 95.524750 0.093830 -0.065094 0.993458 0.304647 0.000000 0.000000 0.000000 1.000000
0.994486 0.053464 -0.090216 -0.343165 -0.047197 0.996414 0.070223 95.523079 0.093647 -0.065578 0.993443 0.310622 0.000000 0.000000 0.000000 1.000000
0.994500 0.053600 -0.089987 -0.340855 -0.047305 0.996376 0.070690 95.521194 0.093449 -0.066044 0.993431 0.314351 0.000000 0.000000 0.000000 1.000000
0.994521 0.053722 -0.089675 -0.339059 -0.047404 0.996338 0.071151 95.519318 0.093169 -0.066510 0.993426 0.317022 0.000000 0.000000 0.000000 1.000000
0.994562 0.053836 -0.089147 -0.339359 -0.047507 0.996298 0.071648 95.516693 0.092675 -0.067023 0.993438 0.320561 0.000000 0.000000 0.000000 1.000000
0.994624 0.053929 -0.088402 -0.341577 -0.047599 0.996253 0.072213 95.512947 0.091965 -0.067617 0.993464 0.325143 0.000000 0.000000 0.000000 1.000000
0.994695 0.053984 -0.087569 -0.344113 -0.047652 0.996204 0.072854 95.508347 0.091170 -0.068294 0.993491 0.329064 0.000000 0.000000 0.000000 1.000000
0.994768 0.054002 -0.086718 -0.347136 -0.047667 0.996154 0.073525 95.503372 0.090355 -0.069006 0.993516 0.331367 0.000000 0.000000 0.000000 1.000000
0.994847 0.054002 -0.085813 -0.352618 -0.047674 0.996107 0.074155 95.498253 0.089484 -0.069682 0.993548 0.333019 0.000000 0.000000 0.000000 1.000000
0.994931 0.053989 -0.084839 -0.361620 -0.047680 0.996065 0.074713 95.493027 0.088539 -0.070289 0.993590 0.335171 0.000000 0.000000 0.000000 1.000000
0.995022 0.053947 -0.083792 -0.374534 -0.047670 0.996030 0.075182 95.487915 0.087515 -0.070814 0.993643 0.338804 0.000000 0.000000 0.000000 1.000000
0.995120 0.053859 -0.082671 -0.390915 -0.047633 0.996006 0.075525 95.483986 0.086408 -0.071219 0.993711 0.345024 0.000000 0.000000 0.000000 1.000000
0.995218 0.053741 -0.081566 -0.408768 -0.047578 0.995994 0.075714 95.482330 0.085308 -0.071471 0.993788 0.353794 0.000000 0.000000 0.000000 1.000000
0.995300 0.053636 -0.080633 -0.426854 -0.047532 0.995989 0.075801 95.482079 0.084375 -0.071612 0.993857 0.364275 0.000000 0.000000 0.000000 1.000000
0.995357 0.053552 -0.079985 -0.444729 -0.047487 0.995985 0.075891 95.481972 0.083727 -0.071740 0.993903 0.376407 0.000000 0.000000 0.000000 1.000000
0.995393 0.053438 -0.079612 -0.461945 -0.047386 0.995977 0.076056 95.481659 0.083356 -0.071933 0.993920 0.390354 0.000000 0.000000 0.000000 1.000000
0.995419 0.053260 -0.079404 -0.479089 -0.047204 0.995968 0.076287 95.481171 0.083147 -0.072189 0.993919 0.405741 0.000000 0.000000 0.000000 1.000000
0.995443 0.053053 -0.079234 -0.498291 -0.046988 0.995959 0.076543 95.480469 0.082974 -0.072471 0.993913 0.422353 0.000000 0.000000 0.000000 1.000000
0.995470 0.052879 -0.079013 -0.521003 -0.046810 0.995948 0.076785 95.479774 0.082754 -0.072739 0.993912 0.440273 0.000000 0.000000 0.000000 1.000000
0.995498 0.052749 -0.078748 -0.545600 -0.046682 0.995938 0.076989 95.479126 0.082490 -0.072967 0.993917 0.459033 0.000000 0.000000 0.000000 1.000000
0.995522 0.052602 -0.078547 -0.568397 -0.046535 0.995932 0.077161 95.478722 0.082287 -0.073160 0.993920 0.477707 0.000000 0.000000 0.000000 1.000000
0.995535 0.052409 -0.078509 -0.587430 -0.046332 0.995929 0.077327 95.479172 0.082242 -0.073344 0.993910 0.496350 0.000000 0.000000 0.000000 1.000000
0.995536 0.052204 -0.078636 -0.603898 -0.046104 0.995927 0.077483 95.480965 0.082360 -0.073511 0.993888 0.515887 0.000000 0.000000 0.000000 1.000000
0.995527 0.052020 -0.078873 -0.619298 -0.045892 0.995927 0.077605 95.483551 0.082588 -0.073638 0.993859 0.535809 0.000000 0.000000 0.000000 1.000000
0.995511 0.051839 -0.079193 -0.632392 -0.045676 0.995926 0.077744 95.485367 0.082900 -0.073778 0.993823 0.552818 0.000000 0.000000 0.000000 1.000000
0.995491 0.051637 -0.079571 -0.641387 -0.045425 0.995918 0.077997 95.485764 0.083274 -0.074031 0.993773 0.563818 0.000000 0.000000 0.000000 1.000000
0.995473 0.051451 -0.079911 -0.647035 -0.045181 0.995899 0.078376 95.485870 0.083616 -0.074411 0.993716 0.569102 0.000000 0.000000 0.000000 1.000000
0.995461 0.051306 -0.080154 -0.650395 -0.044987 0.995878 0.078754 95.487541 0.083865 -0.074791 0.993666 0.570470 0.000000 0.000000 0.000000 1.000000
0.995452 0.051158 -0.080361 -0.650187 -0.044806 0.995872 0.078944 95.491150 0.084068 -0.074985 0.993635 0.568825 0.000000 0.000000 0.000000 1.000000
0.995444 0.050949 -0.080592 -0.644722 -0.044586 0.995888 0.078862 95.495323 0.084279 -0.074910 0.993622 0.564168 0.000000 0.000000 0.000000 1.000000
0.995437 0.050682 -0.080845 -0.634536 -0.044325 0.995922 0.078579 95.498268 0.084498 -0.074637 0.993624 0.555514 0.000000 0.000000 0.000000 1.000000
0.995432 0.050407 -0.081084 -0.622148 -0.044063 0.995963 0.078211 95.499825 0.084699 -0.074281 0.993634 0.542144 0.000000 0.000000 0.000000 1.000000
0.995428 0.050157 -0.081280 -0.609742 -0.043832 0.996004 0.077815 95.501129 0.084858 -0.073897 0.993649 0.525475 0.000000 0.000000 0.000000 1.000000
0.995427 0.049939 -0.081438 -0.597727 -0.043636 0.996043 0.077423 95.502998 0.084982 -0.073516 0.993667 0.507398 0.000000 0.000000 0.000000 1.000000
0.995422 0.049745 -0.081608 -0.585222 -0.043457 0.996077 0.077086 95.505157 0.085123 -0.073187 0.993679 0.488631 0.000000 0.000000 0.000000 1.000000
0.995414 0.049565 -0.081817 -0.571331 -0.043285 0.996105 0.076816 95.507401 0.085306 -0.072923 0.993683 0.470069 0.000000 0.000000 0.000000 1.000000
0.995404 0.049395 -0.082049 -0.555891 -0.043120 0.996132 0.076557 95.510208 0.085513 -0.072668 0.993684 0.453062 0.000000 0.000000 0.000000 1.000000
0.995390 0.049253 -0.082294 -0.539719 -0.042987 0.996162 0.076252 95.513702 0.085734 -0.072363 0.993687 0.437619 0.000000 0.000000 0.000000 1.000000
0.995371 0.049172 -0.082577 -0.524195 -0.042917 0.996192 0.075895 95.517059 0.085995 -0.072000 0.993691 0.422054 0.000000 0.000000 0.000000 1.000000
0.995345 0.049134 -0.082910 -0.510015 -0.042889 0.996224 0.075489 95.519676 0.086306 -0.071582 0.993694 0.405806 0.000000 0.000000 0.000000 1.000000
0.995318 0.049075 -0.083275 -0.496138 -0.042846 0.996263 0.074996 95.522537 0.086644 -0.071077 0.993701 0.390891 0.000000 0.000000 0.000000 1.000000
0.995291 0.048986 -0.083645 -0.480768 -0.042784 0.996311 0.074396 95.526711 0.086981 -0.070467 0.993715 0.378655 0.000000 0.000000 0.000000 1.000000
0.995263 0.048939 -0.084007 -0.463815 -0.042769 0.996360 0.073742 95.531425 0.087310 -0.069800 0.993733 0.367792 0.000000 0.000000 0.000000 1.000000
0.995233 0.048959 -0.084347 -0.446557 -0.042820 0.996404 0.073119 95.535828 0.087624 -0.069159 0.993750 0.358094 0.000000 0.000000 0.000000 1.000000
0.995204 0.048965 -0.084687 -0.429133 -0.042848 0.996440 0.072600 95.540855 0.087941 -0.068623 0.993759 0.352823 0.000000 0.000000 0.000000 1.000000
0.995174 0.048872 -0.085092 -0.410380 -0.042759 0.996470 0.072243 95.547104 0.088322 -0.068256 0.993751 0.353855 0.000000 0.000000 0.000000 1.000000
0.995139 0.048707 -0.085591 -0.390528 -0.042573 0.996490 0.072082 95.553131 0.088802 -0.068088 0.993719 0.358120 0.000000 0.000000 0.000000 1.000000
0.995101 0.048581 -0.086106 -0.371758 -0.042409 0.996494 0.072114 95.557503 0.089307 -0.068109 0.993673 0.361490 0.000000 0.000000 0.000000 1.000000
0.995069 0.048548 -0.086494 -0.356219 -0.042333 0.996485 0.072293 95.560295 0.089700 -0.068275 0.993626 0.363411 0.000000 0.000000 0.000000 1.000000
0.995050 0.048562 -0.086697 -0.343815 -0.042311 0.996468 0.072536 95.562508 0.089914 -0.068509 0.993591 0.366184 0.000000 0.000000 0.000000 1.000000
0.995043 0.048549 -0.086792 -0.332633 -0.042270 0.996452 0.072778 95.564575 0.090017 -0.068749 0.993565 0.371065 0.000000 0.000000 0.000000 1.000000
0.995035 0.048496 -0.086906 -0.321206 -0.042187 0.996438 0.073019 95.566628 0.090137 -0.068990 0.993537 0.377181 0.000000 0.000000 0.000000 1.000000
0.995021 0.048448 -0.087096 -0.309789 -0.042104 0.996424 0.073257 95.569008 0.090333 -0.069226 0.993503 0.383276 0.000000 0.000000 0.000000 1.000000
0.995002 0.048449 -0.087312 -0.299721 -0.042073 0.996411 0.073445 95.571426 0.090557 -0.069405 0.993470 0.388134 0.000000 0.000000 0.000000 1.000000
0.994986 0.048495 -0.087475 -0.291793 -0.042099 0.996404 0.073533 95.572906 0.090726 -0.069482 0.993449 0.390485 0.000000 0.000000 0.000000 1.000000
0.994975 0.048547 -0.087569 -0.285134 -0.042147 0.996403 0.073513 95.573517 0.090823 -0.069453 0.993442 0.390286 0.000000 0.000000 0.000000 1.000000
0.994967 0.048592 -0.087633 -0.278572 -0.042195 0.996408 0.073425 95.574638 0.090886 -0.069358 0.993443 0.388964 0.000000 0.000000 0.000000 1.000000
0.994961 0.048646 -0.087676 -0.272507 -0.042256 0.996413 0.073317 95.576393 0.090928 -0.069243 0.993447 0.387543 0.000000 0.000000 0.000000 1.000000
0.994958 0.048726 -0.087665 -0.267841 -0.042347 0.996417 0.073216 95.578247 0.090919 -0.069135 0.993456 0.386380 0.000000 0.000000 0.000000 1.000000
0.994957 0.048819 -0.087618 -0.264591 -0.042453 0.996420 0.073104 95.580238 0.090873 -0.069016 0.993468 0.386216 0.000000 0.000000 0.000000 1.000000
0.994953 0.048906 -0.087612 -0.262155 -0.042556 0.996428 0.072938 95.582306 0.090866 -0.068841 0.993481 0.387350 0.000000 0.000000 0.000000 1.000000
0.994943 0.049003 -0.087680 -0.260409 -0.042668 0.996439 0.072722 95.583084 0.090931 -0.068613 0.993491 0.388787 0.000000 0.000000 0.000000 1.000000
0.994929 0.049143 -0.087758 -0.259905 -0.042822 0.996447 0.072521 95.581543 0.091010 -0.068396 0.993498 0.389185 0.000000 0.000000 0.000000 1.000000
0.994920 0.049325 -0.087762 -0.261561 -0.043016 0.996449 0.072381 95.578484 0.091020 -0.068238 0.993508 0.388483 0.000000 0.000000 0.000000 1.000000
0.994918 0.049521 -0.087669 -0.266042 -0.043227 0.996447 0.072289 95.575523 0.090937 -0.068132 0.993523 0.387793 0.000000 0.000000 0.000000 1.000000
0.994921 0.049711 -0.087524 -0.272545 -0.043432 0.996441 0.072241 95.573166 0.090804 -0.068073 0.993540 0.388427 0.000000 0.000000 0.000000 1.000000
0.994924 0.049889 -0.087397 -0.279263 -0.043620 0.996434 0.072228 95.571114 0.090689 -0.068049 0.993552 0.390892 0.000000 0.000000 0.000000 1.000000
0.994920 0.050052 -0.087339 -0.285660 -0.043791 0.996429 0.072194 95.569046 0.090641 -0.068003 0.993559 0.395020 0.000000 0.000000 0.000000 1.000000
0.994910 0.050197 -0.087369 -0.293228 -0.043943 0.996430 0.072087 95.566422 0.090676 -0.067880 0.993564 0.400052 0.000000 0.000000 0.000000 1.000000
0.994894 0.050329 -0.087476 -0.303153 -0.044086 0.996438 0.071885 95.562744 0.090782 -0.067661 0.993570 0.404371 0.000000 0.000000 0.000000 1.000000
0.994872 0.050478 -0.087641 -0.314752 -0.044253 0.996453 0.071577 95.559029 0.090943 -0.067332 0.993577 0.407189 0.000000 0.000000 0.000000 1.000000
0.994844 0.050662 -0.087860 -0.326032 -0.044458 0.996471 0.071194 95.557236 0.091157 -0.066921 0.993585 0.410005 0.000000 0.000000 0.000000 1.000000
0.994806 0.050866 -0.088164 -0.336150 -0.044678 0.996490 0.070793 95.557686 0.091455 -0.066487 0.993587 0.415057 0.000000 0.000000 0.000000 1.000000
0.994761 0.051045 -0.088568 -0.345851 -0.044867 0.996510 0.070390 95.558411 0.091852 -0.066048 0.993580 0.422693 0.000000 0.000000 0.000000 1.000000
0.994714 0.051169 -0.089032 -0.354949 -0.044999 0.996533 0.069978 95.557686 0.092304 -0.065602 0.993567 0.431264 0.000000 0.000000 0.000000 1.000000
0.994668 0.051255 -0.089492 -0.362816 -0.045089 0.996555 0.069604 95.556023 0.092751 -0.065198 0.993552 0.439711 0.000000 0.000000 0.000000 1.000000
0.994629 0.051327 -0.089885 -0.370188 -0.045162 0.996572 0.069322 95.554718 0.093135 -0.064890 0.993537 0.448627 0.000000 0.000000 0.000000 1.000000
0.994598 0.051382 -0.090195 -0.377636 -0.045219 0.996585 0.069095 95.554108 0.093437 -0.064644 0.993524 0.458690 0.000000 0.000000 0.000000 1.000000
0.994572 0.051398 -0.090473 -0.384613 -0.045242 0.996602 0.068830 95.554123 0.093704 -0.064363 0.993517 0.469874 0.000000 0.000000 0.000000 1.000000
0.994543 0.051358 -0.090805 -0.390558 -0.045213 0.996627 0.068490 95.554710 0.094016 -0.064010 0.993511 0.482103 0.000000 0.000000 0.000000 1.000000
0.994509 0.051273 -0.091225 -0.395452 -0.045135 0.996656 0.068113 95.555725 0.094412 -0.063622 0.993498 0.495047 0.000000 0.000000 0.000000 1.000000
0.994473 0.051174 -0.091677 -0.399592 -0.045043 0.996686 0.067739 95.556664 0.094840 -0.063236 0.993482 0.507464 0.000000 0.000000 0.000000 1.000000
0.994441 0.051098 -0.092061 -0.403545 -0.044979 0.996714 0.067359 95.557533 0.095200 -0.062844 0.993472 0.517977 0.000000 0.000000 0.000000 1.000000
0.994419 0.051053 -0.092327 -0.408126 -0.044956 0.996743 0.066944 95.558281 0.095444 -0.062419 0.993476 0.526616 0.000000 0.000000 0.000000 1.000000
0.994403 0.051013 -0.092517 -0.413371 -0.044949 0.996774 0.066488 95.558304 0.095610 -0.061957 0.993489 0.534976 0.000000 0.000000 0.000000 1.000000
0.994388 0.050948 -0.092720 -0.417645 -0.044912 0.996804 0.066060 95.558044 0.095789 -0.061525 0.993498 0.544873 0.000000 0.000000 0.000000 1.000000
0.994368 0.050859 -0.092980 -0.419255 -0.044837 0.996829 0.065742 95.559258 0.096029 -0.061203 0.993495 0.556749 0.000000 0.000000 0.000000 1.000000
0.994344 0.050782 -0.093275 -0.418608 -0.044761 0.996845 0.065544 95.561981 0.096309 -0.060998 0.993481 0.569042 0.000000 0.000000 0.000000 1.000000
0.994319 0.050736 -0.093573 -0.417465 -0.044707 0.996855 0.065439 95.564011 0.096598 -0.060883 0.993460 0.580054 0.000000 0.000000 0.000000 1.000000
0.994295 0.050700 -0.093844 -0.416617 -0.044654 0.996857 0.065444 95.564163 0.096867 -0.060880 0.993434 0.590107 0.000000 0.000000 0.000000 1.000000
0.994279 0.050654 -0.094041 -0.416057 -0.044581 0.996850 0.065592 95.562973 0.097067 -0.061024 0.993405 0.599991 0.000000 0.000000 0.000000 1.000000
0.994271 0.050623 -0.094138 -0.416092 -0.044519 0.996836 0.065853 95.561493 0.097174 -0.061285 0.993379 0.609132 0.000000 0.000000 0.000000 1.000000
0.994265 0.050649 -0.094186 -0.416651 -0.044510 0.996815 0.066172 95.560646 0.097238 -0.061600 0.993353 0.617373 0.000000 0.000000 0.000000 1.000000
0.994255 0.050749 -0.094241 -0.417554 -0.044573 0.996789 0.066521 95.561066 0.097315 -0.061939 0.993324 0.625691 0.000000 0.000000 0.000000 1.000000
0.994242 0.050915 -0.094287 -0.419495 -0.044702 0.996760 0.066874 95.561623 0.097386 -0.062274 0.993296 0.633962 0.000000 0.000000 0.000000 1.000000
0.994234 0.051127 -0.094259 -0.423177 -0.044883 0.996728 0.067217 95.560310 0.097388 -0.062599 0.993276 0.640588 0.000000 0.000000 0.000000 1.000000
0.994230 0.051372 -0.094170 -0.427174 -0.045096 0.996692 0.067609 95.556587 0.097332 -0.062972 0.993258 0.643511 0.000000 0.000000 0.000000 1.000000
0.994220 0.051634 -0.094125 -0.428461 -0.045315 0.996650 0.068079 95.551941 0.097325 -0.063420 0.993230 0.641060 0.000000 0.000000 0.000000 1.000000
0.994208 0.051884 -0.094118 -0.426348 -0.045522 0.996610 0.068527 95.547310 0.097355 -0.063846 0.993200 0.633422 0.000000 0.000000 0.000000 1.000000
0.994213 0.052111 -0.093946 -0.425016 -0.045728 0.996577 0.068865 95.542084 0.097213 -0.064171 0.993193 0.624138 0.000000 0.000000 0.000000 1.000000
0.994241 0.052327 -0.093526 -0.427633 -0.045943 0.996547 0.069159 95.536140 0.096822 -0.064463 0.993212 0.617855 0.000000 0.000000 0.000000 1.000000
0.994273 0.052523 -0.093078 -0.431505 -0.046132 0.996513 0.069530 95.530777 0.096405 -0.064838 0.993228 0.616421 0.000000 0.000000 0.000000 1.000000
0.994291 0.052678 -0.092796 -0.433043 -0.046256 0.996471 0.070044 95.526543 0.096158 -0.065352 0.993218 0.619116 0.000000 0.000000 0.000000 1.000000
0.994297 0.052811 -0.092649 -0.432170 -0.046332 0.996418 0.070737 95.522385 0.096053 -0.066041 0.993183 0.624124 0.000000 0.000000 0.000000 1.000000
0.994305 0.052957 -0.092485 -0.431264 -0.046406 0.996353 0.071601 95.516937 0.095940 -0.066901 0.993136 0.629501 0.000000 0.000000 0.000000 1.000000
0.994323 0.053111 -0.092197 -0.432624 -0.046488 0.996280 0.072557 95.509781 0.095707 -0.067859 0.993094 0.633770 0.000000 0.000000 0.000000 1.000000
0.994355 0.053268 -0.091765 -0.437504 -0.046580 0.996204 0.073536 95.501205 0.095334 -0.068847 0.993062 0.635809 0.000000 0.000000 0.000000 1.000000
0.994394 0.053456 -0.091230 -0.446122 -0.046714 0.996126 0.074505 95.492371 0.094859 -0.069825 0.993039 0.635630 0.000000 0.000000 0.000000 1.000000
0.994436 0.053673 -0.090639 -0.457936 -0.046891 0.996053 0.075365 95.485451 0.094327 -0.070696 0.993028 0.635407 0.000000 0.000000 0.000000 1.000000
0.994485 0.053838 -0.090010 -0.471983 -0.047043 0.995999 0.075975 95.481758 0.093740 -0.071321 0.993039 0.637264 0.000000 0.000000 0.000000 1.000000
0.994540 0.053888 -0.089361 -0.486850 -0.047109 0.995970 0.076313 95.480438 0.093114 -0.071687 0.993071 0.639529 0.000000 0.000000 0.000000 1.000000
0.994595 0.053842 -0.088782 -0.500485 -0.047089 0.995959 0.076476 95.479889 0.092541 -0.071882 0.993111 0.637728 0.000000 0.000000 0.000000 1.000000
0.994639 0.053763 -0.088334 -0.511839 -0.047038 0.995958 0.076517 95.479088 0.092091 -0.071952 0.993148 0.629821 0.000000 0.000000 0.000000 1.000000
0.994678 0.053715 -0.087923 -0.522749 -0.047026 0.995964 0.076454 95.477654 0.091675 -0.071912 0.993189 0.618728 0.000000 0.000000 0.000000 1.000000
0.994718 0.053698 -0.087476 -0.534818 -0.047054 0.995972 0.076322 95.475769 0.091222 -0.071803 0.993239 0.608334 0.000000 0.000000 0.000000 1.000000
0.994750 0.053634 -0.087152 -0.545151 -0.047027 0.995985 0.076177 95.474747 0.090887 -0.071679 0.993278 0.598934 0.000000 0.000000 0.000000 1.000000
0.994765 0.053477 -0.087082 -0.550796 -0.046886 0.996001 0.076049 95.475571 0.090801 -0.071568 0.993294 0.589357 0.000000 0.000000 0.000000 1.000000
0.994768 0.053267 -0.087176 -0.552676 -0.046681 0.996020 0.075926 95.477608 0.090874 -0.071459 0.993295 0.578723 0.000000 0.000000 0.000000 1.000000
0.994770 0.053071 -0.087270 -0.553334 -0.046492 0.996041 0.075766 95.479210 0.090945 -0.071312 0.993299 0.566164 0.000000 0.000000 0.000000 1.000000
0.994774 0.052919 -0.087323 -0.553618 -0.046356 0.996064 0.075549 95.479767 0.090977 -0.071106 0.993311 0.551933 0.000000 0.000000 0.000000 1.000000
0.994772 0.052816 -0.087406 -0.552649 -0.046267 0.996085 0.075328 95.479706 0.091042 -0.070890 0.993321 0.537538 0.000000 0.000000 0.000000 1.000000
0.994762 0.052746 -0.087562 -0.549847 -0.046200 0.996100 0.075175 95.479996 0.091186 -0.070736 0.993318 0.523797 0.000000 0.000000 0.000000 1.000000
0.994748 0.052681 -0.087751 -0.545905 -0.046130 0.996110 0.075084 95.481079 0.091366 -0.070641 0.993309 0.510282 0.000000 0.000000 0.000000 1.000000
0.994737 0.052617 -0.087915 -0.541685 -0.046064 0.996121 0.074971 95.482666 0.091519 -0.070527 0.993303 0.496656 0.000000 0.000000 0.000000 1.000000
0.994727 0.052571 -0.088058 -0.536884 -0.046023 0.996136 0.074804 95.483856 0.091650 -0.070357 0.993303 0.482583 0.000000 0.000000 0.000000 1.000000
0.994713 0.052569 -0.088217 -0.529684 -0.046023 0.996146 0.074660 95.483704 0.091802 -0.070206 0.993299 0.466226 0.000000 0.000000 0.000000 1.000000
0.994699 0.052628 -0.088342 -0.519041 -0.046079 0.996148 0.074607 95.482224 0.091928 -0.070141 0.993292 0.445179 0.000000 0.000000 0.000000 1.000000
0.994696 0.052748 -0.088308 -0.506576 -0.046205 0.996145 0.074563 95.480621 0.091901 -0.070087 0.993299 0.419003 0.000000 0.000000 0.000000 1.000000
0.994708 0.052907 -0.088074 -0.494931 -0.046396 0.996149 0.074400 95.479866 0.091671 -0.069920 0.993332 0.388657 0.000000 0.000000 0.000000 1.000000
0.994724 0.053111 -0.087769 -0.483680 -0.046647 0.996157 0.074124 95.479645 0.091368 -0.069639 0.993379 0.354907 0.000000 0.000000 0.000000 1.000000
0.994725 0.053372 -0.087602 -0.469518 -0.046946 0.996164 0.073845 95.479820 0.091207 -0.069343 0.993415 0.319042 0.000000 0.000000 0.000000 1.000000
0.994701 0.053638 -0.087715 -0.448895 -0.047225 0.996168 0.073615 95.481476 0.091327 -0.069082 0.993422 0.282821 0.000000 0.000000 0.000000 1.000000
0.994655 0.053820 -0.088120 -0.421639 -0.047400 0.996176 0.073394 95.484932 0.091733 -0.068825 0.993402 0.246625 0.000000 0.000000 0.000000 1.000000
0.994600 0.053909 -0.088677 -0.391848 -0.047471 0.996189 0.073168 95.488831 0.092284 -0.068563 0.993369 0.210199 0.000000 0.000000 0.000000 1.000000
0.994552 0.053987 -0.089174 -0.364179 -0.047531 0.996199 0.072993 95.491653 0.092776 -0.068357 0.993338 0.174568 0.000000 0.000000 0.000000 1.000000
0.994515 0.054123 -0.089498 -0.339879 -0.047656 0.996201 0.072882 95.492722 0.093103 -0.068217 0.993317 0.140646 0.000000 0.000000 0.000000 1.000000
0.994487 0.054309 -0.089701 -0.317327 -0.047842 0.996203 0.072742 95.492569 0.093311 -0.068050 0.993309 0.107586 0.000000 0.000000 0.000000 1.000000
0.994462 0.054505 -0.089858 -0.295811 -0.048052 0.996212 0.072474 95.492256 0.093468 -0.067755 0.993314 0.074877 0.000000 0.000000 0.000000 1.000000
0.994438 0.054683 -0.090011 -0.275327 -0.048258 0.996231 0.072072 95.492943 0.093613 -0.067327 0.993330 0.043495 0.000000 0.000000 0.000000 1.000000
0.994413 0.054835 -0.090204 -0.255346 -0.048441 0.996256 0.071613 95.495255 0.093793 -0.066843 0.993345 0.014361 0.000000 0.000000 0.000000 1.000000
0.994380 0.054963 -0.090483 -0.235242 -0.048589 0.996278 0.071201 95.498528 0.094059 -0.066404 0.993350 -0.013128 0.000000 0.000000 0.000000 1.000000
0.994340 0.055080 -0.090852 -0.214657 -0.048711 0.996294 0.070891 95.501617 0.094420 -0.066064 0.993338 -0.040768 0.000000 0.000000 0.000000 1.000000
0.994294 0.055208 -0.091279 -0.193666 -0.048836 0.996306 0.070631 95.504311 0.094841 -0.065770 0.993317 -0.069914 0.000000 0.000000 0.000000 1.000000
0.994244 0.055366 -0.091723 -0.172539 -0.048997 0.996322 0.070294 95.507263 0.095277 -0.065396 0.993300 -0.099975 0.000000 0.000000 0.000000 1.000000
0.994194 0.055526 -0.092172 -0.151063 -0.049176 0.996349 0.069793 95.510788 0.095711 -0.064855 0.993294 -0.129079 0.000000 0.000000 0.000000 1.000000
0.994144 0.055630 -0.092642 -0.128267 -0.049311 0.996386 0.069157 95.515213 0.096154 -0.064184 0.993295 -0.155994 0.000000 0.000000 0.000000 1.000000
0.994098 0.055658 -0.093125 -0.103412 -0.049374 0.996430 0.068481 95.520943 0.096604 -0.063479 0.993297 -0.180374 0.000000 0.000000 0.000000 1.000000
0.994055 0.055651 -0.093581 -0.076809 -0.049399 0.996472 0.067846 95.527939 0.097027 -0.062820 0.993297 -0.202126 0.000000 0.000000 0.000000 1.000000
0.994018 0.055656 -0.093973 -0.049717 -0.049431 0.996506 0.067317 95.534912 0.097391 -0.062269 0.993296 -0.222070 0.000000 0.000000 0.000000 1.000000
0.993985 0.055690 -0.094302 -0.022938 -0.049481 0.996529 0.066946 95.540474 0.097703 -0.061877 0.993290 -0.241997 0.000000 0.000000 0.000000 1.000000
0.993956 0.055746 -0.094574 0.003567 -0.049541 0.996540 0.066739 95.543907 0.097967 -0.061651 0.993278 -0.262893 0.000000 0.000000 0.000000 1.000000
0.993932 0.055822 -0.094777 0.029754 -0.049612 0.996541 0.066662 95.545700 0.098171 -0.061556 0.993264 -0.284004 0.000000 0.000000 0.000000 1.000000
0.993916 0.055928 -0.094881 0.054919 -0.049708 0.996534 0.066699 95.546585 0.098282 -0.061577 0.993252 -0.303876 0.000000 0.000000 0.000000 1.000000
0.993910 0.056056 -0.094875 0.077800 -0.049822 0.996518 0.066851 95.547081 0.098292 -0.061717 0.993242 -0.321081 0.000000 0.000000 0.000000 1.000000
0.993912 0.056190 -0.094776 0.097786 -0.049937 0.996495 0.067107 95.547508 0.098215 -0.061965 0.993234 -0.334558 0.000000 0.000000 0.000000 1.000000
0.993923 0.056335 -0.094568 0.115873 -0.050065 0.996468 0.067422 95.547943 0.098032 -0.062278 0.993233 -0.344880 0.000000 0.000000 0.000000 1.000000
0.993946 0.056508 -0.094226 0.134032 -0.050226 0.996437 0.067752 95.548553 0.097719 -0.062609 0.993243 -0.354079 0.000000 0.000000 0.000000 1.000000
0.993975 0.056684 -0.093814 0.153053 -0.050396 0.996406 0.068083 95.549660 0.097336 -0.062945 0.993259 -0.363261 0.000000 0.000000 0.000000 1.000000
0.993998 0.056821 -0.093488 0.172357 -0.050520 0.996375 0.068444 95.550903 0.097038 -0.063310 0.993265 -0.372217 0.000000 0.000000 0.000000 1.000000
0.994005 0.056913 -0.093358 0.191778 -0.050580 0.996343 0.068859 95.551216 0.096936 -0.063724 0.993249 -0.381183 0.000000 0.000000 0.000000 1.000000
0.994000 0.056973 -0.093369 0.211841 -0.050592 0.996309 0.069339 95.549980 0.096975 -0.064199 0.993214 -0.390862 0.000000 0.000000 0.000000 1.000000
0.994001 0.057000 -0.093345 0.232347 -0.050568 0.996273 0.069875 95.547798 0.096980 -0.064735 0.993179 -0.401354 0.000000 0.000000 0.000000 1.000000
0.994020 0.057012 -0.093137 0.251915 -0.050543 0.996238 0.070397 95.545311 0.096800 -0.065268 0.993162 -0.412209 0.000000 0.000000 0.000000 1.000000
0.994054 0.057063 -0.092743 0.268664 -0.050577 0.996204 0.070846 95.542877 0.096434 -0.065734 0.993166 -0.422969 0.000000 0.000000 0.000000 1.000000
0.994089 0.057182 -0.092291 0.282271 -0.050691 0.996173 0.071207 95.541145 0.096010 -0.066108 0.993183 -0.433363 0.000000 0.000000 0.000000 1.000000
0.994118 0.057318 -0.091890 0.293754 -0.050834 0.996150 0.071421 95.540321 0.095630 -0.066330 0.993205 -0.443056 0.000000 0.000000 0.000000 1.000000
0.994145 0.057406 -0.091545 0.303647 -0.050947 0.996146 0.071401 95.539871 0.095292 -0.066319 0.993238 -0.451817 0.000000 0.000000 0.000000 1.000000
0.994171 0.057464 -0.091222 0.311356 -0.051052 0.996160 0.071130 95.539474 0.094959 -0.066058 0.993287 -0.460423 0.000000 0.000000 0.000000 1.000000
0.994194 0.057556 -0.090911 0.316487 -0.051211 0.996185 0.070654 95.539230 0.094630 -0.065588 0.993350 -0.469972 0.000000 0.000000 0.000000 1.000000
0.994211 0.057701 -0.090639 0.319612 -0.051431 0.996217 0.070047 95.539124 0.094337 -0.064980 0.993417 -0.479783 0.000000 0.000000 0.000000 1.000000
0.994222 0.057860 -0.090412 0.321302 -0.051669 0.996251 0.069385 95.538750 0.094088 -0.064313 0.993484 -0.487265 0.000000 0.000000 0.000000 1.000000
0.994234 0.058009 -0.090188 0.321469 -0.051892 0.996283 0.068755 95.538078 0.093842 -0.063679 0.993549 -0.490710 0.000000 0.000000 0.000000 1.000000
0.994248 0.058162 -0.089939 0.319177 -0.052110 0.996307 0.068235 95.537682 0.093576 -0.063156 0.993607 -0.490559 0.000000 0.000000 0.000000 1.000000
0.994260 0.058336 -0.089691 0.313166 -0.052335 0.996321 0.067863 95.537582 0.093320 -0.062780 0.993655 -0.487054 0.000000 0.000000 0.000000 1.000000
0.994268 0.058501 -0.089495 0.303815 -0.052535 0.996327 0.067618 95.536995 0.093122 -0.062529 0.993689 -0.478857 0.000000 0.000000 0.000000 1.000000
0.994270 0.058601 -0.089409 0.293015 -0.052659 0.996333 0.067430 95.535789 0.093033 -0.062335 0.993710 -0.464876 0.000000 0.000000 0.000000 1.000000
0.994263 0.058624 -0.089463 0.281987 -0.052699 0.996346 0.067218 95.535095 0.093076 -0.062117 0.993719 -0.446169 0.000000 0.000000 0.000000 1.000000
0.994248 0.058622 -0.089640 0.270112 -0.052711 0.996363 0.066954 95.535446 0.093239 -0.061844 0.993721 -0.425156 0.000000 0.000000 0.000000 1.000000
