<?xml version="1.0" encoding="utf-8"?>
<COLLADA xmlns="http://www.collada.org/2005/11/COLLADASchema" version="1.4.1">
  <asset>
    <contributor>
      <author>Mixamo</author>
      <authoring_tool>COLLADA Mixamo exporter</authoring_tool>
      <comments/>
    </contributor>
    <created>2025-03-24T19:56:40Z</created>
    <modified>2025-03-24T19:56:40Z</modified>
    <revision/>
    <title/>
    <unit meter="0.010000"/>
    <up_axis>Y_UP</up_axis>
  </asset>
  <library_animations>
    <animation id="mixamorig9_Hips-anim" name="mixamorig9_Hips">
      <source id="mixamorig9_Hips-Matrix-animation-input">
        <float_array id="mixamorig9_Hips-Matrix-animation-input-array" count="29">

0.000000 0.033333 0.066667 0.100000 0.133333 0.166667 0.200000 0.233333 0.266667 0.300000 0.333333 0.366667 0.400000 0.433333 0.466667 0.500000
0.533333 0.566667 0.600000 0.633333 0.666667 0.700000 0.733333 0.766667 0.800000 0.833333 0.866667 0.900000 0.933333</float_array>
        <technique_common>
          <accessor source="#mixamorig9_Hips-Matrix-animation-input-array" count="29">
            <param name="TIME" type="float"/>
          </accessor>
        </technique_common>
      </source>
      <source id="mixamorig9_Hips-Matrix-animation-output-transform">
        <float_array id="mixamorig9_Hips-Matrix-animation-output-transform-array" count="464">

0.999164 -0.015036 0.038015 -0.067233 0.015114 0.999884 -0.001776 86.925873 -0.037984 0.002349 0.999276 -0.104610 0.000000 0.000000 0.000000 1.000000
0.999211 -0.038089 0.011287 -1.670346 0.035156 0.980130 0.195214 85.400696 -0.018499 -0.194663 0.980696 0.407432 0.000000 0.000000 0.000000 1.000000
0.997693 -0.067118 0.010186 -4.627912 0.058239 0.923317 0.379598 84.904907 -0.034883 -0.378129 0.925095 0.287873 0.000000 0.000000 0.000000 1.000000
0.995250 -0.095769 0.017485 -7.942879 0.078612 0.896537 0.435937 91.576889 -0.057426 -0.432492 0.899807 0.993613 0.000000 0.000000 0.000000 1.000000
0.979411 -0.199701 0.029557 -11.029442 0.172901 0.905376 0.387813 103.068726 -0.104207 -0.374718 0.921264 2.323514 0.000000 0.000000 0.000000 1.000000
0.959906 -0.258409 0.108650 -12.439416 0.213651 0.925337 0.313217 112.436172 -0.181476 -0.277445 0.943446 4.994027 0.000000 0.000000 0.000000 1.000000
0.957814 -0.211701 0.194356 -11.926025 0.167865 0.961050 0.219553 121.423477 -0.233266 -0.177666 0.956045 7.508057 0.000000 0.000000 0.000000 1.000000
0.976409 -0.071389 0.203787 -10.340000 0.046313 0.991040 0.125277 128.700653 -0.210904 -0.112883 0.970967 9.469043 0.000000 0.000000 0.000000 1.000000
0.986195 0.054190 0.156471 -8.319621 -0.073824 0.989716 0.122527 134.908920 -0.148222 -0.132387 0.980053 8.926435 0.000000 0.000000 0.000000 1.000000
0.983701 0.124855 0.129399 -6.163630 -0.144835 0.976645 0.158702 138.616272 -0.106562 -0.174857 0.978810 4.693766 0.000000 0.000000 0.000000 1.000000
0.979821 0.181308 0.084137 -3.704113 -0.193249 0.966817 0.167089 138.544067 -0.051050 -0.179976 0.982345 -1.438065 0.000000 0.000000 0.000000 1.000000
0.978413 0.201687 0.045068 -1.276546 -0.205617 0.971929 0.114346 135.744385 -0.020741 -0.121144 0.992418 -7.385912 0.000000 0.000000 0.000000 1.000000
0.977447 0.210647 0.015030 1.067637 -0.210932 0.977277 0.020911 131.255539 -0.010284 -0.023609 0.999668 -12.678034 0.000000 0.000000 0.000000 1.000000
0.980225 0.197820 -0.005162 2.887830 -0.197880 0.980088 -0.016445 124.335754 0.001806 0.017141 0.999851 -18.333855 0.000000 0.000000 0.000000 1.000000
0.982168 0.186061 -0.026966 3.964194 -0.184685 0.981685 0.046761 115.518524 0.035172 -0.040947 0.998542 -23.081104 0.000000 0.000000 0.000000 1.000000
0.981870 0.179170 -0.061880 4.015226 -0.170080 0.976856 0.129711 105.801231 0.083688 -0.116835 0.989619 -26.076078 0.000000 0.000000 0.000000 1.000000
0.979847 0.170983 -0.103267 3.130064 -0.150260 0.971575 0.182934 96.952713 0.131610 -0.163730 0.977687 -26.703680 0.000000 0.000000 0.000000 1.000000
0.979706 0.156741 -0.124932 1.732170 -0.126761 0.967326 0.219571 88.663010 0.155265 -0.199278 0.967564 -25.653524 0.000000 0.000000 0.000000 1.000000
0.983100 0.137108 -0.121309 0.083718 -0.105184 0.965382 0.238693 82.506180 0.149836 -0.221899 0.963488 -23.142321 0.000000 0.000000 0.000000 1.000000
0.990879 0.100910 -0.089309 -1.779465 -0.078437 0.970811 0.226659 78.978836 0.109574 -0.217586 0.969871 -19.490561 0.000000 0.000000 0.000000 1.000000
0.998733 0.037599 -0.033451 -3.645510 -0.031525 0.985538 0.166496 77.544647 0.039227 -0.165230 0.985475 -15.632905 0.000000 0.000000 0.000000 1.000000
0.998782 -0.025772 0.042085 -5.032587 0.023798 0.998623 0.046758 78.763969 -0.043232 -0.045699 0.998019 -11.871646 0.000000 0.000000 0.000000 1.000000
0.992399 -0.039792 0.116450 -5.734542 0.050627 0.994507 -0.091612 82.252632 -0.112165 0.096811 0.988962 -7.919567 0.000000 0.000000 0.000000 1.000000
0.989008 -0.018581 0.146693 -5.682045 0.047628 0.979230 -0.197078 85.842682 -0.139984 0.201898 0.969351 -4.648195 0.000000 0.000000 0.000000 1.000000
0.993342 -0.001772 0.115189 -4.786979 0.028990 0.971552 -0.235046 88.551003 -0.111495 0.236821 0.965135 -3.185257 0.000000 0.000000 0.000000 1.000000
0.997751 -0.009056 0.066416 -3.372278 0.023004 0.976919 -0.212368 88.956482 -0.062960 0.213418 0.974930 -2.582228 0.000000 0.000000 0.000000 1.000000
0.998505 -0.027999 0.046949 -2.000798 0.035029 0.987084 -0.156328 87.653206 -0.041966 0.157739 0.986589 -1.381877 0.000000 0.000000 0.000000 1.000000
0.998594 -0.029007 0.044363 -0.922293 0.032444 0.996360 -0.078831 86.336227 -0.041915 0.080160 0.995900 -0.240274 0.000000 0.000000 0.000000 1.000000
0.999164 -0.015036 0.038015 -0.067235 0.015114 0.999884 -0.001776 86.925880 -0.037984 0.002349 0.999276 -0.104611 0.000000 0.000000 0.000000 1.000000</float_array>
        <technique_common>
          <accessor source="#mixamorig9_Hips-Matrix-animation-output-transform-array" count="29" stride="16">
            <param type="float4x4"/>
          </accessor>
        </technique_common>
      </source>
      <source id="mixamorig9_Hips-Interpolations">
        <Name_array id="mixamorig9_Hips-Interpolations-array" count="29">
 LINEAR LINEAR LINEAR LINEAR LINEAR LINEAR LINEAR LINEAR LINEAR LINEAR LINEAR
LINEAR LINEAR LINEAR LINEAR LINEAR LINEAR LINEAR LINEAR LINEAR LINEAR LINEAR LINEAR
LINEAR LINEAR LINEAR LINEAR LINEAR LINEAR</Name_array>
        <technique_common>
          <accessor source="#mixamorig9_Hips-Interpolations-array" count="29">
            <param type="name"/>
          </accessor>
        </technique_common>
      </source>
      <sampler id="mixamorig9_Hips-Matrix-animation-transform">
        <input semantic="INPUT" source="#mixamorig9_Hips-Matrix-animation-input"/>
        <input semantic="OUTPUT" source="#mixamorig9_Hips-Matrix-animation-output-transform"/>
        <input semantic="INTERPOLATION" source="#mixamorig9_Hips-Interpolations"/>
      </sampler>
      <channel source="#mixamorig9_Hips-Matrix-animation-transform" target="mixamorig9_Hips/matrix"/>
    </animation>
    <animation id="mixamorig9_Spine-anim" name="mixamorig9_Spine">
      <source id="mixamorig9_Spine-Matrix-animation-input">
        <float_array id="mixamorig9_Spine-Matrix-animation-input-array" count="29">

0.000000 0.033333 0.066667 0.100000 0.133333 0.166667 0.200000 0.233333 0.266667 0.300000 0.333333 0.366667 0.400000 0.433333 0.466667 0.500000
0.533333 0.566667 0.600000 0.633333 0.666667 0.700000 0.733333 0.766667 0.800000 0.833333 0.866667 0.900000 0.933333</float_array>
        <technique_common>
          <accessor source="#mixamorig9_Spine-Matrix-animation-input-array" count="29">
            <param name="TIME" type="float"/>
          </accessor>
        </technique_common>
      </source>
      <source id="mixamorig9_Spine-Matrix-animation-output-transform">
        <float_array id="mixamorig9_Spine-Matrix-animation-output-transform-array" count="464">

0.999372 -0.004970 0.035093 0.000000 0.011149 0.983940 -0.178151 10.547000 -0.033644 0.178431 0.983377 -1.004700 0.000000 0.000000 0.000000 1.000000
0.998709 -0.006388 0.050397 -0.000000 0.014724 0.985878 -0.166817 10.547000 -0.048620 0.167343 0.984699 -1.004700 0.000000 0.000000 0.000000 1.000000
0.998471 0.019554 0.051710 -0.000000 -0.012750 0.991590 -0.128792 10.547000 -0.053794 0.127936 0.990322 -1.004700 0.000000 0.000000 0.000000 1.000000
0.994029 0.108413 0.012375 0.000000 -0.107117 0.991130 -0.078664 10.547000 -0.020793 0.076868 0.996824 -1.004700 0.000000 0.000000 0.000000 1.000000
0.965590 0.248755 -0.075870 0.000000 -0.250218 0.968135 -0.010286 10.547000 0.070894 0.028916 0.997065 -1.004700 0.000000 0.000000 0.000000 1.000000
0.919416 0.347921 -0.183372 0.000000 -0.339351 0.937483 0.077248 10.547000 0.198784 -0.008796 0.980004 -1.004700 0.000000 0.000000 0.000000 1.000000
0.903485 0.333304 -0.269486 0.000000 -0.308458 0.942156 0.131129 10.547000 0.297604 -0.035348 0.954035 -1.004700 0.000000 0.000000 0.000000 1.000000
0.925714 0.221004 -0.306938 0.000000 -0.197503 0.974550 0.106043 10.547000 0.322562 -0.037544 0.945803 -1.004700 0.000000 0.000000 0.000000 1.000000
0.953892 0.084269 -0.288079 -0.000000 -0.082817 0.996415 0.017246 10.547000 0.288500 0.007407 0.957451 -1.004700 0.000000 0.000000 0.000000 1.000000
0.971814 -0.020290 -0.234873 0.000000 -0.000408 0.996143 -0.087741 10.547000 0.235747 0.085364 0.968058 -1.004700 0.000000 0.000000 0.000000 1.000000
0.980306 -0.090717 -0.175416 -0.000000 0.063120 0.985586 -0.156957 10.547000 0.187126 0.142794 0.971902 -1.004700 0.000000 0.000000 0.000000 1.000000
0.980983 -0.142337 -0.131955 0.000000 0.119449 0.978595 -0.167579 10.547000 0.152983 0.148631 0.976988 -1.004700 0.000000 0.000000 0.000000 1.000000
0.977517 -0.180562 -0.108889 -0.000000 0.162842 0.974537 -0.154142 10.547000 0.133949 0.132945 0.982030 -1.004700 0.000000 0.000000 0.000000 1.000000
0.975071 -0.203133 -0.089298 -0.000000 0.185793 0.967426 -0.171951 10.547000 0.121318 0.151073 0.981050 -1.004700 0.000000 0.000000 0.000000 1.000000
0.977047 -0.205531 -0.056007 0.000000 0.187541 0.954598 -0.231453 10.547000 0.101035 0.215636 0.971233 -1.004700 0.000000 0.000000 0.000000 1.000000
0.983471 -0.180748 -0.010736 0.000000 0.169555 0.940128 -0.295654 10.547000 0.063532 0.288947 0.955235 -1.004700 0.000000 0.000000 0.000000 1.000000
0.991147 -0.128532 0.033286 0.000000 0.132223 0.932768 -0.335352 10.547000 0.012056 0.336784 0.941505 -1.004700 0.000000 0.000000 0.000000 1.000000
0.995524 -0.064757 0.068840 0.000000 0.084996 0.931955 -0.352470 10.547000 -0.041331 0.356744 0.933288 -1.004700 0.000000 0.000000 0.000000 1.000000
0.995402 -0.011433 0.095098 -0.000000 0.044569 0.934104 -0.354207 10.547000 -0.084781 0.356817 0.930319 -1.004700 0.000000 0.000000 0.000000 1.000000
0.994116 0.019348 0.106575 0.000000 0.017516 0.942252 -0.334446 10.547000 -0.106892 0.334345 0.936369 -1.004700 0.000000 0.000000 0.000000 1.000000
0.994561 0.030073 0.099718 -0.000000 -0.000291 0.958207 -0.286074 10.547000 -0.104154 0.284489 0.953005 -1.004700 0.000000 0.000000 0.000000 1.000000
0.995898 0.023795 0.087298 -0.000000 -0.004326 0.976221 -0.216734 10.547000 -0.090380 0.215467 0.972320 -1.004700 0.000000 0.000000 0.000000 1.000000
0.995954 0.001233 0.089853 -0.000000 0.012028 0.989079 -0.146895 10.547000 -0.089053 0.147381 0.985063 -1.004700 0.000000 0.000000 0.000000 1.000000
0.993292 -0.026803 0.112486 -0.000000 0.037866 0.994526 -0.097392 10.547000 -0.109260 0.100998 0.988869 -1.004700 0.000000 0.000000 0.000000 1.000000
0.989807 -0.042234 0.136011 0.000000 0.053821 0.995122 -0.082674 10.547000 -0.131856 0.089152 0.987252 -1.004700 0.000000 0.000000 0.000000 1.000000
0.990286 -0.036684 0.134121 0.000000 0.050909 0.993250 -0.104222 10.547000 -0.129393 0.110038 0.985469 -1.004700 0.000000 0.000000 0.000000 1.000000
0.994549 -0.020274 0.102279 0.000000 0.034844 0.989145 -0.142754 10.547000 -0.098275 0.145540 0.984459 -1.004700 0.000000 0.000000 0.000000 1.000000
0.998074 -0.008017 0.061511 0.000000 0.018525 0.984884 -0.172220 10.547000 -0.059201 0.173028 0.983136 -1.004700 0.000000 0.000000 0.000000 1.000000
0.999372 -0.004970 0.035093 0.000000 0.011149 0.983940 -0.178151 10.547000 -0.033644 0.178431 0.983377 -1.004700 0.000000 0.000000 0.000000 1.000000</float_array>
        <technique_common>
          <accessor source="#mixamorig9_Spine-Matrix-animation-output-transform-array" count="29" stride="16">
            <param type="float4x4"/>
          </accessor>
        </technique_common>
      </source>
      <source id="mixamorig9_Spine-Interpolations">
        <Name_array id="mixamorig9_Spine-Interpolations-array" count="29">
 LINEAR LINEAR LINEAR LINEAR LINEAR LINEAR LINEAR LINEAR LINEAR LINEAR LINEAR
LINEAR LINEAR LINEAR LINEAR LINEAR LINEAR LINEAR LINEAR LINEAR LINEAR LINEAR LINEAR
LINEAR LINEAR LINEAR LINEAR LINEAR LINEAR</Name_array>
        <technique_common>
          <accessor source="#mixamorig9_Spine-Interpolations-array" count="29">
            <param type="name"/>
          </accessor>
        </technique_common>
      </source>
      <sampler id="mixamorig9_Spine-Matrix-animation-transform">
        <input semantic="INPUT" source="#mixamorig9_Spine-Matrix-animation-input"/>
        <input semantic="OUTPUT" source="#mixamorig9_Spine-Matrix-animation-output-transform"/>
        <input semantic="INTERPOLATION" source="#mixamorig9_Spine-Interpolations"/>
      </sampler>
      <channel source="#mixamorig9_Spine-Matrix-animation-transform" target="mixamorig9_Spine/matrix"/>
    </animation>
    <animation id="mixamorig9_Spine1-anim" name="mixamorig9_Spine1">
      <source id="mixamorig9_Spine1-Matrix-animation-input">
        <float_array id="mixamorig9_Spine1-Matrix-animation-input-array" count="29">

0.000000 0.033333 0.066667 0.100000 0.133333 0.166667 0.200000 0.233333 0.266667 0.300000 0.333333 0.366667 0.400000 0.433333 0.466667 0.500000
0.533333 0.566667 0.600000 0.633333 0.666667 0.700000 0.733333 0.766667 0.800000 0.833333 0.866667 0.900000 0.933333</float_array>
        <technique_common>
          <accessor source="#mixamorig9_Spine1-Matrix-animation-input-array" count="29">
            <param name="TIME" type="float"/>
          </accessor>
        </technique_common>
      </source>
      <source id="mixamorig9_Spine1-Matrix-animation-output-transform">
        <float_array id="mixamorig9_Spine1-Matrix-animation-output-transform-array" count="464">

0.999927 -0.008821 0.008306 -0.000000 0.009187 0.998938 -0.045145 12.360600 -0.007899 0.045218 0.998946 0.000000 0.000000 0.000000 0.000000 1.000000
0.999732 -0.019670 0.012191 -0.000000 0.021610 0.981979 -0.187753 12.360600 -0.008279 0.187966 0.982141 0.000000 0.000000 0.000000 0.000000 1.000000
0.999640 -0.023219 0.013422 -0.000000 0.026256 0.949358 -0.313098 12.360600 -0.005473 0.313338 0.949626 -0.000000 0.000000 0.000000 0.000000 1.000000
0.999893 -0.012260 0.008035 0.000000 0.014384 0.926310 -0.376487 12.360600 -0.002827 0.376563 0.926387 0.000000 0.000000 0.000000 0.000000 1.000000
0.999931 0.010976 -0.004084 0.000000 -0.011704 0.924857 -0.380135 12.360600 -0.000396 0.380156 0.924922 0.000000 0.000000 0.000000 0.000000 1.000000
0.999303 0.033670 -0.016102 0.000000 -0.037175 0.936245 -0.349376 12.360600 0.003312 0.349732 0.936844 0.000000 0.000000 0.000000 0.000000 1.000000
0.998774 0.045347 -0.019876 0.000000 -0.049272 0.949790 -0.308985 12.360600 0.004866 0.309586 0.950859 0.000000 0.000000 0.000000 0.000000 1.000000
0.998717 0.048765 -0.013642 0.000000 -0.050632 0.957508 -0.283927 12.360600 -0.000783 0.284254 0.958749 0.000000 0.000000 0.000000 0.000000 1.000000
0.998652 0.051843 -0.002436 0.000000 -0.050265 0.954418 -0.294210 12.360600 -0.012928 0.293936 0.955738 0.000000 0.000000 0.000000 0.000000 1.000000
0.998631 0.051695 0.007932 0.000000 -0.046188 0.942882 -0.329911 12.360600 -0.024534 0.329093 0.943979 0.000000 0.000000 0.000000 0.000000 1.000000
0.999187 0.037413 0.015010 0.000000 -0.029837 0.936752 -0.348720 12.360600 -0.027107 0.347989 0.937107 0.000000 0.000000 0.000000 0.000000 1.000000
0.999809 0.006523 0.018416 0.000000 -0.000354 0.948498 -0.316783 12.360600 -0.019534 0.316717 0.948319 0.000000 0.000000 0.000000 0.000000 1.000000
0.999397 -0.029436 0.018400 0.000000 0.033103 0.967716 -0.249860 12.360600 -0.010451 0.250318 0.968107 0.000000 0.000000 0.000000 0.000000 1.000000
0.998415 -0.053882 0.016255 -0.000000 0.056072 0.977182 -0.204868 12.360600 -0.004845 0.205455 0.978655 0.000000 0.000000 0.000000 0.000000 1.000000
0.998237 -0.057811 0.013467 0.000000 0.059357 0.973898 -0.219086 12.360600 -0.000450 0.219499 0.975613 -0.000000 0.000000 0.000000 0.000000 1.000000
0.998969 -0.044166 0.010468 0.000000 0.045341 0.960357 -0.275060 12.360600 0.002096 0.275251 0.961370 0.000000 0.000000 0.000000 0.000000 1.000000
0.999721 -0.022359 0.007552 0.000000 0.023596 0.941651 -0.335763 12.360600 0.000395 0.335848 0.941916 0.000000 0.000000 0.000000 0.000000 1.000000
0.999982 -0.001114 0.005871 0.000000 0.003289 0.922838 -0.385175 12.360600 -0.004989 0.385187 0.922825 0.000000 0.000000 0.000000 0.000000 1.000000
0.999874 0.014552 0.006277 0.000000 -0.010525 0.905856 -0.423455 12.360600 -0.011848 0.423335 0.905896 0.000000 0.000000 0.000000 0.000000 1.000000
0.999701 0.023069 0.008110 0.000000 -0.017025 0.894701 -0.446340 12.360600 -0.017553 0.446068 0.894827 0.000000 0.000000 0.000000 0.000000 1.000000
0.999632 0.025276 0.009878 0.000000 -0.018267 0.895893 -0.443895 12.360600 -0.020070 0.443551 0.896025 0.000000 0.000000 0.000000 0.000000 1.000000
0.999654 0.024016 0.010699 0.000000 -0.017473 0.910911 -0.412234 12.360600 -0.019646 0.411904 0.911015 0.000000 0.000000 0.000000 0.000000 1.000000
0.999676 0.022940 0.011040 -0.000000 -0.017468 0.933526 -0.358083 12.360600 -0.018520 0.357774 0.933624 0.000000 0.000000 0.000000 0.000000 1.000000
0.999657 0.023208 0.012097 0.000000 -0.018655 0.956060 -0.292575 12.360600 -0.018356 0.292250 0.956166 0.000000 0.000000 0.000000 0.000000 1.000000
0.999661 0.022029 0.013914 0.000000 -0.018358 0.974452 -0.223845 12.360600 -0.018490 0.223514 0.974525 0.000000 0.000000 0.000000 0.000000 1.000000
0.999757 0.016363 0.014781 -0.000000 -0.013842 0.987509 -0.156951 12.360600 -0.017165 0.156708 0.987496 0.000000 0.000000 0.000000 0.000000 1.000000
0.999885 0.007000 0.013421 0.000000 -0.005631 0.995030 -0.099419 12.360600 -0.014051 0.099332 0.994955 0.000000 0.000000 0.000000 0.000000 1.000000
0.999940 -0.002465 0.010673 0.000000 0.003105 0.998167 -0.060438 12.360600 -0.010505 0.060468 0.998115 0.000000 0.000000 0.000000 0.000000 1.000000
0.999927 -0.008821 0.008306 0.000000 0.009187 0.998938 -0.045145 12.360600 -0.007899 0.045218 0.998946 0.000000 0.000000 0.000000 0.000000 1.000000</float_array>
        <technique_common>
          <accessor source="#mixamorig9_Spine1-Matrix-animation-output-transform-array" count="29" stride="16">
            <param type="float4x4"/>
          </accessor>
        </technique_common>
      </source>
      <source id="mixamorig9_Spine1-Interpolations">
        <Name_array id="mixamorig9_Spine1-Interpolations-array" count="29">
 LINEAR LINEAR LINEAR LINEAR LINEAR LINEAR LINEAR LINEAR LINEAR LINEAR LINEAR
LINEAR LINEAR LINEAR LINEAR LINEAR LINEAR LINEAR LINEAR LINEAR LINEAR LINEAR LINEAR
LINEAR LINEAR LINEAR LINEAR LINEAR LINEAR</Name_array>
        <technique_common>
          <accessor source="#mixamorig9_Spine1-Interpolations-array" count="29">
            <param type="name"/>
          </accessor>
        </technique_common>
      </source>
      <sampler id="mixamorig9_Spine1-Matrix-animation-transform">
        <input semantic="INPUT" source="#mixamorig9_Spine1-Matrix-animation-input"/>
        <input semantic="OUTPUT" source="#mixamorig9_Spine1-Matrix-animation-output-transform"/>
        <input semantic="INTERPOLATION" source="#mixamorig9_Spine1-Interpolations"/>
      </sampler>
      <channel source="#mixamorig9_Spine1-Matrix-animation-transform" target="mixamorig9_Spine1/matrix"/>
    </animation>
    <animation id="mixamorig9_Spine2-anim" name="mixamorig9_Spine2">
      <source id="mixamorig9_Spine2-Matrix-animation-input">
        <float_array id="mixamorig9_Spine2-Matrix-animation-input-array" count="29">

0.000000 0.033333 0.066667 0.100000 0.133333 0.166667 0.200000 0.233333 0.266667 0.300000 0.333333 0.366667 0.400000 0.433333 0.466667 0.500000
0.533333 0.566667 0.600000 0.633333 0.666667 0.700000 0.733333 0.766667 0.800000 0.833333 0.866667 0.900000 0.933333</float_array>
        <technique_common>
          <accessor source="#mixamorig9_Spine2-Matrix-animation-input-array" count="29">
            <param name="TIME" type="float"/>
          </accessor>
        </technique_common>
      </source>
      <source id="mixamorig9_Spine2-Matrix-animation-output-transform">
        <float_array id="mixamorig9_Spine2-Matrix-animation-output-transform-array" count="464">

0.999932 -0.008647 0.007878 0.000000 0.008995 0.998937 -0.045202 14.126300 -0.007479 0.045270 0.998947 0.000000 0.000000 0.000000 0.000000 1.000000
0.999804 -0.014465 0.013516 0.000000 0.016771 0.981648 -0.189965 14.126300 -0.010520 0.190155 0.981698 0.000000 0.000000 0.000000 0.000000 1.000000
0.999889 -0.007120 0.013064 0.000000 0.010957 0.946405 -0.322797 14.126300 -0.010066 0.322904 0.946378 0.000000 0.000000 0.000000 0.000000 1.000000
0.999814 0.019209 0.001713 -0.000000 -0.016922 0.916445 -0.399804 14.126300 -0.009250 0.399700 0.916599 0.000000 0.000000 0.000000 0.000000 1.000000
0.997980 0.060378 -0.019747 0.000000 -0.063061 0.904102 -0.422639 14.126300 -0.007664 0.423030 0.906083 0.000000 0.000000 0.000000 0.000000 1.000000
0.994019 0.101175 -0.041117 0.000000 -0.109103 0.903243 -0.415029 14.126300 -0.004852 0.417033 0.908878 -0.000000 0.000000 0.000000 0.000000 1.000000
0.990555 0.127764 -0.049777 0.000000 -0.136985 0.906097 -0.400279 14.126300 -0.006039 0.403317 0.915040 0.000000 0.000000 0.000000 0.000000 1.000000
0.989366 0.139262 -0.041955 0.000000 -0.144338 0.904577 -0.401132 14.126300 -0.017911 0.402923 0.915059 0.000000 0.000000 0.000000 0.000000 1.000000
0.989585 0.141779 -0.024905 0.000000 -0.138469 0.890256 -0.433902 14.126300 -0.039346 0.432832 0.900616 0.000000 0.000000 0.000000 0.000000 1.000000
0.991009 0.133571 -0.007738 0.000000 -0.120446 0.865458 -0.486287 14.126300 -0.058257 0.482847 0.873765 0.000000 0.000000 0.000000 0.000000 1.000000
0.994344 0.105993 0.006772 -0.000000 -0.087220 0.851289 -0.517397 14.126300 -0.060606 0.513880 0.855718 0.000000 0.000000 0.000000 0.000000 1.000000
0.998175 0.057090 0.019687 0.000000 -0.039918 0.868394 -0.494266 14.126300 -0.045314 0.492578 0.869088 0.000000 0.000000 0.000000 0.000000 1.000000
0.999570 -0.001610 0.029289 -0.000000 0.013920 0.904946 -0.425299 14.126300 -0.025820 0.425523 0.904579 0.000000 0.000000 0.000000 0.000000 1.000000
0.998276 -0.050188 0.030448 0.000000 0.057785 0.931458 -0.359230 14.126300 -0.010332 0.360370 0.932752 0.000000 0.000000 0.000000 0.000000 1.000000
0.997053 -0.073875 0.020689 0.000000 0.076514 0.937970 -0.338167 14.126300 0.005576 0.338754 0.940859 0.000000 0.000000 0.000000 0.000000 1.000000
0.997390 -0.072075 0.004191 0.000000 0.068791 0.931126 -0.358151 14.126300 0.021911 0.357505 0.933654 0.000000 0.000000 0.000000 0.000000 1.000000
0.998445 -0.054561 -0.011426 0.000000 0.045721 0.918785 -0.392102 14.126300 0.031891 0.390970 0.919851 0.000000 0.000000 0.000000 0.000000 1.000000
0.999254 -0.032595 -0.020734 0.000000 0.020683 0.904720 -0.425504 14.126300 0.032628 0.424758 0.904719 -0.000000 0.000000 0.000000 0.000000 1.000000
0.999653 -0.013855 -0.022426 0.000000 0.002113 0.890119 -0.455723 14.126300 0.026275 0.455517 0.889839 0.000000 0.000000 0.000000 0.000000 1.000000
0.999839 -0.001907 -0.017849 0.000000 -0.006832 0.879080 -0.476625 14.126300 0.016600 0.476671 0.878925 0.000000 0.000000 0.000000 0.000000 1.000000
0.999952 0.002858 -0.009376 -0.000000 -0.006992 0.878366 -0.477938 14.126300 0.006870 0.477981 0.878344 -0.000000 0.000000 0.000000 0.000000 1.000000
0.999996 0.002863 0.000332 -0.000000 -0.002398 0.890349 -0.455273 14.126300 -0.001599 0.455270 0.890352 -0.000000 0.000000 0.000000 0.000000 1.000000
0.999956 0.001947 0.009190 -0.000000 0.002027 0.910523 -0.413453 14.126300 -0.009173 0.413454 0.910479 -0.000000 0.000000 0.000000 0.000000 1.000000
0.999866 0.002036 0.016228 -0.000000 0.003930 0.933246 -0.359216 14.126300 -0.015876 0.359232 0.933113 0.000000 0.000000 0.000000 0.000000 1.000000
0.999787 0.001937 0.020532 -0.000000 0.004176 0.955935 -0.293550 14.126300 -0.020196 0.293573 0.955723 0.000000 0.000000 0.000000 0.000000 1.000000
0.999785 0.000182 0.020721 0.000000 0.004293 0.976450 -0.215700 14.126300 -0.020273 0.215742 0.976240 -0.000000 0.000000 0.000000 0.000000 1.000000
0.999853 -0.002826 0.016903 -0.000000 0.005096 0.990725 -0.135788 14.126300 -0.016362 0.135855 0.990594 0.000000 0.000000 0.000000 0.000000 1.000000
0.999915 -0.005968 0.011632 0.000000 0.006810 0.997255 -0.073723 14.126300 -0.011160 0.073796 0.997211 -0.000000 0.000000 0.000000 0.000000 1.000000
0.999932 -0.008647 0.007878 0.000000 0.008995 0.998937 -0.045202 14.126300 -0.007479 0.045270 0.998947 0.000000 0.000000 0.000000 0.000000 1.000000</float_array>
        <technique_common>
          <accessor source="#mixamorig9_Spine2-Matrix-animation-output-transform-array" count="29" stride="16">
            <param type="float4x4"/>
          </accessor>
        </technique_common>
      </source>
      <source id="mixamorig9_Spine2-Interpolations">
        <Name_array id="mixamorig9_Spine2-Interpolations-array" count="29">
 LINEAR LINEAR LINEAR LINEAR LINEAR LINEAR LINEAR LINEAR LINEAR LINEAR LINEAR
LINEAR LINEAR LINEAR LINEAR LINEAR LINEAR LINEAR LINEAR LINEAR LINEAR LINEAR LINEAR
LINEAR LINEAR LINEAR LINEAR LINEAR LINEAR</Name_array>
        <technique_common>
          <accessor source="#mixamorig9_Spine2-Interpolations-array" count="29">
            <param type="name"/>
          </accessor>
        </technique_common>
      </source>
      <sampler id="mixamorig9_Spine2-Matrix-animation-transform">
        <input semantic="INPUT" source="#mixamorig9_Spine2-Matrix-animation-input"/>
        <input semantic="OUTPUT" source="#mixamorig9_Spine2-Matrix-animation-output-transform"/>
        <input semantic="INTERPOLATION" source="#mixamorig9_Spine2-Interpolations"/>
      </sampler>
      <channel source="#mixamorig9_Spine2-Matrix-animation-transform" target="mixamorig9_Spine2/matrix"/>
    </animation>
    <animation id="mixamorig9_Neck-anim" name="mixamorig9_Neck">
      <source id="mixamorig9_Neck-Matrix-animation-input">
        <float_array id="mixamorig9_Neck-Matrix-animation-input-array" count="29">

0.000000 0.033333 0.066667 0.100000 0.133333 0.166667 0.200000 0.233333 0.266667 0.300000 0.333333 0.366667 0.400000 0.433333 0.466667 0.500000
0.533333 0.566667 0.600000 0.633333 0.666667 0.700000 0.733333 0.766667 0.800000 0.833333 0.866667 0.900000 0.933333</float_array>
        <technique_common>
          <accessor source="#mixamorig9_Neck-Matrix-animation-input-array" count="29">
            <param name="TIME" type="float"/>
          </accessor>
        </technique_common>
      </source>
      <source id="mixamorig9_Neck-Matrix-animation-output-transform">
        <float_array id="mixamorig9_Neck-Matrix-animation-output-transform-array" count="464">

0.999794 -0.015440 -0.013181 0.000000 0.013901 0.993857 -0.109797 15.892100 0.014795 0.109591 0.993867 0.000000 0.000000 0.000000 0.000000 1.000000
0.999874 0.003532 -0.015461 0.000000 -0.004852 0.996270 -0.086155 15.892100 0.015099 0.086219 0.996162 0.000000 0.000000 0.000000 0.000000 1.000000
0.999762 0.005893 -0.020986 -0.000000 -0.007345 0.997534 -0.069794 15.892100 0.020523 0.069931 0.997341 0.000000 0.000000 0.000000 0.000000 1.000000
0.999800 -0.001048 -0.019959 0.000000 -0.000432 0.997258 -0.074002 15.892100 0.019981 0.073996 0.997058 0.000000 0.000000 0.000000 0.000000 1.000000
0.999975 -0.000051 -0.007108 0.000000 -0.000639 0.995283 -0.097008 15.892100 0.007079 0.097010 0.995258 0.000000 0.000000 0.000000 0.000000 1.000000
0.999711 0.020250 0.012936 0.000000 -0.018373 0.991127 -0.131640 15.892100 -0.015487 0.131364 0.991213 0.000000 0.000000 0.000000 0.000000 1.000000
0.998254 0.050242 0.031070 0.000000 -0.044344 0.984826 -0.167782 15.892100 -0.039029 0.166112 0.985334 -0.000000 0.000000 0.000000 0.000000 1.000000
0.996726 0.069231 0.041766 0.000000 -0.060055 0.979776 -0.190870 15.892100 -0.054135 0.187737 0.980726 0.000000 0.000000 0.000000 0.000000 1.000000
0.996679 0.068255 0.044410 -0.000000 -0.058663 0.980078 -0.189753 15.892100 -0.056477 0.186518 0.980827 0.000000 0.000000 0.000000 0.000000 1.000000
0.997563 0.056686 0.040670 0.000000 -0.049251 0.985070 -0.164958 15.892100 -0.049413 0.162553 0.985462 0.000000 0.000000 0.000000 0.000000 1.000000
0.998262 0.048698 0.033177 0.000000 -0.044095 0.990845 -0.127598 15.892100 -0.039087 0.125913 0.991271 0.000000 0.000000 0.000000 0.000000 1.000000
0.998468 0.049257 0.025207 0.000000 -0.046843 0.994951 -0.088758 15.892100 -0.029452 0.087441 0.995734 0.000000 0.000000 0.000000 0.000000 1.000000
0.998389 0.053128 0.019901 0.000000 -0.052092 0.997422 -0.049357 15.892100 -0.022472 0.048241 0.998583 0.000000 0.000000 0.000000 0.000000 1.000000
0.998415 0.052943 0.019105 0.000000 -0.052897 0.998596 -0.002878 15.892100 -0.019230 0.001863 0.999813 0.000000 0.000000 0.000000 0.000000 1.000000
0.998726 0.045399 0.022030 0.000000 -0.046509 0.997524 0.052756 15.892100 -0.019581 -0.053714 0.998364 0.000000 0.000000 0.000000 0.000000 1.000000
0.999181 0.031161 0.025815 0.000000 -0.033824 0.993342 0.110126 15.892100 -0.022212 -0.110909 0.993582 0.000000 0.000000 0.000000 0.000000 1.000000
0.999522 0.013093 0.028009 0.000000 -0.017364 0.987264 0.158138 15.892100 -0.025582 -0.158549 0.987020 -0.000000 0.000000 0.000000 0.000000 1.000000
0.999593 -0.003489 0.028330 0.000000 -0.001905 0.982132 0.188185 15.892100 -0.028480 -0.188163 0.981725 0.000000 0.000000 0.000000 0.000000 1.000000
0.999551 -0.011693 0.027574 0.000000 0.006093 0.980779 0.195028 15.892100 -0.029325 -0.194773 0.980410 0.000000 0.000000 0.000000 0.000000 1.000000
0.999662 -0.007751 0.024834 0.000000 0.003199 0.983962 0.178352 15.892100 -0.025818 -0.178212 0.983653 -0.000000 0.000000 0.000000 0.000000 1.000000
0.999835 0.005397 0.017339 0.000000 -0.007865 0.989321 0.145540 15.892100 -0.016369 -0.145652 0.989200 0.000000 0.000000 0.000000 0.000000 1.000000
0.999760 0.021436 0.004552 0.000000 -0.021804 0.993830 0.108747 15.892100 -0.002193 -0.108820 0.994059 0.000000 0.000000 0.000000 0.000000 1.000000
0.999298 0.036311 -0.009228 0.000000 -0.035495 0.996403 0.076948 15.892100 0.011989 -0.076567 0.996992 0.000000 0.000000 0.000000 0.000000 1.000000
0.998703 0.047422 -0.018512 0.000000 -0.046453 0.997684 0.049695 15.892100 0.020825 -0.048771 0.998593 0.000000 0.000000 0.000000 0.000000 1.000000
0.998496 0.050445 -0.021475 -0.000000 -0.050075 0.998593 0.017451 15.892100 0.022325 -0.016349 0.999617 -0.000000 0.000000 0.000000 0.000000 1.000000
0.998900 0.042444 -0.019953 -0.000000 -0.042974 0.998714 -0.026901 15.892100 0.018786 0.027728 0.999439 0.000000 0.000000 0.000000 0.000000 1.000000
0.999530 0.025658 -0.016791 -0.000000 -0.026844 0.996843 -0.074722 15.892100 0.014821 0.075138 0.997063 0.000000 0.000000 0.000000 0.000000 1.000000
0.999886 0.005060 -0.014191 0.000000 -0.006552 0.994229 -0.107079 15.892100 0.013567 0.107160 0.994149 0.000000 0.000000 0.000000 0.000000 1.000000
0.999794 -0.015440 -0.013181 -0.000000 0.013901 0.993857 -0.109797 15.892100 0.014795 0.109591 0.993867 -0.000000 0.000000 0.000000 0.000000 1.000000</float_array>
        <technique_common>
          <accessor source="#mixamorig9_Neck-Matrix-animation-output-transform-array" count="29" stride="16">
            <param type="float4x4"/>
          </accessor>
        </technique_common>
      </source>
      <source id="mixamorig9_Neck-Interpolations">
        <Name_array id="mixamorig9_Neck-Interpolations-array" count="29">
 LINEAR LINEAR LINEAR LINEAR LINEAR LINEAR LINEAR LINEAR LINEAR LINEAR LINEAR
LINEAR LINEAR LINEAR LINEAR LINEAR LINEAR LINEAR LINEAR LINEAR LINEAR LINEAR LINEAR
LINEAR LINEAR LINEAR LINEAR LINEAR LINEAR</Name_array>
        <technique_common>
          <accessor source="#mixamorig9_Neck-Interpolations-array" count="29">
            <param type="name"/>
          </accessor>
        </technique_common>
      </source>
      <sampler id="mixamorig9_Neck-Matrix-animation-transform">
        <input semantic="INPUT" source="#mixamorig9_Neck-Matrix-animation-input"/>
        <input semantic="OUTPUT" source="#mixamorig9_Neck-Matrix-animation-output-transform"/>
        <input semantic="INTERPOLATION" source="#mixamorig9_Neck-Interpolations"/>
      </sampler>
      <channel source="#mixamorig9_Neck-Matrix-animation-transform" target="mixamorig9_Neck/matrix"/>
    </animation>
    <animation id="mixamorig9_Head-anim" name="mixamorig9_Head">
      <source id="mixamorig9_Head-Matrix-animation-input">
        <float_array id="mixamorig9_Head-Matrix-animation-input-array" count="29">

0.000000 0.033333 0.066667 0.100000 0.133333 0.166667 0.200000 0.233333 0.266667 0.300000 0.333333 0.366667 0.400000 0.433333 0.466667 0.500000
0.533333 0.566667 0.600000 0.633333 0.666667 0.700000 0.733333 0.766667 0.800000 0.833333 0.866667 0.900000 0.933333</float_array>
        <technique_common>
          <accessor source="#mixamorig9_Head-Matrix-animation-input-array" count="29">
            <param name="TIME" type="float"/>
          </accessor>
        </technique_common>
      </source>
      <source id="mixamorig9_Head-Matrix-animation-output-transform">
        <float_array id="mixamorig9_Head-Matrix-animation-output-transform-array" count="464">

0.999794 -0.015621 -0.012931 0.000000 0.015426 0.999767 -0.015083 6.594300 0.013164 0.014881 0.999803 1.984900 0.000000 0.000000 0.000000 1.000000
0.999864 0.002850 -0.016237 0.000000 -0.002773 0.999985 0.004745 6.594300 0.016250 -0.004700 0.999857 1.984900 0.000000 0.000000 0.000000 1.000000
0.999764 0.003344 -0.021469 0.000000 -0.003090 0.999925 0.011838 6.594300 0.021506 -0.011769 0.999699 1.984900 0.000000 0.000000 0.000000 1.000000
0.999817 -0.005292 -0.018367 0.000000 0.005157 0.999959 -0.007413 6.594300 0.018406 0.007317 0.999804 1.984900 0.000000 0.000000 0.000000 1.000000
0.999982 -0.004489 -0.003980 0.000000 0.004280 0.998686 -0.051066 6.594300 0.004204 0.051048 0.998687 1.984900 0.000000 0.000000 0.000000 1.000000
0.999764 0.016656 0.013955 0.000000 -0.015002 0.993683 -0.111215 6.594300 -0.015720 0.110979 0.993698 1.984900 0.000000 0.000000 0.000000 1.000000
0.998530 0.046838 0.027281 0.000000 -0.041324 0.983511 -0.176061 6.594300 -0.035078 0.174675 0.984001 1.984900 0.000000 0.000000 0.000000 1.000000
0.997289 0.064614 0.035217 0.000000 -0.054858 0.971770 -0.229462 6.594300 -0.049049 0.226908 0.972680 1.984900 0.000000 0.000000 0.000000 1.000000
0.997297 0.061603 0.040034 0.000000 -0.049149 0.964439 -0.259697 6.594300 -0.054609 0.257027 0.964860 1.984900 0.000000 0.000000 0.000000 1.000000
0.998007 0.047651 0.041376 -0.000000 -0.034904 0.963014 -0.267180 6.594300 -0.052577 0.265203 0.962758 1.984900 0.000000 0.000000 0.000000 1.000000
0.998615 0.036764 0.037627 0.000000 -0.025599 0.964468 -0.262955 6.594300 -0.045957 0.261628 0.964074 1.984900 0.000000 0.000000 0.000000 1.000000
0.998980 0.033912 0.029817 -0.000000 -0.025104 0.965943 -0.257533 6.594300 -0.037535 0.256522 0.965809 1.984900 0.000000 0.000000 0.000000 1.000000
0.999151 0.034651 0.022292 0.000000 -0.027967 0.967676 -0.250640 6.594300 -0.030257 0.249804 0.967824 1.984900 0.000000 0.000000 0.000000 1.000000
0.999261 0.032759 0.020096 -0.000000 -0.027139 0.971719 -0.234577 6.594300 -0.027212 0.233858 0.971890 1.984900 0.000000 0.000000 0.000000 1.000000
0.999360 0.025283 0.025294 0.000000 -0.019528 0.978289 -0.206325 6.594300 -0.029961 0.205699 0.978157 1.984900 0.000000 0.000000 0.000000 1.000000
0.999290 0.011906 0.035735 0.000000 -0.005574 0.985027 -0.172311 6.594300 -0.037252 0.171989 0.984394 1.984900 0.000000 0.000000 0.000000 1.000000
0.998885 -0.006043 0.046813 -0.000000 0.012676 0.989683 -0.142712 6.594300 -0.045468 0.143146 0.988657 1.984900 0.000000 0.000000 0.000000 1.000000
0.998245 -0.023984 0.054141 0.000000 0.030654 0.991565 -0.125933 6.594300 -0.050664 0.127372 0.990560 1.984900 0.000000 0.000000 0.000000 1.000000
0.997880 -0.034564 0.055144 0.000000 0.041379 0.990953 -0.127671 6.594300 -0.050232 0.129682 0.990282 1.984900 0.000000 0.000000 0.000000 1.000000
0.998265 -0.033315 0.048544 0.000000 0.040136 0.988306 -0.147106 6.594300 -0.043076 0.148799 0.987929 1.984900 0.000000 0.000000 0.000000 1.000000
0.999176 -0.022860 0.033536 -0.000000 0.028307 0.984657 -0.172191 6.594300 -0.029085 0.172998 0.984493 1.984900 0.000000 0.000000 0.000000 1.000000
0.999895 -0.008838 0.011524 0.000000 0.010828 0.982484 -0.186030 6.594300 -0.009678 0.186135 0.982476 1.984900 0.000000 0.000000 0.000000 1.000000
0.999914 0.006085 -0.011646 0.000000 -0.008085 0.983595 -0.180210 6.594300 0.010358 0.180289 0.983559 1.984900 0.000000 0.000000 0.000000 1.000000
0.999404 0.020354 -0.027886 -0.000000 -0.024525 0.987052 -0.158516 6.594300 0.024299 0.159105 0.986963 1.984900 0.000000 0.000000 0.000000 1.000000
0.999037 0.029446 -0.032535 -0.000000 -0.033430 0.991003 -0.129601 6.594300 0.028426 0.130564 0.991032 1.984900 0.000000 0.000000 0.000000 1.000000
0.999197 0.028997 -0.027632 -0.000000 -0.031615 0.994528 -0.099569 6.594300 0.024594 0.100363 0.994647 1.984900 0.000000 0.000000 0.000000 1.000000
0.999624 0.019102 -0.019675 -0.000000 -0.020445 0.997306 -0.070445 6.594300 0.018276 0.070821 0.997322 1.984900 0.000000 0.000000 0.000000 1.000000
0.999894 0.003082 -0.014196 0.000000 -0.003680 0.999100 -0.042261 6.594300 0.014053 0.042309 0.999006 1.984900 0.000000 0.000000 0.000000 1.000000
0.999794 -0.015621 -0.012931 0.000000 0.015426 0.999767 -0.015083 6.594300 0.013164 0.014881 0.999803 1.984900 0.000000 0.000000 0.000000 1.000000</float_array>
        <technique_common>
          <accessor source="#mixamorig9_Head-Matrix-animation-output-transform-array" count="29" stride="16">
            <param type="float4x4"/>
          </accessor>
        </technique_common>
      </source>
      <source id="mixamorig9_Head-Interpolations">
        <Name_array id="mixamorig9_Head-Interpolations-array" count="29">
 LINEAR LINEAR LINEAR LINEAR LINEAR LINEAR LINEAR LINEAR LINEAR LINEAR LINEAR
LINEAR LINEAR LINEAR LINEAR LINEAR LINEAR LINEAR LINEAR LINEAR LINEAR LINEAR LINEAR
LINEAR LINEAR LINEAR LINEAR LINEAR LINEAR</Name_array>
        <technique_common>
          <accessor source="#mixamorig9_Head-Interpolations-array" count="29">
            <param type="name"/>
          </accessor>
        </technique_common>
      </source>
      <sampler id="mixamorig9_Head-Matrix-animation-transform">
        <input semantic="INPUT" source="#mixamorig9_Head-Matrix-animation-input"/>
        <input semantic="OUTPUT" source="#mixamorig9_Head-Matrix-animation-output-transform"/>
        <input semantic="INTERPOLATION" source="#mixamorig9_Head-Interpolations"/>
      </sampler>
      <channel source="#mixamorig9_Head-Matrix-animation-transform" target="mixamorig9_Head/matrix"/>
    </animation>
    <animation id="mixamorig9_LeftShoulder-anim" name="mixamorig9_LeftShoulder">
      <source id="mixamorig9_LeftShoulder-Matrix-animation-input">
        <float_array id="mixamorig9_LeftShoulder-Matrix-animation-input-array" count="29">

0.000000 0.033333 0.066667 0.100000 0.133333 0.166667 0.200000 0.233333 0.266667 0.300000 0.333333 0.366667 0.400000 0.433333 0.466667 0.500000
0.533333 0.566667 0.600000 0.633333 0.666667 0.700000 0.733333 0.766667 0.800000 0.833333 0.866667 0.900000 0.933333</float_array>
        <technique_common>
          <accessor source="#mixamorig9_LeftShoulder-Matrix-animation-input-array" count="29">
            <param name="TIME" type="float"/>
          </accessor>
