<?xml version="1.0" encoding="utf-8"?>
<COLLADA xmlns="http://www.collada.org/2005/11/COLLADASchema" version="1.4.1">
  <asset>
    <contributor>
      <author>Mixamo</author>
      <authoring_tool>COLLADA Mixamo exporter</authoring_tool>
      <comments/>
    </contributor>
    <created>2025-04-05T22:59:26Z</created>
    <modified>2025-04-05T22:59:26Z</modified>
    <revision/>
    <title/>
    <unit meter="0.010000"/>
    <up_axis>Y_UP</up_axis>
  </asset>
  <library_animations>
    <animation id="mixamorig_Hips-anim" name="mixamorig_Hips">
      <source id="mixamorig_Hips-Matrix-animation-input">
        <float_array id="mixamorig_Hips-Matrix-animation-input-array" count="18">

0.000000 0.033333 0.066667 0.100000 0.133333 0.166667 0.200000 0.233333 0.266667 0.300000 0.333333 0.366667 0.400000 0.433333 0.466667 0.500000
0.533333 0.566667</float_array>
        <technique_common>
          <accessor source="#mixamorig_Hips-Matrix-animation-input-array" count="18">
            <param name="TIME" type="float"/>
          </accessor>
        </technique_common>
      </source>
      <source id="mixamorig_Hips-Matrix-animation-output-transform">
        <float_array id="mixamorig_Hips-Matrix-animation-output-transform-array" count="288">

0.831492 -0.177116 -0.526547 -0.443791 0.018118 0.955957 -0.292947 93.509178 0.555242 0.234043 0.798079 0.753766 0.000000 0.000000 0.000000 1.000000
0.826227 -0.185757 -0.531830 -1.535043 0.030104 0.957280 -0.287590 91.615646 0.562532 0.221604 0.796523 0.067462 0.000000 0.000000 0.000000 1.000000
0.809688 -0.184404 -0.557136 -2.561583 0.031063 0.961486 -0.273094 89.774902 0.586038 0.203814 0.784231 -0.025433 0.000000 0.000000 0.000000 1.000000
0.796801 -0.169366 -0.580020 -3.662940 0.017620 0.966019 -0.257871 88.708878 0.603985 0.195252 0.772709 0.485660 0.000000 0.000000 0.000000 1.000000
0.784082 -0.144177 -0.603679 -4.376318 -0.006311 0.970743 -0.240039 88.552094 0.620625 0.192020 0.760232 1.453143 0.000000 0.000000 0.000000 1.000000
0.767163 -0.129441 -0.628257 -4.313480 -0.022980 0.973253 -0.228583 89.614914 0.641041 0.189798 0.743669 2.522000 0.000000 0.000000 0.000000 1.000000
0.752319 -0.124348 -0.646957 -3.476604 -0.040323 0.971493 -0.233615 91.476387 0.657563 0.201840 0.725859 3.659562 0.000000 0.000000 0.000000 1.000000
0.750159 -0.148970 -0.644259 -2.375198 -0.028571 0.966082 -0.256651 93.267151 0.660640 0.210936 0.720459 4.938796 0.000000 0.000000 0.000000 1.000000
0.741074 -0.184999 -0.645434 -1.412192 -0.007756 0.958869 -0.283742 93.760139 0.671379 0.215280 0.709158 6.128203 0.000000 0.000000 0.000000 1.000000
0.693741 -0.152974 -0.703792 0.452513 -0.080694 0.954522 -0.287013 93.375336 0.715690 0.255904 0.649847 7.228228 0.000000 0.000000 0.000000 1.000000
0.687761 -0.151716 -0.709906 1.455275 -0.055051 0.964201 -0.259395 92.048355 0.723847 0.217483 0.654788 7.448514 0.000000 0.000000 0.000000 1.000000
0.689201 -0.145407 -0.709830 1.502823 -0.028076 0.973562 -0.226692 90.736542 0.724026 0.176165 0.666897 7.577083 0.000000 0.000000 0.000000 1.000000
0.687809 -0.155604 -0.709018 0.988534 0.003653 0.977484 -0.210980 90.536957 0.725883 0.142524 0.672890 7.430168 0.000000 0.000000 0.000000 1.000000
0.689151 -0.180397 -0.701803 0.362280 0.039674 0.976456 -0.212037 91.322510 0.723531 0.118282 0.680083 6.367099 0.000000 0.000000 0.000000 1.000000
0.731434 -0.187706 -0.655569 -0.009564 0.036061 0.970670 -0.237694 92.900131 0.680958 0.150218 0.716750 4.718347 0.000000 0.000000 0.000000 1.000000
0.796097 -0.124034 -0.592322 -0.097540 -0.053912 0.960343 -0.273558 94.278442 0.602763 0.249712 0.757839 3.476711 0.000000 0.000000 0.000000 1.000000
0.827851 -0.151909 -0.539987 -0.370691 -0.014949 0.956317 -0.291948 94.124054 0.560749 0.249762 0.789418 1.898336 0.000000 0.000000 0.000000 1.000000
0.831492 -0.177116 -0.526547 -0.443796 0.018118 0.955957 -0.292947 93.509201 0.555242 0.234043 0.798079 0.753776 0.000000 0.000000 0.000000 1.000000</float_array>
        <technique_common>
          <accessor source="#mixamorig_Hips-Matrix-animation-output-transform-array" count="18" stride="16">
            <param type="float4x4"/>
          </accessor>
        </technique_common>
      </source>
      <source id="mixamorig_Hips-Interpolations">
        <Name_array id="mixamorig_Hips-Interpolations-array" count="18">
 LINEAR LINEAR LINEAR LINEAR LINEAR LINEAR LINEAR LINEAR LINEAR LINEAR LINEAR
LINEAR LINEAR LINEAR LINEAR LINEAR LINEAR LINEAR</Name_array>
        <technique_common>
          <accessor source="#mixamorig_Hips-Interpolations-array" count="18">
            <param type="name"/>
          </accessor>
        </technique_common>
      </source>
      <sampler id="mixamorig_Hips-Matrix-animation-transform">
        <input semantic="INPUT" source="#mixamorig_Hips-Matrix-animation-input"/>
        <input semantic="OUTPUT" source="#mixamorig_Hips-Matrix-animation-output-transform"/>
        <input semantic="INTERPOLATION" source="#mixamorig_Hips-Interpolations"/>
      </sampler>
      <channel source="#mixamorig_Hips-Matrix-animation-transform" target="mixamorig_Hips/matrix"/>
    </animation>
    <animation id="mixamorig_Spine-anim" name="mixamorig_Spine">
      <source id="mixamorig_Spine-Matrix-animation-input">
        <float_array id="mixamorig_Spine-Matrix-animation-input-array" count="18">

0.000000 0.033333 0.066667 0.100000 0.133333 0.166667 0.200000 0.233333 0.266667 0.300000 0.333333 0.366667 0.400000 0.433333 0.466667 0.500000
0.533333 0.566667</float_array>
        <technique_common>
          <accessor source="#mixamorig_Spine-Matrix-animation-input-array" count="18">
            <param name="TIME" type="float"/>
          </accessor>
        </technique_common>
      </source>
      <source id="mixamorig_Spine-Matrix-animation-output-transform">
        <float_array id="mixamorig_Spine-Matrix-animation-output-transform-array" count="288">

0.993439 -0.029525 0.110488 -0.023000 0.031533 0.999367 -0.016466 13.157000 -0.109932 0.019842 0.993741 0.957400 0.000000 0.000000 0.000000 1.000000
0.994121 -0.022082 0.106001 -0.023000 0.024711 0.999417 -0.023558 13.157000 -0.105419 0.026038 0.994087 0.957400 0.000000 0.000000 0.000000 1.000000
0.994547 -0.012497 0.103535 -0.023000 0.015476 0.999487 -0.028025 13.157000 -0.103132 0.029474 0.994231 0.957400 0.000000 0.000000 0.000000 1.000000
0.995156 -0.008366 0.097949 -0.023000 0.011041 0.999580 -0.026799 13.157000 -0.097683 0.027751 0.994831 0.957400 0.000000 0.000000 0.000000 1.000000
0.995976 -0.005846 0.089430 -0.023000 0.007984 0.999690 -0.023568 13.157000 -0.089264 0.024187 0.995714 0.957400 0.000000 0.000000 0.000000 1.000000
0.997156 0.011726 0.074452 -0.023000 -0.010168 0.999722 -0.021261 13.157000 -0.074681 0.020443 0.996998 0.957400 0.000000 0.000000 0.000000 1.000000
0.997794 0.024909 0.061543 -0.023000 -0.024015 0.999596 -0.015221 13.157000 -0.061897 0.013709 0.997988 0.957400 0.000000 0.000000 0.000000 1.000000
0.997671 0.056317 0.038478 -0.023000 -0.056251 0.998413 -0.002814 13.157000 -0.038576 0.000643 0.999255 0.957400 0.000000 0.000000 0.000000 1.000000
0.995277 0.093116 0.027442 -0.023000 -0.093466 0.995553 0.011754 13.157000 -0.026226 -0.014264 0.999554 0.957400 0.000000 0.000000 0.000000 1.000000
0.994645 0.041027 0.094855 -0.023000 -0.042625 0.998980 0.014879 13.157000 -0.094148 -0.018843 0.995380 0.957400 0.000000 0.000000 0.000000 1.000000
0.992102 0.080465 0.096224 -0.023000 -0.080185 0.996757 -0.006778 13.157000 -0.096457 -0.000992 0.995337 0.957400 0.000000 0.000000 0.000000 1.000000
0.987628 0.112699 0.109040 -0.023000 -0.110712 0.993560 -0.024125 13.157000 -0.111057 0.011754 0.993745 0.957400 0.000000 0.000000 0.000000 1.000000
0.980581 0.145401 0.131602 -0.023000 -0.142210 0.989274 -0.033379 13.157000 -0.135044 0.014015 0.990740 0.957400 0.000000 0.000000 0.000000 1.000000
0.972591 0.179519 0.147784 -0.023000 -0.175114 0.983634 -0.042404 13.157000 -0.152978 0.015363 0.988110 0.957400 0.000000 0.000000 0.000000 1.000000
0.980775 0.143222 0.132546 -0.023000 -0.139698 0.989555 -0.035565 13.157000 -0.136255 0.016364 0.990539 0.957400 0.000000 0.000000 0.000000 1.000000
0.992113 -0.020994 0.123575 -0.023000 0.022373 0.999702 -0.009786 13.157000 -0.123333 0.012474 0.992287 0.957400 0.000000 0.000000 0.000000 1.000000
0.992826 -0.031625 0.115313 -0.023000 0.032879 0.999419 -0.008988 13.157000 -0.114962 0.012715 0.993289 0.957400 0.000000 0.000000 0.000000 1.000000
0.993439 -0.029525 0.110488 -0.023000 0.031533 0.999367 -0.016466 13.157000 -0.109932 0.019842 0.993741 0.957400 0.000000 0.000000 0.000000 1.000000</float_array>
        <technique_common>
          <accessor source="#mixamorig_Spine-Matrix-animation-output-transform-array" count="18" stride="16">
            <param type="float4x4"/>
          </accessor>
        </technique_common>
      </source>
      <source id="mixamorig_Spine-Interpolations">
        <Name_array id="mixamorig_Spine-Interpolations-array" count="18">
 LINEAR LINEAR LINEAR LINEAR LINEAR LINEAR LINEAR LINEAR LINEAR LINEAR LINEAR
LINEAR LINEAR LINEAR LINEAR LINEAR LINEAR LINEAR</Name_array>
        <technique_common>
          <accessor source="#mixamorig_Spine-Interpolations-array" count="18">
            <param type="name"/>
          </accessor>
        </technique_common>
      </source>
      <sampler id="mixamorig_Spine-Matrix-animation-transform">
        <input semantic="INPUT" source="#mixamorig_Spine-Matrix-animation-input"/>
        <input semantic="OUTPUT" source="#mixamorig_Spine-Matrix-animation-output-transform"/>
        <input semantic="INTERPOLATION" source="#mixamorig_Spine-Interpolations"/>
      </sampler>
      <channel source="#mixamorig_Spine-Matrix-animation-transform" target="mixamorig_Spine/matrix"/>
    </animation>
    <animation id="mixamorig_Spine1-anim" name="mixamorig_Spine1">
      <source id="mixamorig_Spine1-Matrix-animation-input">
        <float_array id="mixamorig_Spine1-Matrix-animation-input-array" count="18">

0.000000 0.033333 0.066667 0.100000 0.133333 0.166667 0.200000 0.233333 0.266667 0.300000 0.333333 0.366667 0.400000 0.433333 0.466667 0.500000
0.533333 0.566667</float_array>
        <technique_common>
          <accessor source="#mixamorig_Spine1-Matrix-animation-input-array" count="18">
            <param name="TIME" type="float"/>
          </accessor>
        </technique_common>
      </source>
      <source id="mixamorig_Spine1-Matrix-animation-output-transform">
        <float_array id="mixamorig_Spine1-Matrix-animation-output-transform-array" count="288">

0.995404 0.094371 0.016265 0.000000 -0.095056 0.994301 0.048278 9.894900 -0.011617 -0.049602 0.998701 0.000000 0.000000 0.000000 0.000000 1.000000
0.995283 0.095627 0.016346 0.000000 -0.096248 0.994441 0.042712 9.894900 -0.012171 -0.044084 0.998954 -0.000000 0.000000 0.000000 0.000000 1.000000
0.995271 0.095231 0.019125 0.000000 -0.095932 0.994588 0.039903 9.894900 -0.015222 -0.041549 0.999021 -0.000000 0.000000 0.000000 0.000000 1.000000
0.995414 0.094013 0.017704 -0.000000 -0.094690 0.994607 0.042329 9.894900 -0.013629 -0.043811 0.998947 0.000000 0.000000 0.000000 0.000000 1.000000
0.995411 0.094719 0.013584 -0.000000 -0.095247 0.994401 0.045774 9.894900 -0.009172 -0.046858 0.998859 0.000000 0.000000 0.000000 0.000000 1.000000
0.995166 0.097558 0.011260 -0.000000 -0.097986 0.994056 0.047442 9.894900 -0.006565 -0.048316 0.998811 0.000000 0.000000 0.000000 0.000000 1.000000
0.994852 0.100736 0.010998 0.000000 -0.101170 0.993549 0.051238 9.894900 -0.005766 -0.052087 0.998626 0.000000 0.000000 0.000000 0.000000 1.000000
0.994273 0.105667 0.016001 0.000000 -0.106473 0.992315 0.063041 9.894900 -0.009217 -0.064384 0.997883 0.000000 0.000000 0.000000 0.000000 1.000000
0.993525 0.109662 0.029707 0.000000 -0.111680 0.990679 0.077998 9.894900 -0.020877 -0.080811 0.996511 0.000000 0.000000 0.000000 0.000000 1.000000
0.993767 0.102052 0.044868 -0.000000 -0.105282 0.991477 0.076742 9.894900 -0.036654 -0.080988 0.996041 0.000000 0.000000 0.000000 0.000000 1.000000
0.993739 0.100216 0.049400 0.000000 -0.103084 0.992898 0.059399 9.894900 -0.043097 -0.064119 0.997011 0.000000 0.000000 0.000000 0.000000 1.000000
0.993643 0.101702 0.048283 0.000000 -0.104046 0.993374 0.048820 9.894900 -0.042998 -0.053533 0.997640 -0.000000 0.000000 0.000000 0.000000 1.000000
0.993075 0.105792 0.051089 0.000000 -0.108240 0.992976 0.047789 9.894900 -0.045675 -0.052988 0.997550 0.000000 0.000000 0.000000 0.000000 1.000000
0.992231 0.112026 0.054119 -0.000000 -0.114514 0.992389 0.045290 9.894900 -0.048633 -0.051136 0.997507 0.000000 0.000000 0.000000 0.000000 1.000000
0.992299 0.113478 0.049646 -0.000000 -0.115710 0.992278 0.044662 9.894900 -0.044195 -0.050063 0.997768 0.000000 0.000000 0.000000 0.000000 1.000000
0.994342 0.099569 0.037019 0.000000 -0.101391 0.993533 0.051114 9.894900 -0.031690 -0.054578 0.998006 -0.000000 0.000000 0.000000 0.000000 1.000000
0.995104 0.096495 0.021382 -0.000000 -0.097519 0.993790 0.053579 9.894900 -0.016079 -0.055402 0.998335 0.000000 0.000000 0.000000 0.000000 1.000000
0.995404 0.094371 0.016265 -0.000000 -0.095056 0.994301 0.048278 9.894900 -0.011617 -0.049602 0.998702 0.000000 0.000000 0.000000 0.000000 1.000000</float_array>
        <technique_common>
          <accessor source="#mixamorig_Spine1-Matrix-animation-output-transform-array" count="18" stride="16">
            <param type="float4x4"/>
          </accessor>
        </technique_common>
      </source>
      <source id="mixamorig_Spine1-Interpolations">
        <Name_array id="mixamorig_Spine1-Interpolations-array" count="18">
 LINEAR LINEAR LINEAR LINEAR LINEAR LINEAR LINEAR LINEAR LINEAR LINEAR LINEAR
LINEAR LINEAR LINEAR LINEAR LINEAR LINEAR LINEAR</Name_array>
        <technique_common>
          <accessor source="#mixamorig_Spine1-Interpolations-array" count="18">
            <param type="name"/>
          </accessor>
        </technique_common>
      </source>
      <sampler id="mixamorig_Spine1-Matrix-animation-transform">
        <input semantic="INPUT" source="#mixamorig_Spine1-Matrix-animation-input"/>
        <input semantic="OUTPUT" source="#mixamorig_Spine1-Matrix-animation-output-transform"/>
        <input semantic="INTERPOLATION" source="#mixamorig_Spine1-Interpolations"/>
      </sampler>
      <channel source="#mixamorig_Spine1-Matrix-animation-transform" target="mixamorig_Spine1/matrix"/>
    </animation>
    <animation id="mixamorig_Spine2-anim" name="mixamorig_Spine2">
      <source id="mixamorig_Spine2-Matrix-animation-input">
        <float_array id="mixamorig_Spine2-Matrix-animation-input-array" count="18">

0.000000 0.033333 0.066667 0.100000 0.133333 0.166667 0.200000 0.233333 0.266667 0.300000 0.333333 0.366667 0.400000 0.433333 0.466667 0.500000
0.533333 0.566667</float_array>
        <technique_common>
          <accessor source="#mixamorig_Spine2-Matrix-animation-input-array" count="18">
            <param name="TIME" type="float"/>
          </accessor>
        </technique_common>
      </source>
      <source id="mixamorig_Spine2-Matrix-animation-output-transform">
        <float_array id="mixamorig_Spine2-Matrix-animation-output-transform-array" count="288">

0.992042 -0.061574 -0.109827 -0.000000 0.067037 0.996654 0.046760 10.500200 0.106581 -0.053751 0.992850 -0.000000 0.000000 0.000000 0.000000 1.000000
0.992150 -0.060273 -0.109573 0.000000 0.065139 0.997018 0.041383 10.500200 0.106752 -0.048196 0.993117 0.000000 0.000000 0.000000 0.000000 1.000000
0.992404 -0.060741 -0.106981 0.000000 0.065194 0.997125 0.038624 10.500200 0.104328 -0.045305 0.993511 -0.000000 0.000000 0.000000 0.000000 1.000000
0.992150 -0.061987 -0.108613 -0.000000 0.066758 0.996933 0.040850 10.500200 0.105747 -0.047780 0.993244 0.000000 0.000000 0.000000 0.000000 1.000000
0.991749 -0.061227 -0.112633 0.000000 0.066563 0.996801 0.044240 10.500200 0.109564 -0.051373 0.992651 0.000000 0.000000 0.000000 0.000000 1.000000
0.991663 -0.058266 -0.114929 -0.000000 0.063928 0.996884 0.046202 10.500200 0.111879 -0.053164 0.992299 0.000000 0.000000 0.000000 0.000000 1.000000
0.991784 -0.055001 -0.115496 0.000000 0.061154 0.996854 0.050428 10.500200 0.112359 -0.057077 0.992027 0.000000 0.000000 0.000000 0.000000 1.000000
0.992488 -0.050259 -0.111546 0.000000 0.057542 0.996349 0.063061 10.500200 0.107969 -0.069006 0.991756 -0.000000 0.000000 0.000000 0.000000 1.000000
0.994029 -0.046644 -0.098646 0.000000 0.054517 0.995407 0.078690 10.500200 0.094523 -0.083598 0.992006 0.000000 0.000000 0.000000 0.000000 1.000000
0.995015 -0.054647 -0.083419 0.000000 0.061075 0.995193 0.076558 10.500200 0.078834 -0.081271 0.993569 -0.000000 0.000000 0.000000 0.000000 1.000000
0.995305 -0.056758 -0.078405 0.000000 0.061442 0.996384 0.058682 10.500200 0.074790 -0.063224 0.995193 0.000000 0.000000 0.000000 0.000000 1.000000
0.995357 -0.055275 -0.078792 0.000000 0.059170 0.997094 0.047987 10.500200 0.075911 -0.052426 0.995735 -0.000000 0.000000 0.000000 0.000000 1.000000
0.995848 -0.051216 -0.075252 0.000000 0.054862 0.997377 0.047206 10.500200 0.072637 -0.051139 0.996047 -0.000000 0.000000 0.000000 0.000000 1.000000
0.996402 -0.045073 -0.071775 0.000000 0.048399 0.997801 0.045294 10.500200 0.069576 -0.048605 0.996392 -0.000000 0.000000 0.000000 0.000000 1.000000
0.996130 -0.043482 -0.076378 0.000000 0.047027 0.997868 0.045249 10.500200 0.074248 -0.048666 0.996052 0.000000 0.000000 0.000000 0.000000 1.000000
0.994338 -0.056924 -0.089733 0.000000 0.061645 0.996807 0.050747 10.500200 0.086558 -0.055991 0.994672 -0.000000 0.000000 0.000000 0.000000 1.000000
0.992674 -0.059596 -0.105105 0.000000 0.065380 0.996480 0.052464 10.500200 0.101608 -0.058952 0.993076 0.000000 0.000000 0.000000 0.000000 1.000000
0.992042 -0.061574 -0.109827 0.000000 0.067037 0.996654 0.046760 10.500200 0.106580 -0.053751 0.992850 0.000000 0.000000 0.000000 0.000000 1.000000</float_array>
        <technique_common>
          <accessor source="#mixamorig_Spine2-Matrix-animation-output-transform-array" count="18" stride="16">
            <param type="float4x4"/>
          </accessor>
        </technique_common>
      </source>
      <source id="mixamorig_Spine2-Interpolations">
        <Name_array id="mixamorig_Spine2-Interpolations-array" count="18">
 LINEAR LINEAR LINEAR LINEAR LINEAR LINEAR LINEAR LINEAR LINEAR LINEAR LINEAR
LINEAR LINEAR LINEAR LINEAR LINEAR LINEAR LINEAR</Name_array>
        <technique_common>
          <accessor source="#mixamorig_Spine2-Interpolations-array" count="18">
            <param type="name"/>
          </accessor>
        </technique_common>
      </source>
      <sampler id="mixamorig_Spine2-Matrix-animation-transform">
        <input semantic="INPUT" source="#mixamorig_Spine2-Matrix-animation-input"/>
        <input semantic="OUTPUT" source="#mixamorig_Spine2-Matrix-animation-output-transform"/>
        <input semantic="INTERPOLATION" source="#mixamorig_Spine2-Interpolations"/>
      </sampler>
      <channel source="#mixamorig_Spine2-Matrix-animation-transform" target="mixamorig_Spine2/matrix"/>
    </animation>
    <animation id="mixamorig_Neck-anim" name="mixamorig_Neck">
      <source id="mixamorig_Neck-Matrix-animation-input">
        <float_array id="mixamorig_Neck-Matrix-animation-input-array" count="18">

0.000000 0.033333 0.066667 0.100000 0.133333 0.166667 0.200000 0.233333 0.266667 0.300000 0.333333 0.366667 0.400000 0.433333 0.466667 0.500000
0.533333 0.566667</float_array>
        <technique_common>
          <accessor source="#mixamorig_Neck-Matrix-animation-input-array" count="18">
            <param name="TIME" type="float"/>
          </accessor>
        </technique_common>
      </source>
      <source id="mixamorig_Neck-Matrix-animation-output-transform">
        <float_array id="mixamorig_Neck-Matrix-animation-output-transform-array" count="288">

0.989933 0.076751 0.118922 -0.000000 -0.050686 0.976721 -0.208438 26.776300 -0.132152 0.200311 0.970779 -4.691200 0.000000 0.000000 0.000000 1.000000
0.989806 0.076246 0.120297 0.000000 -0.050614 0.977808 -0.203296 26.776300 -0.133128 0.195135 0.971699 -4.691200 0.000000 0.000000 0.000000 1.000000
0.989205 0.079301 0.123228 0.000000 -0.053379 0.978143 -0.200967 26.776300 -0.136471 0.192219 0.971816 -4.691200 0.000000 0.000000 0.000000 1.000000
0.988581 0.076887 0.129600 0.000000 -0.050098 0.978810 -0.198547 26.776300 -0.142120 0.189787 0.971485 -4.691200 0.000000 0.000000 0.000000 1.000000
0.988196 0.066117 0.138190 -0.000000 -0.037782 0.979390 -0.198412 26.776300 -0.148460 0.190849 0.970328 -4.691200 0.000000 0.000000 0.000000 1.000000
0.987879 0.050477 0.146792 -0.000000 -0.020439 0.979717 -0.199339 26.776300 -0.153877 0.193922 0.968874 -4.691200 0.000000 0.000000 0.000000 1.000000
0.987664 0.035881 0.152423 0.000000 -0.004880 0.979973 -0.199068 26.776300 -0.156513 0.195869 0.968059 -4.691200 0.000000 0.000000 0.000000 1.000000
0.987768 0.018281 0.154855 0.000000 0.014070 0.978603 -0.205276 26.776300 -0.155294 0.204944 0.966375 -4.691200 0.000000 0.000000 0.000000 1.000000
0.988209 0.008644 0.152870 -0.000000 0.024963 0.975952 -0.216554 26.776300 -0.151065 0.217816 0.964228 -4.691200 0.000000 0.000000 0.000000 1.000000
0.989182 0.018218 0.145556 0.000000 0.014247 0.975636 -0.218931 26.776300 -0.145999 0.218636 0.964823 -4.691200 0.000000 0.000000 0.000000 1.000000
0.989786 0.023644 0.140585 0.000000 0.007317 0.976425 -0.215733 26.776300 -0.142372 0.214559 0.966279 -4.691200 0.000000 0.000000 0.000000 1.000000
0.990314 0.029795 0.135611 0.000000 0.001537 0.974292 -0.225284 26.776300 -0.138837 0.223311 0.964809 -4.691200 0.000000 0.000000 0.000000 1.000000
0.990897 0.037243 0.129369 0.000000 -0.005155 0.970765 -0.239978 26.776300 -0.134525 0.237127 0.962119 -4.691200 0.000000 0.000000 0.000000 1.000000
0.991297 0.042385 0.124635 0.000000 -0.011142 0.970367 -0.241381 26.776300 -0.131173 0.237891 0.962394 -4.691200 0.000000 0.000000 0.000000 1.000000
0.991442 0.045286 0.122442 0.000000 -0.016001 0.972988 -0.230302 26.776300 -0.129564 0.226372 0.965385 -4.691200 0.000000 0.000000 0.000000 1.000000
0.991095 0.056264 0.120685 0.000000 -0.028372 0.974761 -0.221440 26.776300 -0.130098 0.216044 0.967677 -4.691200 0.000000 0.000000 0.000000 1.000000
0.990452 0.069334 0.119156 0.000000 -0.042200 0.975316 -0.216744 26.776300 -0.131243 0.209646 0.968929 -4.691200 0.000000 0.000000 0.000000 1.000000
0.989933 0.076751 0.118922 0.000000 -0.050686 0.976721 -0.208438 26.776300 -0.132152 0.200311 0.970779 -4.691200 0.000000 0.000000 0.000000 1.000000</float_array>
        <technique_common>
          <accessor source="#mixamorig_Neck-Matrix-animation-output-transform-array" count="18" stride="16">
            <param type="float4x4"/>
          </accessor>
        </technique_common>
      </source>
      <source id="mixamorig_Neck-Interpolations">
        <Name_array id="mixamorig_Neck-Interpolations-array" count="18">
 LINEAR LINEAR LINEAR LINEAR LINEAR LINEAR LINEAR LINEAR LINEAR LINEAR LINEAR
LINEAR LINEAR LINEAR LINEAR LINEAR LINEAR LINEAR</Name_array>
        <technique_common>
          <accessor source="#mixamorig_Neck-Interpolations-array" count="18">
            <param type="name"/>
          </accessor>
        </technique_common>
      </source>
      <sampler id="mixamorig_Neck-Matrix-animation-transform">
        <input semantic="INPUT" source="#mixamorig_Neck-Matrix-animation-input"/>
        <input semantic="OUTPUT" source="#mixamorig_Neck-Matrix-animation-output-transform"/>
        <input semantic="INTERPOLATION" source="#mixamorig_Neck-Interpolations"/>
      </sampler>
      <channel source="#mixamorig_Neck-Matrix-animation-transform" target="mixamorig_Neck/matrix"/>
    </animation>
    <animation id="mixamorig_Head-anim" name="mixamorig_Head">
      <source id="mixamorig_Head-Matrix-animation-input">
        <float_array id="mixamorig_Head-Matrix-animation-input-array" count="18">

0.000000 0.033333 0.066667 0.100000 0.133333 0.166667 0.200000 0.233333 0.266667 0.300000 0.333333 0.366667 0.400000 0.433333 0.466667 0.500000
0.533333 0.566667</float_array>
        <technique_common>
          <accessor source="#mixamorig_Head-Matrix-animation-input-array" count="18">
            <param name="TIME" type="float"/>
          </accessor>
        </technique_common>
      </source>
      <source id="mixamorig_Head-Matrix-animation-output-transform">
        <float_array id="mixamorig_Head-Matrix-animation-output-transform-array" count="288">

0.929854 -0.134486 0.342470 0.000000 0.138768 0.990251 0.012091 14.063200 -0.340757 0.036281 0.939451 3.449300 0.000000 0.000000 0.000000 1.000000
0.927690 -0.135093 0.348053 0.000000 0.135491 0.990504 0.023320 14.063200 -0.347899 0.025524 0.937185 3.449300 0.000000 0.000000 0.000000 1.000000
0.923462 -0.128722 0.361454 0.000000 0.133869 0.990939 0.010881 14.063200 -0.359579 0.038339 0.932327 3.449300 0.000000 0.000000 0.000000 1.000000
0.913255 -0.123624 0.388178 0.000000 0.139359 0.990163 -0.012527 14.063200 -0.382810 0.065536 0.921499 3.449300 0.000000 0.000000 0.000000 1.000000
0.896237 -0.127030 0.424997 0.000000 0.155176 0.987365 -0.032116 14.063200 -0.415547 0.094733 0.904625 3.449300 0.000000 0.000000 0.000000 1.000000
0.876772 -0.130676 0.462811 -0.000000 0.168215 0.984915 -0.040580 14.063200 -0.450527 0.113431 0.885527 3.449300 0.000000 0.000000 0.000000 1.000000
0.864410 -0.125499 0.486873 0.000000 0.170060 0.984253 -0.048223 14.063200 -0.473154 0.124482 0.872141 3.449300 0.000000 0.000000 0.000000 1.000000
0.859827 -0.126361 0.494703 0.000000 0.176626 0.982685 -0.055983 14.063200 -0.479063 0.135514 0.867257 3.449300 0.000000 0.000000 0.000000 1.000000
0.861453 -0.137453 0.488881 -0.000000 0.190949 0.979701 -0.061019 14.063200 -0.470570 0.145917 0.870214 3.449300 0.000000 0.000000 0.000000 1.000000
0.870580 -0.133647 0.473529 0.000000 0.183166 0.981262 -0.059801 14.063200 -0.456664 0.138796 0.878746 3.449300 0.000000 0.000000 0.000000 1.000000
0.877987 -0.127802 0.461308 0.000000 0.168973 0.984408 -0.048876 14.063200 -0.447869 0.120861 0.885893 3.449300 0.000000 0.000000 0.000000 1.000000
0.887200 -0.125860 0.443887 0.000000 0.162185 0.985749 -0.044661 14.063200 -0.431940 0.111615 0.894969 3.449300 0.000000 0.000000 0.000000 1.000000
0.897676 -0.129110 0.421316 -0.000000 0.163591 0.985428 -0.046575 14.063200 -0.409164 0.110733 0.905717 3.449300 0.000000 0.000000 0.000000 1.000000
0.905451 -0.138637 0.401171 0.000000 0.168909 0.984782 -0.040910 14.063200 -0.389394 0.104803 0.915089 3.449300 0.000000 0.000000 0.000000 1.000000
0.911309 -0.151876 0.382688 0.000000 0.172580 0.984790 -0.020141 14.063200 -0.373808 0.084399 0.923658 3.449300 0.000000 0.000000 0.000000 1.000000
0.919510 -0.154317 0.361507 -0.000000 0.166372 0.986060 -0.002255 14.063200 -0.356120 0.062218 0.932367 3.449300 0.000000 0.000000 0.000000 1.000000
0.927559 -0.145475 0.344197 -0.000000 0.153111 0.988196 0.005052 14.063200 -0.340869 0.048015 0.938884 3.449300 0.000000 0.000000 0.000000 1.000000
0.929854 -0.134486 0.342469 0.000000 0.138768 0.990251 0.012090 14.063200 -0.340757 0.036281 0.939451 3.449300 0.000000 0.000000 0.000000 1.000000</float_array>
        <technique_common>
          <accessor source="#mixamorig_Head-Matrix-animation-output-transform-array" count="18" stride="16">
            <param type="float4x4"/>
          </accessor>
        </technique_common>
      </source>
      <source id="mixamorig_Head-Interpolations">
        <Name_array id="mixamorig_Head-Interpolations-array" count="18">
 LINEAR LINEAR LINEAR LINEAR LINEAR LINEAR LINEAR LINEAR LINEAR LINEAR LINEAR
LINEAR LINEAR LINEAR LINEAR LINEAR LINEAR LINEAR</Name_array>
        <technique_common>
          <accessor source="#mixamorig_Head-Interpolations-array" count="18">
            <param type="name"/>
          </accessor>
        </technique_common>
      </source>
      <sampler id="mixamorig_Head-Matrix-animation-transform">
        <input semantic="INPUT" source="#mixamorig_Head-Matrix-animation-input"/>
        <input semantic="OUTPUT" source="#mixamorig_Head-Matrix-animation-output-transform"/>
        <input semantic="INTERPOLATION" source="#mixamorig_Head-Interpolations"/>
      </sampler>
      <channel source="#mixamorig_Head-Matrix-animation-transform" target="mixamorig_Head/matrix"/>
    </animation>
    <animation id="mixamorig_LeftShoulder-anim" name="mixamorig_LeftShoulder">
      <source id="mixamorig_LeftShoulder-Matrix-animation-input">
        <float_array id="mixamorig_LeftShoulder-Matrix-animation-input-array" count="18">

0.000000 0.033333 0.066667 0.100000 0.133333 0.166667 0.200000 0.233333 0.266667 0.300000 0.333333 0.366667 0.400000 0.433333 0.466667 0.500000
0.533333 0.566667</float_array>
        <technique_common>
          <accessor source="#mixamorig_LeftShoulder-Matrix-animation-input-array" count="18">
            <param name="TIME" type="float"/>
          </accessor>
        </technique_common>
      </source>
      <source id="mixamorig_LeftShoulder-Matrix-animation-output-transform">
        <float_array id="mixamorig_LeftShoulder-Matrix-animation-output-transform-array" count="288">

-0.087964 0.776262 -0.624243 7.980400 0.065646 -0.620793 -0.781222 21.886400 -0.993958 -0.109698 0.003649 -6.266400 0.000000 0.000000 0.000000 1.000000
-0.069273 0.781198 -0.620429 7.980400 0.062775 -0.617276 -0.784238 21.886400 -0.995621 -0.093274 -0.006279 -6.266400 0.000000 0.000000 0.000000 1.000000
-0.072025 0.782465 -0.618515 7.980400 0.062127 -0.615402 -0.785761 21.886400 -0.995466 -0.095021 -0.004288 -6.266400 0.000000 0.000000 0.000000 1.000000
-0.085688 0.789597 -0.607614 7.980400 0.058712 -0.604795 -0.794214 21.886400 -0.994591 -0.103729 0.005465 -6.266400 0.000000 0.000000 0.000000 1.000000
-0.095301 0.804142 -0.586749 7.980400 0.051052 -0.584708 -0.809636 21.886400 -0.994139 -0.107114 0.014671 -6.266400 0.000000 0.000000 0.000000 1.000000
-0.100393 0.816318 -0.568811 7.980400 0.044155 -0.567481 -0.822202 21.886400 -0.993968 -0.107659 0.020926 -6.266400 0.000000 0.000000 0.000000 1.000000
-0.102324 0.816534 -0.568156 7.980400 0.043743 -0.566908 -0.822619 21.886400 -0.993789 -0.109026 0.022290 -6.266400 0.000000 0.000000 0.000000 1.000000
-0.095593 0.804790 -0.585811 7.980400 0.050176 -0.583863 -0.810300 21.886400 -0.994155 -0.106853 0.015432 -6.266400 0.000000 0.000000 0.000000 1.000000
-0.085530 0.788594 -0.608937 7.980400 0.058734 -0.606123 -0.793200 21.886400 -0.994603 -0.103608 0.005524 -6.266400 0.000000 0.000000 0.000000 1.000000
-0.081484 0.782793 -0.616924 7.980400 0.061677 -0.613836 -0.787020 21.886400 -0.994764 -0.102180 0.001737 -6.266400 0.000000 0.000000 0.000000 1.000000
-0.080827 0.792767 -0.604142 7.980400 0.056463 -0.601510 -0.796868 21.886400 -0.995128 -0.098520 0.003856 -6.266400 0.000000 0.000000 0.000000 1.000000
-0.078546 0.799181 -0.595937 7.980400 0.053020 -0.593589 -0.803020 21.886400 -0.995500 -0.094671 0.004252 -6.266400 0.000000 0.000000 0.000000 1.000000
-0.083979 0.791467 -0.605415 7.980400 0.057105 -0.602740 -0.795892 21.886400 -0.994830 -0.101411 0.005420 -6.266400 0.000000 0.000000 0.000000 1.000000
-0.097921 0.781361 -0.616350 7.980400 0.062483 -0.613277 -0.787392 21.886400 -0.993231 -0.115613 0.011231 -6.266400 0.000000 0.000000 0.000000 1.000000
-0.103117 0.776357 -0.621801 7.980400 0.065212 -0.618512 -0.783065 21.886400 -0.992529 -0.121296 0.013152 -6.266400 0.000000 0.000000 0.000000 1.000000
-0.094037 0.772870 -0.627558 7.980400 0.067224 -0.623983 -0.778541 21.886400 -0.993297 -0.115399 0.006721 -6.266400 0.000000 0.000000 0.000000 1.000000
-0.083683 0.771388 -0.630839 7.980400 0.068120 -0.627150 -0.775914 21.886400 -0.994161 -0.107903 -0.000065 -6.266400 0.000000 0.000000 0.000000 1.000000
-0.087964 0.776262 -0.624243 7.980400 0.065646 -0.620793 -0.781221 21.886400 -0.993958 -0.109698 0.003649 -6.266400 0.000000 0.000000 0.000000 1.000000</float_array>
        <technique_common>
          <accessor source="#mixamorig_LeftShoulder-Matrix-animation-output-transform-array" count="18" stride="16">
            <param type="float4x4"/>
          </accessor>
        </technique_common>
      </source>
      <source id="mixamorig_LeftShoulder-Interpolations">
        <Name_array id="mixamorig_LeftShoulder-Interpolations-array" count="18">
 LINEAR LINEAR LINEAR LINEAR LINEAR LINEAR LINEAR LINEAR LINEAR LINEAR LINEAR
LINEAR LINEAR LINEAR LINEAR LINEAR LINEAR LINEAR</Name_array>
        <technique_common>
          <accessor source="#mixamorig_LeftShoulder-Interpolations-array" count="18">
            <param type="name"/>
          </accessor>
        </technique_common>
      </source>
      <sampler id="mixamorig_LeftShoulder-Matrix-animation-transform">
        <input semantic="INPUT" source="#mixamorig_LeftShoulder-Matrix-animation-input"/>
        <input semantic="OUTPUT" source="#mixamorig_LeftShoulder-Matrix-animation-output-transform"/>
        <input semantic="INTERPOLATION" source="#mixamorig_LeftShoulder-Interpolations"/>
      </sampler>
      <channel source="#mixamorig_LeftShoulder-Matrix-animation-transform" target="mixamorig_LeftShoulder/matrix"/>
    </animation>
    <animation id="mixamorig_LeftArm-anim" name="mixamorig_LeftArm">
      <source id="mixamorig_LeftArm-Matrix-animation-input">
        <float_array id="mixamorig_LeftArm-Matrix-animation-input-array" count="18">

0.000000 0.033333 0.066667 0.100000 0.133333 0.166667 0.200000 0.233333 0.266667 0.300000 0.333333 0.366667 0.400000 0.433333 0.466667 0.500000
0.533333 0.566667</float_array>
        <technique_common>
          <accessor source="#mixamorig_LeftArm-Matrix-animation-input-array" count="18">
            <param name="TIME" type="float"/>
          </accessor>
        </technique_common>
      </source>
      <source id="mixamorig_LeftArm-Matrix-animation-output-transform">
        <float_array id="mixamorig_LeftArm-Matrix-animation-output-transform-array" count="288">

0.501752 -0.829602 -0.244960 0.000000 0.795231 0.553824 -0.246751 12.001100 0.340370 -0.070992 0.937608 0.000000 0.000000 0.000000 0.000000 1.000000
0.528396 -0.803593 -0.273927 0.000000 0.755604 0.592237 -0.279854 12.001100 0.387118 -0.059107 0.920133 0.000000 0.000000 0.000000 0.000000 1.000000
0.554974 -0.782081 -0.283466 0.000000 0.723177 0.621994 -0.300230 12.001100 0.411119 -0.038376 0.910774 0.000000 0.000000 0.000000 0.000000 1.000000
0.589571 -0.761572 -0.269099 -0.000000 0.693048 0.648080 -0.315717 12.001100 0.414839 -0.000361 0.909895 0.000000 0.000000 0.000000 0.000000 1.000000
0.623535 -0.740096 -0.251918 -0.000000 0.661854 0.671227 -0.333772 12.001100 0.416117 0.041386 0.908369 0.000000 0.000000 0.000000 0.000000 1.000000
0.651248 -0.717382 -0.247465 0.000000 0.633634 0.693499 -0.342880 12.001100 0.417592 0.066498 0.906198 0.000000 0.000000 0.000000 0.000000 1.000000
0.670685 -0.698941 -0.248320 0.000000 0.620201 0.712059 -0.329123 12.001100 0.406856 0.066729 0.911052 -0.000000 0.000000 0.000000 0.000000 1.000000
0.681603 -0.687431 -0.250709 0.000000 0.626352 0.725267 -0.285781 12.001100 0.378285 0.037757 0.924919 0.000000 0.000000 0.000000 0.000000 1.000000
0.665023 -0.697717 -0.266335 0.000000 0.654933 0.716233 -0.240982 12.001100 0.358896 -0.014173 0.933270 0.000000 0.000000 0.000000 0.000000 1.000000
0.632031 -0.722535 -0.280141 0.000000 0.681487 0.690324 -0.242958 12.001100 0.368934 -0.037356 0.928705 0.000000 0.000000 0.000000 0.000000 1.000000
0.581428 -0.756598 -0.299168 -0.000000 0.710099 0.651389 -0.267303 12.001100 0.397116 -0.057021 0.915995 0.000000 0.000000 0.000000 0.000000 1.000000
0.533439 -0.787617 -0.308387 -0.000000 0.744322 0.610290 -0.271166 12.001100 0.401780 -0.084889 0.911793 0.000000 0.000000 0.000000 0.000000 1.000000
0.486740 -0.820957 -0.298521 0.000000 0.790130 0.559489 -0.250331 12.001100 0.372530 -0.114024 0.920988 0.000000 0.000000 0.000000 0.000000 1.000000
0.445242 -0.849232 -0.283838 0.000000 0.828418 0.510992 -0.229371 12.001100 0.339828 -0.133011 0.931034 0.000000 0.000000 0.000000 0.000000 1.000000
0.448530 -0.850944 -0.273342 0.000000 0.834913 0.508064 -0.211642 12.001100 0.318970 -0.133289 0.938345 0.000000 0.000000 0.000000 0.000000 1.000000
0.496268 -0.829795 -0.255260 -0.000000 0.811553 0.547839 -0.203112 12.001100 0.308383 -0.106358 0.945298 -0.000000 0.000000 0.000000 0.000000 1.000000
0.504990 -0.825210 -0.253010 0.000000 0.801984 0.556969 -0.215889 12.001100 0.319073 -0.093888 0.943068 0.000000 0.000000 0.000000 0.000000 1.000000
0.501752 -0.829602 -0.244960 0.000000 0.795231 0.553824 -0.246751 12.001100 0.340370 -0.070992 0.937608 -0.000000 0.000000 0.000000 0.000000 1.000000</float_array>
        <technique_common>
          <accessor source="#mixamorig_LeftArm-Matrix-animation-output-transform-array" count="18" stride="16">
            <param type="float4x4"/>
          </accessor>
        </technique_common>
      </source>
      <source id="mixamorig_LeftArm-Interpolations">
        <Name_array id="mixamorig_LeftArm-Interpolations-array" count="18">
 LINEAR LINEAR LINEAR LINEAR LINEAR LINEAR LINEAR LINEAR LINEAR LINEAR LINEAR
LINEAR LINEAR LINEAR LINEAR LINEAR LINEAR LINEAR</Name_array>
        <technique_common>
          <accessor source="#mixamorig_LeftArm-Interpolations-array" count="18">
            <param type="name"/>
          </accessor>
        </technique_common>
      </source>
      <sampler id="mixamorig_LeftArm-Matrix-animation-transform">
        <input semantic="INPUT" source="#mixamorig_LeftArm-Matrix-animation-input"/>
        <input semantic="OUTPUT" source="#mixamorig_LeftArm-Matrix-animation-output-transform"/>
        <input semantic="INTERPOLATION" source="#mixamorig_LeftArm-Interpolations"/>
      </sampler>
      <channel source="#mixamorig_LeftArm-Matrix-animation-transform" target="mixamorig_LeftArm/matrix"/>
    </animation>
    <animation id="mixamorig_LeftForeArm-anim" name="mixamorig_LeftForeArm">
      <source id="mixamorig_LeftForeArm-Matrix-animation-input">
        <float_array id="mixamorig_LeftForeArm-Matrix-animation-input-array" count="18">

0.000000 0.033333 0.066667 0.100000 0.133333 0.166667 0.200000 0.233333 0.266667 0.300000 0.333333 0.366667 0.400000 0.433333 0.466667 0.500000
0.533333 0.566667</float_array>
        <technique_common>
          <accessor source="#mixamorig_LeftForeArm-Matrix-animation-input-array" count="18">
            <param name="TIME" type="float"/>
          </accessor>
        </technique_common>
      </source>
      <source id="mixamorig_LeftForeArm-Matrix-animation-output-transform">
        <float_array id="mixamorig_LeftForeArm-Matrix-animation-output-transform-array" count="288">

0.141384 -0.989955 -0.000000 -0.000000 0.989955 0.141384 -0.000000 27.567801 0.000000 -0.000000 1.000000 -0.000000 0.000000 0.000000 0.000000 1.000000
0.100335 -0.994954 0.000000 -0.000000 0.994954 0.100335 0.000000 27.567801 -0.000000 -0.000000 1.000000 0.000000 0.000000 0.000000 0.000000 1.000000
0.049905 -0.998754 -0.000000 -0.000000 0.998754 0.049905 0.000000 27.567801 -0.000000 -0.000000 1.000000 0.000000 0.000000 0.000000 0.000000 1.000000
-0.006850 -0.999977 -0.000000 0.000000 0.999977 -0.006850 -0.000000 27.567801 0.000000 -0.000000 1.000000 -0.000000 0.000000 0.000000 0.000000 1.000000
-0.062508 -0.998044 -0.000000 0.000000 0.998044 -0.062508 -0.000000 27.567801 0.000000 -0.000000 1.000000 0.000000 0.000000 0.000000 0.000000 1.000000
-0.125323 -0.992116 -0.000000 0.000000 0.992116 -0.125323 -0.000000 27.567801 0.000000 -0.000000 1.000000 0.000000 0.000000 0.000000 0.000000 1.000000
-0.183369 -0.983044 -0.000000 0.000000 0.983044 -0.183369 -0.000000 27.567801 0.000000 -0.000000 1.000000 0.000000 0.000000 0.000000 0.000000 1.000000
-0.209493 -0.977810 0.000000 0.000000 0.977810 -0.209493 0.000000 27.567801 -0.000000 0.000000 1.000000 -0.000000 0.000000 0.000000 0.000000 1.000000
-0.194602 -0.980882 0.000000 0.000000 0.980882 -0.194602 0.000000 27.567801 -0.000000 0.000000 1.000000 0.000000 0.000000 0.000000 0.000000 1.000000
