<?xml version="1.0" encoding="utf-8"?>
<COLLADA xmlns="http://www.collada.org/2005/11/COLLADASchema" version="1.4.1">
  <asset>
    <contributor>
      <author>Mixamo</author>
      <authoring_tool>COLLADA Mixamo exporter</authoring_tool>
      <comments/>
    </contributor>
    <created>2025-04-29T22:36:46Z</created>
    <modified>2025-04-29T22:36:46Z</modified>
    <revision/>
    <title/>
    <unit meter="0.010000"/>
    <up_axis>Y_UP</up_axis>
  </asset>
  <library_animations>
    <animation id="mixamorig_Hips-anim" name="mixamorig_Hips">
      <source id="mixamorig_Hips-Matrix-animation-input">
        <float_array id="mixamorig_Hips-Matrix-animation-input-array" count="41">

0.000000 0.033333 0.066667 0.100000 0.133333 0.166667 0.200000 0.233333 0.266667 0.300000 0.333333 0.366667 0.400000 0.433333 0.466667 0.500000
0.533333 0.566667 0.600000 0.633333 0.666667 0.700000 0.733333 0.766667 0.800000 0.833333 0.866667 0.900000 0.933333 0.966667 1.000000 1.033333
1.066667 1.100000 1.133333 1.166667 1.200000 1.233333 1.266667 1.300000 1.333333</float_array>
        <technique_common>
          <accessor source="#mixamorig_Hips-Matrix-animation-input-array" count="41">
            <param name="TIME" type="float"/>
          </accessor>
        </technique_common>
      </source>
      <source id="mixamorig_Hips-Matrix-animation-output-transform">
        <float_array id="mixamorig_Hips-Matrix-animation-output-transform-array" count="656">

0.587106 0.037880 -0.808623 -1.084805 -0.100960 0.994532 -0.026713 90.036148 0.803190 0.097322 0.587720 0.845446 0.000000 0.000000 0.000000 1.000000
0.586769 0.038310 -0.808847 -1.076396 -0.101449 0.994488 -0.026492 89.973663 0.803374 0.097602 0.587422 0.828118 0.000000 0.000000 0.000000 1.000000
0.586783 0.038658 -0.808821 -1.064817 -0.101660 0.994474 -0.026220 89.922821 0.803337 0.097610 0.587471 0.807025 0.000000 0.000000 0.000000 1.000000
0.587117 0.038949 -0.808564 -1.051798 -0.101853 0.994458 -0.026055 89.883163 0.803069 0.097652 0.587831 0.785171 0.000000 0.000000 0.000000 1.000000
0.587322 0.039096 -0.808409 -1.037820 -0.102035 0.994440 -0.026038 89.847885 0.802896 0.097779 0.588046 0.763652 0.000000 0.000000 0.000000 1.000000
0.586973 0.039034 -0.808665 -1.021169 -0.102008 0.994443 -0.026042 89.813232 0.803155 0.097776 0.587692 0.740575 0.000000 0.000000 0.000000 1.000000
0.586285 0.038978 -0.809166 -1.004298 -0.101906 0.994456 -0.025933 89.780350 0.803670 0.097663 0.587007 0.715987 0.000000 0.000000 0.000000 1.000000
0.585766 0.039139 -0.809535 -0.993568 -0.101947 0.994458 -0.025688 89.749977 0.804043 0.097577 0.586510 0.692689 0.000000 0.000000 0.000000 1.000000
0.585427 0.039473 -0.809764 -0.991576 -0.102115 0.994450 -0.025349 89.719925 0.804268 0.097529 0.586208 0.671219 0.000000 0.000000 0.000000 1.000000
0.585018 0.039928 -0.810037 -0.995029 -0.102375 0.994434 -0.024919 89.688919 0.804533 0.097505 0.585850 0.649054 0.000000 0.000000 0.000000 1.000000
0.584690 0.040431 -0.810249 -0.998285 -0.102790 0.994400 -0.024555 89.658279 0.804718 0.097642 0.585572 0.623854 0.000000 0.000000 0.000000 1.000000
0.584698 0.040702 -0.810230 -1.000447 -0.103295 0.994347 -0.024591 89.632362 0.804648 0.098071 0.585597 0.593786 0.000000 0.000000 0.000000 1.000000
0.584849 0.040749 -0.810118 -1.007933 -0.103709 0.994297 -0.024858 89.616142 0.804485 0.098555 0.585740 0.559109 0.000000 0.000000 0.000000 1.000000
0.584805 0.040919 -0.810141 -1.022112 -0.104092 0.994255 -0.024921 89.611008 0.804468 0.098903 0.585705 0.525063 0.000000 0.000000 0.000000 1.000000
0.584498 0.041282 -0.810344 -1.035084 -0.104662 0.994197 -0.024845 89.612564 0.804616 0.099334 0.585427 0.497241 0.000000 0.000000 0.000000 1.000000
0.584085 0.041701 -0.810620 -1.044813 -0.105431 0.994117 -0.024826 89.613770 0.804816 0.099965 0.585046 0.474490 0.000000 0.000000 0.000000 1.000000
0.583774 0.041995 -0.810829 -1.057463 -0.106151 0.994037 -0.024941 89.611221 0.804947 0.100630 0.584751 0.453113 0.000000 0.000000 0.000000 1.000000
0.583719 0.042084 -0.810865 -1.074320 -0.106639 0.993979 -0.025178 89.610764 0.804923 0.101167 0.584692 0.435473 0.000000 0.000000 0.000000 1.000000
0.584004 0.042108 -0.810658 -1.091779 -0.106931 0.993942 -0.025405 89.622818 0.804677 0.101521 0.584969 0.425355 0.000000 0.000000 0.000000 1.000000
0.584598 0.042084 -0.810231 -1.107589 -0.107019 0.993928 -0.025591 89.651604 0.804234 0.101671 0.585551 0.424508 0.000000 0.000000 0.000000 1.000000
0.585250 0.041904 -0.809770 -1.122499 -0.106816 0.993945 -0.025765 89.692589 0.803787 0.101575 0.586182 0.434013 0.000000 0.000000 0.000000 1.000000
0.585742 0.041591 -0.809430 -1.137890 -0.106327 0.993995 -0.025869 89.738235 0.803493 0.101217 0.586646 0.451285 0.000000 0.000000 0.000000 1.000000
0.586216 0.041391 -0.809096 -1.154107 -0.105692 0.994066 -0.025723 89.783554 0.803231 0.100594 0.587113 0.472413 0.000000 0.000000 0.000000 1.000000
0.586941 0.041422 -0.808570 -1.171059 -0.105061 0.994143 -0.025335 89.828598 0.802784 0.099819 0.587855 0.496848 0.000000 0.000000 0.000000 1.000000
0.587905 0.041500 -0.807865 -1.187952 -0.104523 0.994208 -0.024992 89.875557 0.802149 0.099134 0.588838 0.526105 0.000000 0.000000 0.000000 1.000000
0.588920 0.041477 -0.807127 -1.204644 -0.104075 0.994259 -0.024846 89.920975 0.801462 0.098634 0.589855 0.559524 0.000000 0.000000 0.000000 1.000000
0.589800 0.041349 -0.806490 -1.223985 -0.103566 0.994314 -0.024760 89.961510 0.800881 0.098128 0.590729 0.594913 0.000000 0.000000 0.000000 1.000000
0.590396 0.041099 -0.806066 -1.247314 -0.102897 0.994386 -0.024666 90.006111 0.800527 0.097505 0.591311 0.632324 0.000000 0.000000 0.000000 1.000000
0.590562 0.040790 -0.805960 -1.268593 -0.102334 0.994444 -0.024655 90.057243 0.800477 0.097038 0.591456 0.672669 0.000000 0.000000 0.000000 1.000000
0.590319 0.040488 -0.806154 -1.282355 -0.101910 0.994487 -0.024679 90.106972 0.800711 0.096723 0.591191 0.710386 0.000000 0.000000 0.000000 1.000000
0.589872 0.040134 -0.806499 -1.289738 -0.101409 0.994539 -0.024678 90.153526 0.801104 0.096343 0.590721 0.740487 0.000000 0.000000 0.000000 1.000000
0.589427 0.039528 -0.806854 -1.294118 -0.100725 0.994604 -0.024856 90.201981 0.801518 0.095921 0.590228 0.761622 0.000000 0.000000 0.000000 1.000000
0.589174 0.038875 -0.807070 -1.294854 -0.100240 0.994642 -0.025267 90.246147 0.801764 0.095787 0.589915 0.777912 0.000000 0.000000 0.000000 1.000000
0.589159 0.038453 -0.807101 -1.288188 -0.100196 0.994634 -0.025752 90.276085 0.801781 0.096041 0.589851 0.794603 0.000000 0.000000 0.000000 1.000000
0.589050 0.038017 -0.807202 -1.272960 -0.100199 0.994620 -0.026276 90.292480 0.801861 0.096359 0.589690 0.808843 0.000000 0.000000 0.000000 1.000000
0.588656 0.037431 -0.807516 -1.252687 -0.100072 0.994618 -0.026846 90.293243 0.802165 0.096613 0.589234 0.816683 0.000000 0.000000 0.000000 1.000000
0.588283 0.037063 -0.807805 -1.228008 -0.100162 0.994596 -0.027309 90.267807 0.802428 0.096977 0.588817 0.824363 0.000000 0.000000 0.000000 1.000000
0.588077 0.037152 -0.807951 -1.194792 -0.100475 0.994562 -0.027398 90.217102 0.802540 0.097291 0.588612 0.837373 0.000000 0.000000 0.000000 1.000000
0.587866 0.037475 -0.808090 -1.154918 -0.100622 0.994556 -0.027078 90.158096 0.802676 0.097230 0.588437 0.849028 0.000000 0.000000 0.000000 1.000000
0.587549 0.037737 -0.808308 -1.117573 -0.100666 0.994561 -0.026740 90.099045 0.802903 0.097080 0.588152 0.852298 0.000000 0.000000 0.000000 1.000000
0.587106 0.037880 -0.808623 -1.084805 -0.100960 0.994532 -0.026713 90.036133 0.803190 0.097322 0.587720 0.845445 0.000000 0.000000 0.000000 1.000000</float_array>
        <technique_common>
          <accessor source="#mixamorig_Hips-Matrix-animation-output-transform-array" count="41" stride="16">
            <param type="float4x4"/>
          </accessor>
        </technique_common>
      </source>
      <source id="mixamorig_Hips-Interpolations">
        <Name_array id="mixamorig_Hips-Interpolations-array" count="41">
 LINEAR LINEAR LINEAR LINEAR LINEAR LINEAR LINEAR LINEAR LINEAR LINEAR LINEAR
LINEAR LINEAR LINEAR LINEAR LINEAR LINEAR LINEAR LINEAR LINEAR LINEAR LINEAR LINEAR
LINEAR LINEAR LINEAR LINEAR LINEAR LINEAR LINEAR LINEAR LINEAR LINEAR LINEAR LINEAR
LINEAR LINEAR LINEAR LINEAR LINEAR LINEAR</Name_array>
        <technique_common>
          <accessor source="#mixamorig_Hips-Interpolations-array" count="41">
            <param type="name"/>
          </accessor>
        </technique_common>
      </source>
      <sampler id="mixamorig_Hips-Matrix-animation-transform">
        <input semantic="INPUT" source="#mixamorig_Hips-Matrix-animation-input"/>
        <input semantic="OUTPUT" source="#mixamorig_Hips-Matrix-animation-output-transform"/>
        <input semantic="INTERPOLATION" source="#mixamorig_Hips-Interpolations"/>
      </sampler>
      <channel source="#mixamorig_Hips-Matrix-animation-transform" target="mixamorig_Hips/matrix"/>
    </animation>
    <animation id="mixamorig_Spine-anim" name="mixamorig_Spine">
      <source id="mixamorig_Spine-Matrix-animation-input">
        <float_array id="mixamorig_Spine-Matrix-animation-input-array" count="41">

0.000000 0.033333 0.066667 0.100000 0.133333 0.166667 0.200000 0.233333 0.266667 0.300000 0.333333 0.366667 0.400000 0.433333 0.466667 0.500000
0.533333 0.566667 0.600000 0.633333 0.666667 0.700000 0.733333 0.766667 0.800000 0.833333 0.866667 0.900000 0.933333 0.966667 1.000000 1.033333
1.066667 1.100000 1.133333 1.166667 1.200000 1.233333 1.266667 1.300000 1.333333</float_array>
        <technique_common>
          <accessor source="#mixamorig_Spine-Matrix-animation-input-array" count="41">
            <param name="TIME" type="float"/>
          </accessor>
        </technique_common>
      </source>
      <source id="mixamorig_Spine-Matrix-animation-output-transform">
        <float_array id="mixamorig_Spine-Matrix-animation-output-transform-array" count="656">

0.992605 -0.045513 0.112532 0.000000 0.041005 0.998273 0.042056 10.871300 -0.114252 -0.037131 0.992758 -0.951400 0.000000 0.000000 0.000000 1.000000
0.992587 -0.046078 0.112461 0.000000 0.041608 0.998260 0.041773 10.871300 -0.114190 -0.036784 0.992778 -0.951400 0.000000 0.000000 0.000000 1.000000
0.992601 -0.046376 0.112218 0.000000 0.041972 0.998265 0.041299 10.871300 -0.113938 -0.036284 0.992825 -0.951400 0.000000 0.000000 0.000000 1.000000
0.992626 -0.046632 0.111889 0.000000 0.042285 0.998267 0.040921 10.871300 -0.113604 -0.035888 0.992878 -0.951400 0.000000 0.000000 0.000000 1.000000
0.992645 -0.046863 0.111622 0.000000 0.042560 0.998267 0.040632 10.871300 -0.113333 -0.035582 0.992920 -0.951400 0.000000 0.000000 0.000000 1.000000
0.992641 -0.046908 0.111636 -0.000000 0.042644 0.998278 0.040278 10.871300 -0.113333 -0.035221 0.992933 -0.951400 0.000000 0.000000 0.000000 1.000000
0.992622 -0.046891 0.111812 0.000000 0.042667 0.998293 0.039880 10.871300 -0.113491 -0.034815 0.992929 -0.951400 0.000000 0.000000 0.000000 1.000000
0.992626 -0.046954 0.111750 -0.000000 0.042768 0.998301 0.039564 10.871300 -0.113418 -0.034493 0.992948 -0.951400 0.000000 0.000000 0.000000 1.000000
0.992668 -0.046946 0.111382 0.000000 0.042796 0.998308 0.039364 10.871300 -0.113042 -0.034309 0.992998 -0.951400 0.000000 0.000000 0.000000 1.000000
0.992730 -0.046803 0.110886 -0.000000 0.042694 0.998321 0.039153 10.871300 -0.112532 -0.034134 0.993062 -0.951400 0.000000 0.000000 0.000000 1.000000
0.992787 -0.046727 0.110413 0.000000 0.042662 0.998332 0.038902 10.871300 -0.112047 -0.033911 0.993124 -0.951400 0.000000 0.000000 0.000000 1.000000
0.992826 -0.046688 0.110074 0.000000 0.042645 0.998336 0.038807 10.871300 -0.111702 -0.033835 0.993166 -0.951400 0.000000 0.000000 0.000000 1.000000
0.992872 -0.046389 0.109784 0.000000 0.042351 0.998348 0.038831 10.871300 -0.111404 -0.033905 0.993197 -0.951400 0.000000 0.000000 0.000000 1.000000
0.992933 -0.045928 0.109428 -0.000000 0.041904 0.998368 0.038792 10.871300 -0.111031 -0.033932 0.993237 -0.951400 0.000000 0.000000 0.000000 1.000000
0.992962 -0.045742 0.109245 0.000000 0.041722 0.998375 0.038806 10.871300 -0.110843 -0.033975 0.993257 -0.951400 0.000000 0.000000 0.000000 1.000000
0.992933 -0.045906 0.109437 -0.000000 0.041860 0.998363 0.038988 10.871300 -0.111047 -0.034131 0.993229 -0.951400 0.000000 0.000000 0.000000 1.000000
0.992896 -0.046052 0.109710 0.000000 0.041962 0.998346 0.039302 10.871300 -0.111338 -0.034419 0.993186 -0.951400 0.000000 0.000000 0.000000 1.000000
0.992890 -0.045994 0.109791 0.000000 0.041857 0.998335 0.039696 10.871300 -0.111434 -0.034818 0.993162 -0.951400 0.000000 0.000000 0.000000 1.000000
0.992893 -0.045918 0.109795 0.000000 0.041735 0.998324 0.040100 10.871300 -0.111452 -0.035233 0.993145 -0.951400 0.000000 0.000000 0.000000 1.000000
0.992876 -0.045916 0.109949 -0.000000 0.041679 0.998309 0.040530 10.871300 -0.111624 -0.035659 0.993111 -0.951400 0.000000 0.000000 0.000000 1.000000
0.992835 -0.045871 0.110343 0.000000 0.041562 0.998293 0.041040 10.871300 -0.112037 -0.036160 0.993046 -0.951400 0.000000 0.000000 0.000000 1.000000
0.992781 -0.045721 0.110887 0.000000 0.041331 0.998280 0.041567 10.871300 -0.112597 -0.036684 0.992963 -0.951400 0.000000 0.000000 0.000000 1.000000
0.992727 -0.045569 0.111434 0.000000 0.041115 0.998273 0.041950 10.871300 -0.113153 -0.037063 0.992886 -0.951400 0.000000 0.000000 0.000000 1.000000
0.992682 -0.045518 0.111847 0.000000 0.041021 0.998267 0.042188 10.871300 -0.113573 -0.037292 0.992830 -0.951400 0.000000 0.000000 0.000000 1.000000
0.992655 -0.045598 0.112053 0.000000 0.041062 0.998254 0.042458 10.871300 -0.113794 -0.037545 0.992795 -0.951400 0.000000 0.000000 0.000000 1.000000
0.992652 -0.045715 0.112033 0.000000 0.041136 0.998234 0.042851 10.871300 -0.113795 -0.037927 0.992780 -0.951400 0.000000 0.000000 0.000000 1.000000
0.992679 -0.045570 0.111854 0.000000 0.040944 0.998222 0.043316 10.871300 -0.113630 -0.038419 0.992780 -0.951400 0.000000 0.000000 0.000000 1.000000
0.992709 -0.045080 0.111786 -0.000000 0.040397 0.998222 0.043817 10.871300 -0.113562 -0.038982 0.992766 -0.951400 0.000000 0.000000 0.000000 1.000000
0.992698 -0.044788 0.112004 0.000000 0.040034 0.998214 0.044344 10.871300 -0.113790 -0.039536 0.992718 -0.951400 0.000000 0.000000 0.000000 1.000000
0.992669 -0.044713 0.112288 0.000000 0.039899 0.998201 0.044760 10.871300 -0.114088 -0.039951 0.992667 -0.951400 0.000000 0.000000 0.000000 1.000000
0.992663 -0.044440 0.112451 0.000000 0.039589 0.998202 0.045016 10.871300 -0.114249 -0.040234 0.992637 -0.951400 0.000000 0.000000 0.000000 1.000000
0.992677 -0.043795 0.112580 -0.000000 0.038909 0.998218 0.045237 10.871300 -0.114360 -0.040525 0.992612 -0.951400 0.000000 0.000000 0.000000 1.000000
0.992689 -0.043301 0.112668 0.000000 0.038381 0.998228 0.045477 10.871300 -0.114438 -0.040820 0.992591 -0.951400 0.000000 0.000000 0.000000 1.000000
0.992694 -0.043293 0.112621 0.000000 0.038353 0.998220 0.045662 10.871300 -0.114397 -0.041009 0.992588 -0.951400 0.000000 0.000000 0.000000 1.000000
0.992701 -0.043296 0.112558 0.000000 0.038354 0.998218 0.045704 10.871300 -0.114336 -0.041053 0.992594 -0.951400 0.000000 0.000000 0.000000 1.000000
0.992704 -0.043122 0.112599 0.000000 0.038193 0.998230 0.045580 10.871300 -0.114365 -0.040947 0.992595 -0.951400 0.000000 0.000000 0.000000 1.000000
0.992691 -0.043326 0.112635 0.000000 0.038434 0.998236 0.045249 10.871300 -0.114397 -0.040589 0.992606 -0.951400 0.000000 0.000000 0.000000 1.000000
0.992664 -0.044068 0.112588 0.000000 0.039262 0.998235 0.044552 10.871300 -0.114353 -0.039804 0.992642 -0.951400 0.000000 0.000000 0.000000 1.000000
0.992635 -0.044766 0.112573 0.000000 0.040082 0.998247 0.043537 10.871300 -0.114325 -0.038704 0.992689 -0.951400 0.000000 0.000000 0.000000 1.000000
0.992613 -0.045164 0.112605 0.000000 0.040584 0.998266 0.042644 10.871300 -0.114336 -0.037759 0.992724 -0.951400 0.000000 0.000000 0.000000 1.000000
0.992605 -0.045513 0.112532 0.000000 0.041005 0.998273 0.042056 10.871300 -0.114252 -0.037131 0.992758 -0.951400 0.000000 0.000000 0.000000 1.000000</float_array>
        <technique_common>
          <accessor source="#mixamorig_Spine-Matrix-animation-output-transform-array" count="41" stride="16">
            <param type="float4x4"/>
          </accessor>
        </technique_common>
      </source>
      <source id="mixamorig_Spine-Interpolations">
        <Name_array id="mixamorig_Spine-Interpolations-array" count="41">
 LINEAR LINEAR LINEAR LINEAR LINEAR LINEAR LINEAR LINEAR LINEAR LINEAR LINEAR
LINEAR LINEAR LINEAR LINEAR LINEAR LINEAR LINEAR LINEAR LINEAR LINEAR LINEAR LINEAR
LINEAR LINEAR LINEAR LINEAR LINEAR LINEAR LINEAR LINEAR LINEAR LINEAR LINEAR LINEAR
LINEAR LINEAR LINEAR LINEAR LINEAR LINEAR</Name_array>
        <technique_common>
          <accessor source="#mixamorig_Spine-Interpolations-array" count="41">
            <param type="name"/>
          </accessor>
        </technique_common>
      </source>
      <sampler id="mixamorig_Spine-Matrix-animation-transform">
        <input semantic="INPUT" source="#mixamorig_Spine-Matrix-animation-input"/>
        <input semantic="OUTPUT" source="#mixamorig_Spine-Matrix-animation-output-transform"/>
        <input semantic="INTERPOLATION" source="#mixamorig_Spine-Interpolations"/>
      </sampler>
      <channel source="#mixamorig_Spine-Matrix-animation-transform" target="mixamorig_Spine/matrix"/>
    </animation>
    <animation id="mixamorig_Spine1-anim" name="mixamorig_Spine1">
      <source id="mixamorig_Spine1-Matrix-animation-input">
        <float_array id="mixamorig_Spine1-Matrix-animation-input-array" count="41">

0.000000 0.033333 0.066667 0.100000 0.133333 0.166667 0.200000 0.233333 0.266667 0.300000 0.333333 0.366667 0.400000 0.433333 0.466667 0.500000
0.533333 0.566667 0.600000 0.633333 0.666667 0.700000 0.733333 0.766667 0.800000 0.833333 0.866667 0.900000 0.933333 0.966667 1.000000 1.033333
1.066667 1.100000 1.133333 1.166667 1.200000 1.233333 1.266667 1.300000 1.333333</float_array>
        <technique_common>
          <accessor source="#mixamorig_Spine1-Matrix-animation-input-array" count="41">
            <param name="TIME" type="float"/>
          </accessor>
        </technique_common>
      </source>
      <source id="mixamorig_Spine1-Matrix-animation-output-transform">
        <float_array id="mixamorig_Spine1-Matrix-animation-output-transform-array" count="656">

0.990537 -0.004895 0.137160 0.000000 0.011288 0.998884 -0.045867 12.731600 -0.136782 0.046981 0.989486 0.000000 0.000000 0.000000 0.000000 1.000000
0.990543 -0.004865 0.137115 0.000000 0.011271 0.998879 -0.045977 12.731600 -0.136737 0.047087 0.989488 0.000000 0.000000 0.000000 0.000000 1.000000
0.990568 -0.004748 0.136938 0.000000 0.011178 0.998869 -0.046222 12.731600 -0.136564 0.047317 0.989501 -0.000000 0.000000 0.000000 0.000000 1.000000
0.990602 -0.004691 0.136692 0.000000 0.011133 0.998861 -0.046396 12.731600 -0.136319 0.047482 0.989527 0.000000 0.000000 0.000000 0.000000 1.000000
0.990629 -0.004688 0.136497 0.000000 0.011136 0.998856 -0.046511 12.731600 -0.136123 0.047595 0.989548 0.000000 0.000000 0.000000 0.000000 1.000000
0.990623 -0.004630 0.136542 -0.000000 0.011106 0.998847 -0.046704 12.731600 -0.136168 0.047782 0.989533 -0.000000 0.000000 0.000000 0.000000 1.000000
0.990599 -0.004540 0.136720 0.000000 0.011059 0.998836 -0.046955 12.731600 -0.136348 0.048025 0.989496 0.000000 0.000000 0.000000 0.000000 1.000000
0.990602 -0.004472 0.136704 0.000000 0.011015 0.998827 -0.047143 12.731600 -0.136333 0.048206 0.989490 -0.000000 0.000000 0.000000 0.000000 1.000000
0.990637 -0.004380 0.136451 0.000000 0.010923 0.998824 -0.047239 12.731600 -0.136083 0.048287 0.989520 -0.000000 0.000000 0.000000 0.000000 1.000000
0.990687 -0.004209 0.136097 -0.000000 0.010747 0.998821 -0.047339 12.731600 -0.135737 0.048360 0.989564 0.000000 0.000000 0.000000 0.000000 1.000000
0.990737 -0.003995 0.135739 0.000000 0.010530 0.998818 -0.047459 12.731600 -0.135389 0.048449 0.989607 -0.000000 0.000000 0.000000 0.000000 1.000000
0.990775 -0.003753 0.135462 0.000000 0.010270 0.998821 -0.047439 12.731600 -0.135124 0.048392 0.989646 -0.000000 0.000000 0.000000 0.000000 1.000000
0.990808 -0.003442 0.135231 0.000000 0.009926 0.998831 -0.047304 12.731600 -0.134910 0.048212 0.989684 0.000000 0.000000 0.000000 0.000000 1.000000
0.990846 -0.003128 0.134959 0.000000 0.009584 0.998839 -0.047215 12.731600 -0.134655 0.048076 0.989726 0.000000 0.000000 0.000000 0.000000 1.000000
0.990866 -0.002971 0.134816 0.000000 0.009405 0.998845 -0.047115 12.731600 -0.134520 0.047953 0.989750 0.000000 0.000000 0.000000 0.000000 1.000000
0.990846 -0.002981 0.134966 0.000000 0.009398 0.998854 -0.046932 12.731600 -0.134672 0.047771 0.989738 0.000000 0.000000 0.000000 0.000000 1.000000
0.990816 -0.003013 0.135186 0.000000 0.009405 0.998866 -0.046672 12.731600 -0.134892 0.047515 0.989720 -0.000000 0.000000 0.000000 0.000000 1.000000
0.990808 -0.003015 0.135243 0.000000 0.009367 0.998881 -0.046358 12.731600 -0.134952 0.047199 0.989727 0.000000 0.000000 0.000000 0.000000 1.000000
0.990810 -0.003052 0.135228 -0.000000 0.009364 0.998895 -0.046061 12.731600 -0.134938 0.046904 0.989743 0.000000 0.000000 0.000000 0.000000 1.000000
0.990795 -0.003177 0.135334 0.000000 0.009457 0.998907 -0.045784 12.731600 -0.135041 0.046643 0.989742 0.000000 0.000000 0.000000 0.000000 1.000000
0.990752 -0.003381 0.135645 0.000000 0.009637 0.998918 -0.045488 12.731600 -0.135345 0.046374 0.989713 0.000000 0.000000 0.000000 0.000000 1.000000
0.990691 -0.003576 0.136085 0.000000 0.009818 0.998929 -0.045225 12.731600 -0.135778 0.046140 0.989664 0.000000 0.000000 0.000000 0.000000 1.000000
0.990629 -0.003725 0.136526 0.000000 0.009975 0.998932 -0.045117 12.731600 -0.136212 0.046056 0.989609 0.000000 0.000000 0.000000 0.000000 1.000000
0.990583 -0.003908 0.136856 0.000000 0.010176 0.998929 -0.045129 12.731600 -0.136533 0.046096 0.989563 0.000000 0.000000 0.000000 0.000000 1.000000
0.990563 -0.004149 0.136998 -0.000000 0.010419 0.998929 -0.045083 12.731600 -0.136664 0.046085 0.989545 0.000000 0.000000 0.000000 0.000000 1.000000
0.990571 -0.004359 0.136934 0.000000 0.010604 0.998935 -0.044907 12.731600 -0.136593 0.045935 0.989562 -0.000000 0.000000 0.000000 0.000000 1.000000
0.990593 -0.004459 0.136770 -0.000000 0.010663 0.998945 -0.044664 12.731600 -0.136427 0.045702 0.989595 0.000000 0.000000 0.000000 0.000000 1.000000
0.990597 -0.004483 0.136742 0.000000 0.010649 0.998957 -0.044395 12.731600 -0.136400 0.045434 0.989611 0.000000 0.000000 0.000000 0.000000 1.000000
0.990571 -0.004582 0.136921 0.000000 0.010717 0.998970 -0.044103 12.731600 -0.136578 0.045154 0.989600 -0.000000 0.000000 0.000000 0.000000 1.000000
0.990544 -0.004767 0.137113 0.000000 0.010883 0.998977 -0.043890 12.731600 -0.136764 0.044967 0.989583 -0.000000 0.000000 0.000000 0.000000 1.000000
0.990529 -0.004907 0.137217 0.000000 0.011017 0.998980 -0.043797 12.731600 -0.136862 0.044894 0.989572 -0.000000 0.000000 0.000000 0.000000 1.000000
0.990516 -0.004907 0.137309 0.000000 0.011010 0.998983 -0.043721 12.731600 -0.136955 0.044819 0.989563 -0.000000 0.000000 0.000000 0.000000 1.000000
0.990511 -0.004922 0.137343 0.000000 0.011013 0.998987 -0.043620 12.731600 -0.136989 0.044719 0.989563 0.000000 0.000000 0.000000 0.000000 1.000000
0.990525 -0.005120 0.137237 0.000000 0.011198 0.998988 -0.043552 12.731600 -0.136875 0.044676 0.989580 0.000000 0.000000 0.000000 0.000000 1.000000
0.990538 -0.005304 0.137136 0.000000 0.011382 0.998985 -0.043574 12.731600 -0.136765 0.044722 0.989593 0.000000 0.000000 0.000000 0.000000 1.000000
0.990537 -0.005285 0.137146 0.000000 0.011378 0.998981 -0.043681 12.731600 -0.136776 0.044828 0.989587 0.000000 0.000000 0.000000 0.000000 1.000000
0.990535 -0.005251 0.137160 -0.000000 0.011371 0.998972 -0.043875 12.731600 -0.136789 0.045019 0.989577 0.000000 0.000000 0.000000 0.000000 1.000000
0.990541 -0.005316 0.137115 0.000000 0.011491 0.998953 -0.044284 12.731600 -0.136736 0.045441 0.989565 -0.000000 0.000000 0.000000 0.000000 1.000000
0.990540 -0.005261 0.137122 0.000000 0.011524 0.998924 -0.044924 12.731600 -0.136738 0.046079 0.989535 0.000000 0.000000 0.000000 0.000000 1.000000
0.990533 -0.005041 0.137183 0.000000 0.011386 0.998899 -0.045502 12.731600 -0.136802 0.046633 0.989500 0.000000 0.000000 0.000000 0.000000 1.000000
0.990537 -0.004895 0.137159 -0.000000 0.011288 0.998884 -0.045867 12.731600 -0.136782 0.046981 0.989486 0.000000 0.000000 0.000000 0.000000 1.000000</float_array>
        <technique_common>
          <accessor source="#mixamorig_Spine1-Matrix-animation-output-transform-array" count="41" stride="16">
            <param type="float4x4"/>
          </accessor>
        </technique_common>
      </source>
      <source id="mixamorig_Spine1-Interpolations">
        <Name_array id="mixamorig_Spine1-Interpolations-array" count="41">
 LINEAR LINEAR LINEAR LINEAR LINEAR LINEAR LINEAR LINEAR LINEAR LINEAR LINEAR
LINEAR LINEAR LINEAR LINEAR LINEAR LINEAR LINEAR LINEAR LINEAR LINEAR LINEAR LINEAR
LINEAR LINEAR LINEAR LINEAR LINEAR LINEAR LINEAR LINEAR LINEAR LINEAR LINEAR LINEAR
LINEAR LINEAR LINEAR LINEAR LINEAR LINEAR</Name_array>
        <technique_common>
          <accessor source="#mixamorig_Spine1-Interpolations-array" count="41">
            <param type="name"/>
          </accessor>
        </technique_common>
      </source>
      <sampler id="mixamorig_Spine1-Matrix-animation-transform">
        <input semantic="INPUT" source="#mixamorig_Spine1-Matrix-animation-input"/>
        <input semantic="OUTPUT" source="#mixamorig_Spine1-Matrix-animation-output-transform"/>
        <input semantic="INTERPOLATION" source="#mixamorig_Spine1-Interpolations"/>
      </sampler>
      <channel source="#mixamorig_Spine1-Matrix-animation-transform" target="mixamorig_Spine1/matrix"/>
    </animation>
    <animation id="mixamorig_Spine2-anim" name="mixamorig_Spine2">
      <source id="mixamorig_Spine2-Matrix-animation-input">
        <float_array id="mixamorig_Spine2-Matrix-animation-input-array" count="41">

0.000000 0.033333 0.066667 0.100000 0.133333 0.166667 0.200000 0.233333 0.266667 0.300000 0.333333 0.366667 0.400000 0.433333 0.466667 0.500000
0.533333 0.566667 0.600000 0.633333 0.666667 0.700000 0.733333 0.766667 0.800000 0.833333 0.866667 0.900000 0.933333 0.966667 1.000000 1.033333
1.066667 1.100000 1.133333 1.166667 1.200000 1.233333 1.266667 1.300000 1.333333</float_array>
        <technique_common>
          <accessor source="#mixamorig_Spine2-Matrix-animation-input-array" count="41">
            <param name="TIME" type="float"/>
          </accessor>
        </technique_common>
      </source>
      <source id="mixamorig_Spine2-Matrix-animation-output-transform">
        <float_array id="mixamorig_Spine2-Matrix-animation-output-transform-array" count="656">

0.990540 -0.001716 0.137210 -0.000000 0.008297 0.998841 -0.047405 14.550400 -0.136970 0.048095 0.989407 -0.000000 0.000000 0.000000 0.000000 1.000000
0.990544 -0.001648 0.137182 0.000000 0.008241 0.998837 -0.047506 14.550400 -0.136944 0.048187 0.989406 0.000000 0.000000 0.000000 0.000000 1.000000
0.990566 -0.001490 0.137028 0.000000 0.008107 0.998827 -0.047742 14.550400 -0.136796 0.048403 0.989416 0.000000 0.000000 0.000000 0.000000 1.000000
0.990597 -0.001397 0.136804 0.000000 0.008025 0.998820 -0.047908 14.550400 -0.136576 0.048555 0.989439 0.000000 0.000000 0.000000 0.000000 1.000000
0.990622 -0.001364 0.136626 0.000000 0.007998 0.998815 -0.048017 14.550400 -0.136398 0.048659 0.989458 0.000000 0.000000 0.000000 0.000000 1.000000
0.990614 -0.001284 0.136680 -0.000000 0.007946 0.998806 -0.048206 14.550400 -0.136455 0.048840 0.989442 0.000000 0.000000 0.000000 0.000000 1.000000
0.990589 -0.001178 0.136868 0.000000 0.007882 0.998795 -0.048450 14.550400 -0.136646 0.049073 0.989404 0.000000 0.000000 0.000000 0.000000 1.000000
0.990588 -0.001093 0.136871 0.000000 0.007821 0.998786 -0.048625 14.550400 -0.136652 0.049238 0.989395 0.000000 0.000000 0.000000 0.000000 1.000000
0.990620 -0.000983 0.136643 0.000000 0.007709 0.998784 -0.048703 14.550400 -0.136428 0.049300 0.989422 0.000000 0.000000 0.000000 0.000000 1.000000
0.990666 -0.000793 0.136312 -0.000000 0.007513 0.998781 -0.048790 14.550400 -0.136107 0.049359 0.989464 0.000000 0.000000 0.000000 0.000000 1.000000
0.990713 -0.000555 0.135971 0.000000 0.007272 0.998777 -0.048907 14.550400 -0.135778 0.049441 0.989505 0.000000 0.000000 0.000000 0.000000 1.000000
0.990749 -0.000287 0.135706 0.000000 0.006985 0.998780 -0.048887 14.550400 -0.135527 0.049382 0.989542 0.000000 0.000000 0.000000 0.000000 1.000000
0.990780 0.000049 0.135483 0.000000 0.006618 0.998789 -0.048754 14.550400 -0.135321 0.049201 0.989579 0.000000 0.000000 0.000000 0.000000 1.000000
0.990816 0.000385 0.135219 0.000000 0.006254 0.998795 -0.048669 14.550400 -0.135075 0.049067 0.989620 0.000000 0.000000 0.000000 0.000000 1.000000
0.990835 0.000558 0.135079 -0.000000 0.006059 0.998801 -0.048571 14.550400 -0.134944 0.048944 0.989644 -0.000000 0.000000 0.000000 0.000000 1.000000
0.990814 0.000554 0.135230 -0.000000 0.006045 0.998811 -0.048384 14.550400 -0.135096 0.048757 0.989632 0.000000 0.000000 0.000000 0.000000 1.000000
0.990785 0.000520 0.135445 0.000000 0.006054 0.998823 -0.048119 14.550400 -0.135311 0.048496 0.989616 0.000000 0.000000 0.000000 0.000000 1.000000
0.990778 0.000513 0.135496 -0.000000 0.006020 0.998839 -0.047804 14.550400 -0.135363 0.048178 0.989624 0.000000 0.000000 0.000000 0.000000 1.000000
0.990781 0.000464 0.135475 0.000000 0.006027 0.998853 -0.047506 14.550400 -0.135342 0.047884 0.989641 -0.000000 0.000000 0.000000 0.000000 1.000000
0.990768 0.000319 0.135570 0.000000 0.006141 0.998865 -0.047230 14.550400 -0.135431 0.047627 0.989641 0.000000 0.000000 0.000000 0.000000 1.000000
0.990728 0.000082 0.135860 0.000000 0.006354 0.998878 -0.046938 14.550400 -0.135711 0.047366 0.989615 0.000000 0.000000 0.000000 0.000000 1.000000
0.990671 -0.000159 0.136275 -0.000000 0.006581 0.998888 -0.046679 14.550400 -0.136116 0.047140 0.989571 -0.000000 0.000000 0.000000 0.000000 1.000000
0.990614 -0.000358 0.136692 0.000000 0.006788 0.998892 -0.046574 14.550400 -0.136524 0.047065 0.989518 -0.000000 0.000000 0.000000 0.000000 1.000000
0.990571 -0.000589 0.136996 0.000000 0.007038 0.998889 -0.046596 14.550400 -0.136816 0.047121 0.989475 0.000000 0.000000 0.000000 0.000000 1.000000
0.990557 -0.000868 0.137102 0.000000 0.007322 0.998888 -0.046577 14.550400 -0.136909 0.047141 0.989461 0.000000 0.000000 0.000000 0.000000 1.000000
0.990571 -0.001109 0.136996 0.000000 0.007540 0.998893 -0.046436 14.550400 -0.136793 0.047032 0.989483 0.000000 0.000000 0.000000 0.000000 1.000000
0.990597 -0.001239 0.136807 -0.000000 0.007631 0.998903 -0.046210 14.550400 -0.136600 0.046820 0.989519 0.000000 0.000000 0.000000 0.000000 1.000000
0.990602 -0.001303 0.136771 0.000000 0.007656 0.998915 -0.045936 14.550400 -0.136562 0.046552 0.989537 0.000000 0.000000 0.000000 0.000000 1.000000
0.990579 -0.001442 0.136936 0.000000 0.007763 0.998928 -0.045641 14.550400 -0.136723 0.046274 0.989528 0.000000 0.000000 0.000000 0.000000 1.000000
0.990555 -0.001661 0.137105 0.000000 0.007964 0.998935 -0.045437 14.550400 -0.136883 0.046100 0.989514 0.000000 0.000000 0.000000 0.000000 1.000000
0.990543 -0.001836 0.137189 -0.000000 0.008133 0.998938 -0.045355 14.550400 -0.136960 0.046041 0.989506 0.000000 0.000000 0.000000 0.000000 1.000000
0.990533 -0.001871 0.137263 0.000000 0.008163 0.998941 -0.045288 14.550400 -0.137033 0.045980 0.989499 0.000000 0.000000 0.000000 0.000000 1.000000
0.990531 -0.001916 0.137279 0.000000 0.008196 0.998944 -0.045199 14.550400 -0.137048 0.045896 0.989501 0.000000 0.000000 0.000000 0.000000 1.000000
0.990547 -0.002133 0.137160 -0.000000 0.008402 0.998945 -0.045139 14.550400 -0.136919 0.045865 0.989520 0.000000 0.000000 0.000000 0.000000 1.000000
0.990561 -0.002331 0.137052 0.000000 0.008599 0.998943 -0.045164 14.550400 -0.136801 0.045916 0.989534 0.000000 0.000000 0.000000 0.000000 1.000000
0.990560 -0.002314 0.137062 0.000000 0.008598 0.998938 -0.045272 14.550400 -0.136812 0.046023 0.989527 -0.000000 0.000000 0.000000 0.000000 1.000000
0.990557 -0.002259 0.137084 -0.000000 0.008570 0.998929 -0.045467 14.550400 -0.136834 0.046212 0.989515 0.000000 0.000000 0.000000 0.000000 1.000000
0.990561 -0.002276 0.137057 -0.000000 0.008642 0.998910 -0.045876 14.550400 -0.136803 0.046627 0.989500 0.000000 0.000000 0.000000 0.000000 1.000000
0.990555 -0.002164 0.137096 -0.000000 0.008619 0.998881 -0.046507 14.550400 -0.136842 0.047250 0.989465 0.000000 0.000000 0.000000 0.000000 1.000000
0.990542 -0.001898 0.137196 -0.000000 0.008433 0.998856 -0.047065 14.550400 -0.136949 0.047777 0.989425 -0.000000 0.000000 0.000000 0.000000 1.000000
0.990540 -0.001716 0.137210 -0.000000 0.008297 0.998841 -0.047405 14.550400 -0.136970 0.048095 0.989407 0.000000 0.000000 0.000000 0.000000 1.000000</float_array>
        <technique_common>
          <accessor source="#mixamorig_Spine2-Matrix-animation-output-transform-array" count="41" stride="16">
            <param type="float4x4"/>
          </accessor>
        </technique_common>
      </source>
      <source id="mixamorig_Spine2-Interpolations">
        <Name_array id="mixamorig_Spine2-Interpolations-array" count="41">
 LINEAR LINEAR LINEAR LINEAR LINEAR LINEAR LINEAR LINEAR LINEAR LINEAR LINEAR
LINEAR LINEAR LINEAR LINEAR LINEAR LINEAR LINEAR LINEAR LINEAR LINEAR LINEAR LINEAR
LINEAR LINEAR LINEAR LINEAR LINEAR LINEAR LINEAR LINEAR LINEAR LINEAR LINEAR LINEAR
LINEAR LINEAR LINEAR LINEAR LINEAR LINEAR</Name_array>
        <technique_common>
          <accessor source="#mixamorig_Spine2-Interpolations-array" count="41">
            <param type="name"/>
          </accessor>
        </technique_common>
      </source>
      <sampler id="mixamorig_Spine2-Matrix-animation-transform">
        <input semantic="INPUT" source="#mixamorig_Spine2-Matrix-animation-input"/>
        <input semantic="OUTPUT" source="#mixamorig_Spine2-Matrix-animation-output-transform"/>
        <input semantic="INTERPOLATION" source="#mixamorig_Spine2-Interpolations"/>
      </sampler>
      <channel source="#mixamorig_Spine2-Matrix-animation-transform" target="mixamorig_Spine2/matrix"/>
    </animation>
    <animation id="mixamorig_Neck-anim" name="mixamorig_Neck">
      <source id="mixamorig_Neck-Matrix-animation-input">
        <float_array id="mixamorig_Neck-Matrix-animation-input-array" count="41">

0.000000 0.033333 0.066667 0.100000 0.133333 0.166667 0.200000 0.233333 0.266667 0.300000 0.333333 0.366667 0.400000 0.433333 0.466667 0.500000
0.533333 0.566667 0.600000 0.633333 0.666667 0.700000 0.733333 0.766667 0.800000 0.833333 0.866667 0.900000 0.933333 0.966667 1.000000 1.033333
1.066667 1.100000 1.133333 1.166667 1.200000 1.233333 1.266667 1.300000 1.333333</float_array>
        <technique_common>
          <accessor source="#mixamorig_Neck-Matrix-animation-input-array" count="41">
            <param name="TIME" type="float"/>
          </accessor>
        </technique_common>
      </source>
      <source id="mixamorig_Neck-Matrix-animation-output-transform">
        <float_array id="mixamorig_Neck-Matrix-animation-output-transform-array" count="656">

0.989933 0.076751 0.118922 0.000000 -0.038972 0.955538 -0.292282 16.369200 -0.136067 0.284705 0.948909 0.000000 0.000000 0.000000 0.000000 1.000000
0.989968 0.076573 0.118746 0.000000 -0.038937 0.955722 -0.291685 16.369200 -0.135824 0.284135 0.949115 0.000000 0.000000 0.000000 0.000000 1.000000
0.990006 0.076523 0.118461 -0.000000 -0.039057 0.955901 -0.291080 16.369200 -0.135511 0.283544 0.949336 0.000000 0.000000 0.000000 0.000000 1.000000
0.990041 0.076458 0.118208 0.000000 -0.039139 0.956051 -0.290576 16.369200 -0.135230 0.283055 0.949522 0.000000 0.000000 0.000000 0.000000 1.000000
0.990039 0.076494 0.118200 0.000000 -0.039270 0.956247 -0.289913 16.369200 -0.135205 0.282383 0.949726 0.000000 0.000000 0.000000 0.000000 1.000000
0.990024 0.076608 0.118255 0.000000 -0.039485 0.956494 -0.289067 16.369200 -0.135255 0.281514 0.949977 0.000000 0.000000 0.000000 0.000000 1.000000
0.990022 0.076690 0.118212 0.000000 -0.039663 0.956669 -0.288463 16.369200 -0.135212 0.280897 0.950166 -0.000000 0.000000 0.000000 0.000000 1.000000
0.990013 0.076665 0.118304 0.000000 -0.039640 0.956728 -0.288270 16.369200 -0.135285 0.280701 0.950213 0.000000 0.000000 0.000000 0.000000 1.000000
0.989986 0.076472 0.118661 0.000000 -0.039372 0.956782 -0.288129 16.369200 -0.135566 0.280572 0.950211 0.000000 0.000000 0.000000 0.000000 1.000000
0.989946 0.076208 0.119157 -0.000000 -0.039039 0.956930 -0.287683 16.369200 -0.135948 0.280139 0.950284 -0.000000 0.000000 0.000000 0.000000 1.000000
0.989910 0.076069 0.119549 -0.000000 -0.038886 0.957132 -0.287029 16.369200 -0.136258 0.279484 0.950433 0.000000 0.000000 0.000000 0.000000 1.000000
0.989891 0.076036 0.119723 -0.000000 -0.038886 0.957303 -0.286459 16.369200 -0.136392 0.278908 0.950583 -0.000000 0.000000 0.000000 0.000000 1.000000
0.989887 0.075964 0.119803 -0.000000 -0.038852 0.957424 -0.286061 16.369200 -0.136433 0.278513 0.950693 0.000000 0.000000 0.000000 0.000000 1.000000
0.989887 0.075856 0.119871 -0.000000 -0.038756 0.957486 -0.285866 16.369200 -0.136460 0.278329 0.950743 0.000000 0.000000 0.000000 0.000000 1.000000
0.989891 0.075804 0.119877 -0.000000 -0.038700 0.957481 -0.285889 16.369200 -0.136451 0.278360 0.950735 0.000000 0.000000 0.000000 0.000000 1.000000
0.989900 0.075825 0.119783 -0.000000 -0.038731 0.957444 -0.286009 16.369200 -0.136372 0.278481 0.950711 -0.000000 0.000000 0.000000 0.000000 1.000000
0.989910 0.075830 0.119700 -0.000000 -0.038740 0.957405 -0.286138 16.369200 -0.136299 0.278614 0.950682 0.000000 0.000000 0.000000 0.000000 1.000000
0.989923 0.075733 0.119656 0.000000 -0.038631 0.957351 -0.286334 16.369200 -0.136237 0.278826 0.950629 0.000000 0.000000 0.000000 0.000000 1.000000
0.989950 0.075585 0.119525 -0.000000 -0.038477 0.957256 -0.286671 16.369200 -0.136084 0.279191 0.950544 0.000000 0.000000 0.000000 0.000000 1.000000
0.989986 0.075466 0.119297 -0.000000 -0.038363 0.957128 -0.287112 16.369200 -0.135850 0.279661 0.950439 0.000000 0.000000 0.000000 0.000000 1.000000
0.990011 0.075400 0.119133 0.000000 -0.038280 0.956993 -0.287576 16.369200 -0.135692 0.280143 0.950320 -0.000000 0.000000 0.000000 0.000000 1.000000
0.990025 0.075320 0.119066 0.000000 -0.038147 0.956841 -0.288098 16.369200 -0.135627 0.280682 0.950170 0.000000 0.000000 0.000000 0.000000 1.000000
0.990049 0.075222 0.118931 0.000000 -0.037995 0.956645 -0.288769 16.369200 -0.135496 0.281376 0.949983 -0.000000 0.000000 0.000000 0.000000 1.000000
0.990070 0.075253 0.118733 -0.000000 -0.037983 0.956435 -0.289466 16.369200 -0.135343 0.282082 0.949796 -0.000000 0.000000 0.000000 0.000000 1.000000
0.990059 0.075491 0.118675 -0.000000 -0.038140 0.956239 -0.290089 16.369200 -0.135380 0.282679 0.949613 0.000000 0.000000 0.000000 0.000000 1.000000
0.990040 0.075705 0.118700 -0.000000 -0.038242 0.956027 -0.290775 16.369200 -0.135493 0.283339 0.949400 0.000000 0.000000 0.000000 0.000000 1.000000
0.990048 0.075619 0.118685 0.000000 -0.038062 0.955817 -0.291489 16.369200 -0.135484 0.284071 0.949183 0.000000 0.000000 0.000000 0.000000 1.000000
0.990064 0.075487 0.118639 0.000000 -0.037862 0.955642 -0.292089 16.369200 -0.135426 0.284694 0.949004 -0.000000 0.000000 0.000000 0.000000 1.000000
0.990045 0.075713 0.118654 0.000000 -0.037993 0.955460 -0.292664 16.369200 -0.135527 0.285243 0.948825 0.000000 0.000000 0.000000 0.000000 1.000000
0.990007 0.076096 0.118723 0.000000 -0.038255 0.955261 -0.293281 16.369200 -0.135729 0.285808 0.948626 0.000000 0.000000 0.000000 0.000000 1.000000
0.989985 0.076351 0.118744 -0.000000 -0.038413 0.955080 -0.293849 16.369200 -0.135845 0.286345 0.948448 -0.000000 0.000000 0.000000 0.000000 1.000000
0.989976 0.076479 0.118733 -0.000000 -0.038470 0.954927 -0.294339 16.369200 -0.135892 0.286821 0.948297 0.000000 0.000000 0.000000 0.000000 1.000000
