<?xml version="1.0" encoding="utf-8"?>
<COLLADA xmlns="http://www.collada.org/2005/11/COLLADASchema" version="1.4.1">
  <asset>
    <contributor>
      <author>Mixamo</author>
      <authoring_tool>COLLADA Mixamo exporter</authoring_tool>
      <comments/>
    </contributor>
    <created>2025-04-05T22:58:40Z</created>
    <modified>2025-04-05T22:58:40Z</modified>
    <revision/>
    <title/>
    <unit meter="0.010000"/>
    <up_axis>Y_UP</up_axis>
  </asset>
  <library_animations>
    <animation id="mixamorig_Hips-anim" name="mixamorig_Hips">
      <source id="mixamorig_Hips-Matrix-animation-input">
        <float_array id="mixamorig_Hips-Matrix-animation-input-array" count="25">

0.000000 0.033333 0.066667 0.100000 0.133333 0.166667 0.200000 0.233333 0.266667 0.300000 0.333333 0.366667 0.400000 0.433333 0.466667 0.500000
0.533333 0.566667 0.600000 0.633333 0.666667 0.700000 0.733333 0.766667 0.800000</float_array>
        <technique_common>
          <accessor source="#mixamorig_Hips-Matrix-animation-input-array" count="25">
            <param name="TIME" type="float"/>
          </accessor>
        </technique_common>
      </source>
      <source id="mixamorig_Hips-Matrix-animation-output-transform">
        <float_array id="mixamorig_Hips-Matrix-animation-output-transform-array" count="400">

0.943614 0.008787 -0.330931 0.015187 -0.062961 0.986165 -0.153342 104.810768 0.325005 0.165532 0.931113 -0.006703 0.000000 0.000000 0.000000 1.000000
0.938384 -0.000044 -0.345595 0.280862 -0.064478 0.982419 -0.175201 105.358337 0.339527 0.186689 0.921883 -0.815341 0.000000 0.000000 0.000000 1.000000
0.927980 -0.022725 -0.371935 0.477758 -0.052206 0.980365 -0.190154 105.359955 0.368954 0.195877 0.908573 -1.573072 0.000000 0.000000 0.000000 1.000000
0.909215 -0.031490 -0.415134 0.776266 -0.053237 0.980156 -0.190947 104.833420 0.412909 0.195713 0.889496 -2.095055 0.000000 0.000000 0.000000 1.000000
0.866766 0.004466 -0.498695 1.353283 -0.103728 0.979706 -0.171512 103.688210 0.487808 0.200389 0.849640 -1.538329 0.000000 0.000000 0.000000 1.000000
0.856096 0.010790 -0.516704 1.869647 -0.103492 0.983111 -0.150939 102.818321 0.506349 0.182693 0.842754 -0.530959 0.000000 0.000000 0.000000 1.000000
0.863401 -0.016927 -0.504235 2.323020 -0.055475 0.990192 -0.128231 101.924553 0.501460 0.138688 0.853993 0.592950 0.000000 0.000000 0.000000 1.000000
0.871576 -0.034903 -0.489017 2.848444 -0.019301 0.994246 -0.105364 100.508141 0.489881 0.101272 0.865887 1.650652 0.000000 0.000000 0.000000 1.000000
0.884000 -0.042295 -0.465569 3.304535 -0.000248 0.995856 -0.090941 99.708122 0.467486 0.080507 0.880327 1.670277 0.000000 0.000000 0.000000 1.000000
0.902826 -0.041999 -0.427949 3.655900 0.005574 0.996278 -0.086017 100.084015 0.429969 0.075273 0.899700 1.019353 0.000000 0.000000 0.000000 1.000000
0.912992 -0.040095 -0.406002 4.013320 0.004618 0.996111 -0.087986 101.221725 0.407951 0.078456 0.909627 0.358016 0.000000 0.000000 0.000000 1.000000
0.910331 -0.043142 -0.411625 4.357954 0.004278 0.995480 -0.094875 102.743416 0.413858 0.084607 0.906401 0.195910 0.000000 0.000000 0.000000 1.000000
0.908418 -0.048703 -0.415217 4.426792 0.005144 0.994418 -0.105386 103.820984 0.418032 0.093598 0.903598 0.270087 0.000000 0.000000 0.000000 1.000000
0.919341 -0.053569 -0.389797 4.069196 0.008333 0.993117 -0.116830 104.033218 0.393373 0.104159 0.913460 0.266525 0.000000 0.000000 0.000000 1.000000
0.938190 -0.050715 -0.342384 3.525592 0.007742 0.992034 -0.125730 103.609825 0.346033 0.115308 0.931110 0.288336 0.000000 0.000000 0.000000 1.000000
0.960236 -0.068691 -0.270609 2.916854 0.034186 0.990896 -0.130220 102.881111 0.277090 0.115791 0.953841 0.572730 0.000000 0.000000 0.000000 1.000000
0.981201 -0.122914 -0.148782 2.249153 0.104855 0.986765 -0.123695 101.524292 0.162017 0.105769 0.981103 1.355746 0.000000 0.000000 0.000000 1.000000
0.984727 -0.143818 -0.098128 1.883967 0.132473 0.984641 -0.113720 100.138725 0.112975 0.098984 0.988655 2.273053 0.000000 0.000000 0.000000 1.000000
0.986011 -0.081013 -0.145668 1.965116 0.065752 0.992115 -0.106696 98.409470 0.153163 0.095625 0.983563 2.912502 0.000000 0.000000 0.000000 1.000000
0.980752 -0.003023 -0.195232 1.959143 -0.016157 0.995194 -0.096577 96.771408 0.194586 0.097873 0.975990 3.240570 0.000000 0.000000 0.000000 1.000000
0.972940 0.023079 -0.229903 1.511185 -0.044940 0.994899 -0.090309 96.383507 0.226646 0.098197 0.969014 2.853715 0.000000 0.000000 0.000000 1.000000
0.962422 0.035705 -0.269202 0.957084 -0.063019 0.993622 -0.093511 97.629303 0.264146 0.106962 0.958533 2.070995 0.000000 0.000000 0.000000 1.000000
0.954919 0.033830 -0.294933 0.436273 -0.067844 0.992063 -0.105866 100.047844 0.289011 0.121102 0.949635 1.267292 0.000000 0.000000 0.000000 1.000000
0.950085 0.021145 -0.311275 0.097170 -0.063403 0.989967 -0.126272 102.537552 0.305482 0.139705 0.941894 0.552981 0.000000 0.000000 0.000000 1.000000
0.943614 0.008787 -0.330931 0.015182 -0.062961 0.986165 -0.153342 104.810753 0.325005 0.165532 0.931113 -0.006703 0.000000 0.000000 0.000000 1.000000</float_array>
        <technique_common>
          <accessor source="#mixamorig_Hips-Matrix-animation-output-transform-array" count="25" stride="16">
            <param type="float4x4"/>
          </accessor>
        </technique_common>
      </source>
      <source id="mixamorig_Hips-Interpolations">
        <Name_array id="mixamorig_Hips-Interpolations-array" count="25">
 LINEAR LINEAR LINEAR LINEAR LINEAR LINEAR LINEAR LINEAR LINEAR LINEAR LINEAR
LINEAR LINEAR LINEAR LINEAR LINEAR LINEAR LINEAR LINEAR LINEAR LINEAR LINEAR LINEAR
LINEAR LINEAR</Name_array>
        <technique_common>
          <accessor source="#mixamorig_Hips-Interpolations-array" count="25">
            <param type="name"/>
          </accessor>
        </technique_common>
      </source>
      <sampler id="mixamorig_Hips-Matrix-animation-transform">
        <input semantic="INPUT" source="#mixamorig_Hips-Matrix-animation-input"/>
        <input semantic="OUTPUT" source="#mixamorig_Hips-Matrix-animation-output-transform"/>
        <input semantic="INTERPOLATION" source="#mixamorig_Hips-Interpolations"/>
      </sampler>
      <channel source="#mixamorig_Hips-Matrix-animation-transform" target="mixamorig_Hips/matrix"/>
    </animation>
    <animation id="mixamorig_Spine-anim" name="mixamorig_Spine">
      <source id="mixamorig_Spine-Matrix-animation-input">
        <float_array id="mixamorig_Spine-Matrix-animation-input-array" count="25">

0.000000 0.033333 0.066667 0.100000 0.133333 0.166667 0.200000 0.233333 0.266667 0.300000 0.333333 0.366667 0.400000 0.433333 0.466667 0.500000
0.533333 0.566667 0.600000 0.633333 0.666667 0.700000 0.733333 0.766667 0.800000</float_array>
        <technique_common>
          <accessor source="#mixamorig_Spine-Matrix-animation-input-array" count="25">
            <param name="TIME" type="float"/>
          </accessor>
        </technique_common>
      </source>
      <source id="mixamorig_Spine-Matrix-animation-output-transform">
        <float_array id="mixamorig_Spine-Matrix-animation-output-transform-array" count="400">

0.998500 -0.043090 0.033769 -0.023000 0.044916 0.997457 -0.055332 13.157000 -0.031299 0.056765 0.997897 0.957400 0.000000 0.000000 0.000000 1.000000
0.998069 -0.041926 0.045828 -0.023000 0.044057 0.997945 -0.046518 13.157000 -0.043783 0.048447 0.997866 0.957400 0.000000 0.000000 0.000000 1.000000
0.997791 -0.018410 0.063834 -0.023000 0.020962 0.998998 -0.039540 13.157000 -0.063042 0.040790 0.997177 0.957400 0.000000 0.000000 0.000000 1.000000
0.995803 -0.006551 0.091290 -0.023000 0.009694 0.999374 -0.034021 13.157000 -0.091010 0.034763 0.995243 0.957400 0.000000 0.000000 0.000000 1.000000
0.985735 -0.048501 0.161166 -0.023000 0.053072 0.998298 -0.024179 13.157000 -0.159719 0.032388 0.986631 0.957400 0.000000 0.000000 0.000000 1.000000
0.985732 -0.057111 0.158337 -0.023000 0.060614 0.998010 -0.017375 13.157000 -0.157030 0.026725 0.987232 0.957400 0.000000 0.000000 0.000000 1.000000
0.992326 -0.019305 0.122135 -0.023000 0.021831 0.999574 -0.019378 13.157000 -0.121709 0.021896 0.992324 0.957400 0.000000 0.000000 0.000000 1.000000
0.995836 0.007418 0.090861 -0.023000 -0.005309 0.999711 -0.023438 13.157000 -0.091009 0.022858 0.995588 0.957400 0.000000 0.000000 0.000000 1.000000
0.997498 0.016865 0.068657 -0.023000 -0.014669 0.999369 -0.032364 13.157000 -0.069160 0.031275 0.997115 0.957400 0.000000 0.000000 0.000000 1.000000
0.998835 0.009764 0.047249 -0.023000 -0.007659 0.998979 -0.044524 13.157000 -0.047635 0.044110 0.997890 0.957400 0.000000 0.000000 0.000000 1.000000
0.999217 -0.003990 0.039354 -0.023000 0.006105 0.998534 -0.053776 13.157000 -0.039081 0.053974 0.997777 0.957400 0.000000 0.000000 0.000000 1.000000
0.998950 -0.011569 0.044331 -0.023000 0.014029 0.998355 -0.055590 13.157000 -0.043615 0.056153 0.997469 0.957400 0.000000 0.000000 0.000000 1.000000
0.999047 -0.010814 0.042293 -0.023000 0.013037 0.998528 -0.052640 13.157000 -0.041661 0.053141 0.997718 0.957400 0.000000 0.000000 0.000000 1.000000
0.999782 -0.002924 0.020652 -0.023000 0.003941 0.998770 -0.049418 13.157000 -0.020482 0.049488 0.998565 0.957400 0.000000 0.000000 0.000000 1.000000
0.999927 0.000114 -0.012083 -0.023000 -0.000679 0.998907 -0.046741 13.157000 0.012065 0.046745 0.998834 0.957400 0.000000 0.000000 0.000000 1.000000
0.997510 0.025471 -0.065765 -0.023000 -0.028259 0.998725 -0.041820 13.157000 0.064615 0.043574 0.996958 0.957400 0.000000 0.000000 0.000000 1.000000
0.982674 0.083321 -0.165559 -0.023000 -0.089471 0.995537 -0.030029 13.157000 0.162318 0.044321 0.985743 0.957400 0.000000 0.000000 0.000000 1.000000
0.977564 0.096854 -0.187050 -0.023000 -0.102932 0.994422 -0.023034 13.157000 0.183775 0.041771 0.982080 0.957400 0.000000 0.000000 0.000000 1.000000
0.993507 0.015650 -0.112691 -0.023000 -0.019425 0.999284 -0.032477 13.157000 0.112102 0.034455 0.993099 0.957400 0.000000 0.000000 0.000000 1.000000
0.996010 -0.073887 -0.050043 -0.023000 0.071752 0.996487 -0.043192 13.157000 0.053059 0.039429 0.997813 0.957400 0.000000 0.000000 0.000000 1.000000
0.995640 -0.090220 -0.023700 -0.023000 0.088916 0.994718 -0.051279 13.157000 0.028201 0.048948 0.998403 0.957400 0.000000 0.000000 0.000000 1.000000
0.996264 -0.086346 0.001315 -0.023000 0.086281 0.994653 -0.056745 13.157000 0.003592 0.056646 0.998388 0.957400 0.000000 0.000000 0.000000 1.000000
0.997437 -0.069738 0.015979 -0.023000 0.070571 0.995735 -0.059431 13.157000 -0.011767 0.060406 0.998105 0.957400 0.000000 0.000000 0.000000 1.000000
0.998445 -0.050572 0.023439 -0.023000 0.051890 0.996875 -0.059559 13.157000 -0.020354 0.060683 0.997950 0.957400 0.000000 0.000000 0.000000 1.000000
0.998500 -0.043090 0.033769 -0.023000 0.044916 0.997457 -0.055332 13.157000 -0.031299 0.056765 0.997897 0.957400 0.000000 0.000000 0.000000 1.000000</float_array>
        <technique_common>
          <accessor source="#mixamorig_Spine-Matrix-animation-output-transform-array" count="25" stride="16">
            <param type="float4x4"/>
          </accessor>
        </technique_common>
      </source>
      <source id="mixamorig_Spine-Interpolations">
        <Name_array id="mixamorig_Spine-Interpolations-array" count="25">
 LINEAR LINEAR LINEAR LINEAR LINEAR LINEAR LINEAR LINEAR LINEAR LINEAR LINEAR
LINEAR LINEAR LINEAR LINEAR LINEAR LINEAR LINEAR LINEAR LINEAR LINEAR LINEAR LINEAR
LINEAR LINEAR</Name_array>
        <technique_common>
          <accessor source="#mixamorig_Spine-Interpolations-array" count="25">
            <param type="name"/>
          </accessor>
        </technique_common>
      </source>
      <sampler id="mixamorig_Spine-Matrix-animation-transform">
        <input semantic="INPUT" source="#mixamorig_Spine-Matrix-animation-input"/>
        <input semantic="OUTPUT" source="#mixamorig_Spine-Matrix-animation-output-transform"/>
        <input semantic="INTERPOLATION" source="#mixamorig_Spine-Interpolations"/>
      </sampler>
      <channel source="#mixamorig_Spine-Matrix-animation-transform" target="mixamorig_Spine/matrix"/>
    </animation>
    <animation id="mixamorig_Spine1-anim" name="mixamorig_Spine1">
      <source id="mixamorig_Spine1-Matrix-animation-input">
        <float_array id="mixamorig_Spine1-Matrix-animation-input-array" count="25">

0.000000 0.033333 0.066667 0.100000 0.133333 0.166667 0.200000 0.233333 0.266667 0.300000 0.333333 0.366667 0.400000 0.433333 0.466667 0.500000
0.533333 0.566667 0.600000 0.633333 0.666667 0.700000 0.733333 0.766667 0.800000</float_array>
        <technique_common>
          <accessor source="#mixamorig_Spine1-Matrix-animation-input-array" count="25">
            <param name="TIME" type="float"/>
          </accessor>
        </technique_common>
      </source>
      <source id="mixamorig_Spine1-Matrix-animation-output-transform">
        <float_array id="mixamorig_Spine1-Matrix-animation-output-transform-array" count="400">

0.996977 -0.011955 -0.076774 0.000000 0.009328 0.999361 -0.034494 9.894900 0.077137 0.033673 0.996452 0.000000 0.000000 0.000000 0.000000 1.000000
0.997445 -0.009651 -0.070789 -0.000000 0.007749 0.999603 -0.027094 9.894900 0.071022 0.026477 0.997123 0.000000 0.000000 0.000000 0.000000 1.000000
0.998130 -0.005756 -0.060852 0.000000 0.004491 0.999771 -0.020908 9.894900 0.060958 0.020596 0.997928 0.000000 0.000000 0.000000 0.000000 1.000000
0.998902 -0.002335 -0.046800 0.000000 0.001582 0.999869 -0.016116 9.894900 0.046832 0.016024 0.998774 0.000000 0.000000 0.000000 0.000000 1.000000
0.999464 -0.002012 -0.032672 -0.000000 0.001652 0.999938 -0.011045 9.894900 0.032692 0.010985 0.999405 -0.000000 0.000000 0.000000 0.000000 1.000000
0.999706 0.001861 -0.024192 -0.000000 -0.002023 0.999976 -0.006699 9.894900 0.024179 0.006746 0.999685 0.000000 0.000000 0.000000 0.000000 1.000000
0.999675 0.008361 -0.024083 -0.000000 -0.008471 0.999954 -0.004481 9.894900 0.024044 0.004684 0.999700 0.000000 0.000000 0.000000 0.000000 1.000000
0.999392 0.013177 -0.032291 0.000000 -0.013378 0.999892 -0.006016 9.894900 0.032209 0.006445 0.999460 0.000000 0.000000 0.000000 0.000000 1.000000
0.998725 0.017750 -0.047259 0.000000 -0.018414 0.999737 -0.013653 9.894900 0.047004 0.014505 0.998789 0.000000 0.000000 0.000000 0.000000 1.000000
0.997910 0.019301 -0.061662 0.000000 -0.020824 0.999491 -0.024166 9.894900 0.061164 0.025400 0.997804 0.000000 0.000000 0.000000 0.000000 1.000000
0.997653 0.014682 -0.066878 0.000000 -0.016861 0.999341 -0.032148 9.894900 0.066362 0.033201 0.997243 0.000000 0.000000 0.000000 0.000000 1.000000
0.997864 0.006541 -0.064999 0.000000 -0.008772 0.999380 -0.034097 9.894900 0.064735 0.034595 0.997303 0.000000 0.000000 0.000000 0.000000 1.000000
0.997710 -0.001035 -0.067624 -0.000000 -0.001140 0.999483 -0.032120 9.894900 0.067622 0.032124 0.997194 -0.000000 0.000000 0.000000 0.000000 1.000000
0.996668 -0.006567 -0.081299 0.000000 0.004154 0.999547 -0.029810 9.894900 0.081458 0.029373 0.996244 0.000000 0.000000 0.000000 0.000000 1.000000
0.994829 -0.011224 -0.100945 0.000000 0.008442 0.999574 -0.027945 9.894900 0.101216 0.026948 0.994499 -0.000000 0.000000 0.000000 0.000000 1.000000
0.992867 -0.012458 -0.118578 0.000000 0.009655 0.999661 -0.024187 9.894900 0.118840 0.022869 0.992650 -0.000000 0.000000 0.000000 0.000000 1.000000
0.991357 -0.008950 -0.130884 -0.000000 0.006650 0.999816 -0.017995 9.894900 0.131021 0.016969 0.991234 0.000000 0.000000 0.000000 0.000000 1.000000
0.990616 -0.006614 -0.136514 0.000000 0.004648 0.999881 -0.014718 9.894900 0.136595 0.013946 0.990529 0.000000 0.000000 0.000000 0.000000 1.000000
0.991090 -0.012733 -0.132587 -0.000000 0.010476 0.999788 -0.017703 9.894900 0.132784 0.016156 0.991013 -0.000000 0.000000 0.000000 0.000000 1.000000
0.992539 -0.023229 -0.119695 0.000000 0.020295 0.999464 -0.025673 9.894900 0.120227 0.023052 0.992479 0.000000 0.000000 0.000000 0.000000 1.000000
0.994026 -0.028169 -0.105443 0.000000 0.024731 0.999123 -0.033776 9.894900 0.106302 0.030967 0.993852 -0.000000 0.000000 0.000000 0.000000 1.000000
0.994982 -0.028387 -0.095940 -0.000000 0.024807 0.998958 -0.038304 9.894900 0.096927 0.035732 0.994650 0.000000 0.000000 0.000000 0.000000 1.000000
0.995585 -0.023871 -0.090781 0.000000 0.020368 0.999019 -0.039314 9.894900 0.091630 0.037291 0.995095 0.000000 0.000000 0.000000 0.000000 1.000000
0.996207 -0.017500 -0.085232 0.000000 0.014275 0.999164 -0.038305 9.894900 0.085831 0.036943 0.995625 0.000000 0.000000 0.000000 0.000000 1.000000
0.996977 -0.011955 -0.076774 0.000000 0.009328 0.999361 -0.034494 9.894900 0.077137 0.033673 0.996452 0.000000 0.000000 0.000000 0.000000 1.000000</float_array>
        <technique_common>
          <accessor source="#mixamorig_Spine1-Matrix-animation-output-transform-array" count="25" stride="16">
            <param type="float4x4"/>
          </accessor>
        </technique_common>
      </source>
      <source id="mixamorig_Spine1-Interpolations">
        <Name_array id="mixamorig_Spine1-Interpolations-array" count="25">
 LINEAR LINEAR LINEAR LINEAR LINEAR LINEAR LINEAR LINEAR LINEAR LINEAR LINEAR
LINEAR LINEAR LINEAR LINEAR LINEAR LINEAR LINEAR LINEAR LINEAR LINEAR LINEAR LINEAR
LINEAR LINEAR</Name_array>
        <technique_common>
          <accessor source="#mixamorig_Spine1-Interpolations-array" count="25">
            <param type="name"/>
          </accessor>
        </technique_common>
      </source>
      <sampler id="mixamorig_Spine1-Matrix-animation-transform">
        <input semantic="INPUT" source="#mixamorig_Spine1-Matrix-animation-input"/>
        <input semantic="OUTPUT" source="#mixamorig_Spine1-Matrix-animation-output-transform"/>
        <input semantic="INTERPOLATION" source="#mixamorig_Spine1-Interpolations"/>
      </sampler>
      <channel source="#mixamorig_Spine1-Matrix-animation-transform" target="mixamorig_Spine1/matrix"/>
    </animation>
    <animation id="mixamorig_Spine2-anim" name="mixamorig_Spine2">
      <source id="mixamorig_Spine2-Matrix-animation-input">
        <float_array id="mixamorig_Spine2-Matrix-animation-input-array" count="25">

0.000000 0.033333 0.066667 0.100000 0.133333 0.166667 0.200000 0.233333 0.266667 0.300000 0.333333 0.366667 0.400000 0.433333 0.466667 0.500000
0.533333 0.566667 0.600000 0.633333 0.666667 0.700000 0.733333 0.766667 0.800000</float_array>
        <technique_common>
          <accessor source="#mixamorig_Spine2-Matrix-animation-input-array" count="25">
            <param name="TIME" type="float"/>
          </accessor>
        </technique_common>
      </source>
      <source id="mixamorig_Spine2-Matrix-animation-output-transform">
        <float_array id="mixamorig_Spine2-Matrix-animation-output-transform-array" count="400">

0.984969 -0.079926 -0.153126 -0.000000 0.070921 0.995465 -0.063400 10.500200 0.157499 0.051587 0.986171 0.000000 0.000000 0.000000 0.000000 1.000000
0.986061 -0.077615 -0.147174 -0.000000 0.070053 0.995976 -0.055897 10.500200 0.150920 0.044808 0.987530 0.000000 0.000000 0.000000 0.000000 1.000000
0.987765 -0.073702 -0.137435 0.000000 0.067480 0.996497 -0.049400 10.500200 0.140594 0.039522 0.989278 -0.000000 0.000000 0.000000 0.000000 1.000000
0.989862 -0.070273 -0.123432 -0.000000 0.065231 0.996881 -0.044432 10.500200 0.126170 0.035930 0.991358 -0.000000 0.000000 0.000000 0.000000 1.000000
0.991592 -0.069884 -0.108909 0.000000 0.065945 0.997047 -0.039363 10.500200 0.111338 0.031850 0.993272 0.000000 0.000000 0.000000 0.000000 1.000000
0.992745 -0.066008 -0.100501 -0.000000 0.062792 0.997418 -0.034844 10.500200 0.102541 0.028281 0.994327 -0.000000 0.000000 0.000000 0.000000 1.000000
0.993123 -0.059574 -0.100786 0.000000 0.056581 0.997875 -0.032304 10.500200 0.102497 0.026380 0.994384 -0.000000 0.000000 0.000000 0.000000 1.000000
0.992499 -0.054827 -0.109273 -0.000000 0.051443 0.998112 -0.033550 10.500200 0.110906 0.027677 0.993445 -0.000000 0.000000 0.000000 0.000000 1.000000
0.990977 -0.050235 -0.124260 0.000000 0.045495 0.998135 -0.040694 10.500200 0.126072 0.034674 0.991415 0.000000 0.000000 0.000000 0.000000 1.000000
0.989181 -0.048588 -0.138419 -0.000000 0.041888 0.997824 -0.050910 10.500200 0.140592 0.044561 0.989064 -0.000000 0.000000 0.000000 0.000000 1.000000
0.988247 -0.053165 -0.143320 0.000000 0.045060 0.997228 -0.059216 10.500200 0.146071 0.052062 0.987903 0.000000 0.000000 0.000000 0.000000 1.000000
0.988061 -0.061314 -0.141335 -0.000000 0.053006 0.996679 -0.061821 10.500200 0.144656 0.053592 0.988030 -0.000000 0.000000 0.000000 0.000000 1.000000
0.987161 -0.068895 -0.144106 0.000000 0.060718 0.996326 -0.060400 10.500200 0.147738 0.050875 0.987717 0.000000 0.000000 0.000000 0.000000 1.000000
0.984631 -0.074400 -0.158008 0.000000 0.065910 0.996120 -0.058316 10.500200 0.161734 0.047006 0.985714 0.000000 0.000000 0.000000 0.000000 1.000000
0.980904 -0.079036 -0.177708 0.000000 0.070019 0.995946 -0.056463 10.500200 0.181450 0.042942 0.982462 0.000000 0.000000 0.000000 0.000000 1.000000
0.977413 -0.080447 -0.195429 -0.000000 0.071518 0.996065 -0.052335 10.500200 0.198870 0.037176 0.979320 0.000000 0.000000 0.000000 0.000000 1.000000
0.975104 -0.077246 -0.207858 0.000000 0.069291 0.996568 -0.045293 10.500200 0.210643 0.029763 0.977110 -0.000000 0.000000 0.000000 0.000000 1.000000
0.974131 -0.074853 -0.213228 0.000000 0.067495 0.996852 -0.041592 10.500200 0.215670 0.026124 0.976117 -0.000000 0.000000 0.000000 0.000000 1.000000
0.974674 -0.080506 -0.208637 0.000000 0.072490 0.996317 -0.045798 10.500200 0.211556 0.029514 0.976920 -0.000000 0.000000 0.000000 0.000000 1.000000
0.976529 -0.090627 -0.195390 0.000000 0.081242 0.995146 -0.055539 10.500200 0.199474 0.038362 0.979152 -0.000000 0.000000 0.000000 0.000000 1.000000
0.978790 -0.095600 -0.181192 -0.000000 0.085257 0.994298 -0.064052 10.500200 0.186283 0.047246 0.981360 0.000000 0.000000 0.000000 0.000000 1.000000
0.980445 -0.096035 -0.171769 0.000000 0.085353 0.993990 -0.068545 10.500200 0.177319 0.052544 0.982750 0.000000 0.000000 0.000000 0.000000 1.000000
0.981732 -0.091732 -0.166698 0.000000 0.081163 0.994298 -0.069164 10.500200 0.172092 0.054371 0.983579 0.000000 0.000000 0.000000 0.000000 1.000000
0.983190 -0.085468 -0.161348 -0.000000 0.075385 0.994859 -0.067623 10.500200 0.166298 0.054324 0.984578 0.000000 0.000000 0.000000 0.000000 1.000000
0.984969 -0.079926 -0.153126 0.000000 0.070921 0.995465 -0.063400 10.500200 0.157499 0.051587 0.986171 0.000000 0.000000 0.000000 0.000000 1.000000</float_array>
        <technique_common>
          <accessor source="#mixamorig_Spine2-Matrix-animation-output-transform-array" count="25" stride="16">
            <param type="float4x4"/>
          </accessor>
        </technique_common>
      </source>
      <source id="mixamorig_Spine2-Interpolations">
        <Name_array id="mixamorig_Spine2-Interpolations-array" count="25">
 LINEAR LINEAR LINEAR LINEAR LINEAR LINEAR LINEAR LINEAR LINEAR LINEAR LINEAR
LINEAR LINEAR LINEAR LINEAR LINEAR LINEAR LINEAR LINEAR LINEAR LINEAR LINEAR LINEAR
LINEAR LINEAR</Name_array>
        <technique_common>
          <accessor source="#mixamorig_Spine2-Interpolations-array" count="25">
            <param type="name"/>
          </accessor>
        </technique_common>
      </source>
      <sampler id="mixamorig_Spine2-Matrix-animation-transform">
        <input semantic="INPUT" source="#mixamorig_Spine2-Matrix-animation-input"/>
        <input semantic="OUTPUT" source="#mixamorig_Spine2-Matrix-animation-output-transform"/>
        <input semantic="INTERPOLATION" source="#mixamorig_Spine2-Interpolations"/>
      </sampler>
      <channel source="#mixamorig_Spine2-Matrix-animation-transform" target="mixamorig_Spine2/matrix"/>
    </animation>
    <animation id="mixamorig_Neck-anim" name="mixamorig_Neck">
      <source id="mixamorig_Neck-Matrix-animation-input">
        <float_array id="mixamorig_Neck-Matrix-animation-input-array" count="25">

0.000000 0.033333 0.066667 0.100000 0.133333 0.166667 0.200000 0.233333 0.266667 0.300000 0.333333 0.366667 0.400000 0.433333 0.466667 0.500000
0.533333 0.566667 0.600000 0.633333 0.666667 0.700000 0.733333 0.766667 0.800000</float_array>
        <technique_common>
          <accessor source="#mixamorig_Neck-Matrix-animation-input-array" count="25">
            <param name="TIME" type="float"/>
          </accessor>
        </technique_common>
      </source>
      <source id="mixamorig_Neck-Matrix-animation-output-transform">
        <float_array id="mixamorig_Neck-Matrix-animation-output-transform-array" count="400">

0.989933 0.076750 0.118922 0.000000 -0.050686 0.976721 -0.208438 26.776300 -0.132152 0.200312 0.970779 -4.691200 0.000000 0.000000 0.000000 1.000000
0.989877 0.079967 0.117255 -0.000000 -0.054350 0.976762 -0.207319 26.776300 -0.131109 0.198848 0.971221 -4.691200 0.000000 0.000000 0.000000 1.000000
0.989989 0.081126 0.115503 -0.000000 -0.056608 0.977830 -0.201604 26.776300 -0.129298 0.193047 0.972633 -4.691200 0.000000 0.000000 0.000000 1.000000
0.990276 0.081210 0.112954 0.000000 -0.057771 0.978671 -0.197144 26.776300 -0.126555 0.188701 0.973846 -4.691200 0.000000 0.000000 0.000000 1.000000
0.990402 0.085342 0.108723 0.000000 -0.062136 0.977555 -0.201307 26.776300 -0.123463 0.192619 0.973476 -4.691200 0.000000 0.000000 0.000000 1.000000
0.990615 0.082914 0.108664 0.000000 -0.058765 0.976128 -0.209095 26.776300 -0.123407 0.200747 0.971839 -4.691200 0.000000 0.000000 0.000000 1.000000
0.990709 0.076822 0.112225 0.000000 -0.051297 0.975312 -0.214791 26.776300 -0.125955 0.207038 0.970191 -4.691200 0.000000 0.000000 0.000000 1.000000
0.990592 0.070457 0.117317 0.000000 -0.044183 0.976031 -0.213099 26.776300 -0.129520 0.205911 0.969962 -4.691200 0.000000 0.000000 0.000000 1.000000
0.990340 0.065802 0.122051 0.000000 -0.039837 0.978137 -0.204110 26.776300 -0.132813 0.197276 0.971310 -4.691200 0.000000 0.000000 0.000000 1.000000
0.990089 0.065949 0.123992 0.000000 -0.040502 0.979457 -0.197542 26.776300 -0.134473 0.190563 0.972421 -4.691200 0.000000 0.000000 0.000000 1.000000
0.989870 0.072021 0.122350 0.000000 -0.046526 0.978748 -0.199720 26.776300 -0.134134 0.192005 0.972184 -4.691200 0.000000 0.000000 0.000000 1.000000
0.989541 0.079304 0.120494 0.000000 -0.053184 0.977047 -0.206279 26.776300 -0.134087 0.197713 0.971046 -4.691200 0.000000 0.000000 0.000000 1.000000
0.989084 0.081746 0.122595 0.000000 -0.054908 0.976550 -0.208169 26.776300 -0.136738 0.199165 0.970379 -4.691200 0.000000 0.000000 0.000000 1.000000
0.988637 0.077821 0.128610 0.000000 -0.050435 0.977693 -0.203895 26.776300 -0.141609 0.195092 0.970508 -4.691200 0.000000 0.000000 0.000000 1.000000
0.988296 0.071660 0.134668 0.000000 -0.043787 0.978908 -0.199553 26.776300 -0.146128 0.191321 0.970589 -4.691200 0.000000 0.000000 0.000000 1.000000
0.988128 0.064931 0.139241 -0.000000 -0.036003 0.978929 -0.201000 26.776300 -0.149358 0.193600 0.969645 -4.691200 0.000000 0.000000 0.000000 1.000000
0.988061 0.061310 0.141337 0.000000 -0.031075 0.977860 -0.206941 26.776300 -0.150895 0.200078 0.968091 -4.691200 0.000000 0.000000 0.000000 1.000000
0.988094 0.068035 0.137989 0.000000 -0.038103 0.977184 -0.208951 26.776300 -0.149057 0.201205 0.968142 -4.691200 0.000000 0.000000 0.000000 1.000000
0.988137 0.081302 0.130289 0.000000 -0.053214 0.977078 -0.206121 26.776300 -0.144060 0.196743 0.969814 -4.691200 0.000000 0.000000 0.000000 1.000000
0.988360 0.087123 0.124717 0.000000 -0.060729 0.977576 -0.201636 26.776300 -0.139487 0.191715 0.971488 -4.691200 0.000000 0.000000 0.000000 1.000000
0.988626 0.088372 0.121694 0.000000 -0.062929 0.977983 -0.198969 26.776300 -0.136598 0.189048 0.972421 -4.691200 0.000000 0.000000 0.000000 1.000000
0.988936 0.085835 0.120986 -0.000000 -0.060271 0.977732 -0.201016 26.776300 -0.135546 0.191500 0.972088 -4.691200 0.000000 0.000000 0.000000 1.000000
0.989319 0.081387 0.120931 0.000000 -0.055312 0.977169 -0.205140 26.776300 -0.134865 0.196260 0.971233 -4.691200 0.000000 0.000000 0.000000 1.000000
0.989706 0.077457 0.120343 -0.000000 -0.051197 0.976853 -0.207694 26.776300 -0.133645 0.199395 0.970763 -4.691200 0.000000 0.000000 0.000000 1.000000
0.989933 0.076751 0.118922 -0.000000 -0.050686 0.976721 -0.208438 26.776300 -0.132152 0.200312 0.970779 -4.691200 0.000000 0.000000 0.000000 1.000000</float_array>
        <technique_common>
          <accessor source="#mixamorig_Neck-Matrix-animation-output-transform-array" count="25" stride="16">
            <param type="float4x4"/>
          </accessor>
        </technique_common>
      </source>
      <source id="mixamorig_Neck-Interpolations">
        <Name_array id="mixamorig_Neck-Interpolations-array" count="25">
 LINEAR LINEAR LINEAR LINEAR LINEAR LINEAR LINEAR LINEAR LINEAR LINEAR LINEAR
LINEAR LINEAR LINEAR LINEAR LINEAR LINEAR LINEAR LINEAR LINEAR LINEAR LINEAR LINEAR
LINEAR LINEAR</Name_array>
        <technique_common>
          <accessor source="#mixamorig_Neck-Interpolations-array" count="25">
            <param type="name"/>
          </accessor>
        </technique_common>
      </source>
      <sampler id="mixamorig_Neck-Matrix-animation-transform">
        <input semantic="INPUT" source="#mixamorig_Neck-Matrix-animation-input"/>
        <input semantic="OUTPUT" source="#mixamorig_Neck-Matrix-animation-output-transform"/>
        <input semantic="INTERPOLATION" source="#mixamorig_Neck-Interpolations"/>
      </sampler>
      <channel source="#mixamorig_Neck-Matrix-animation-transform" target="mixamorig_Neck/matrix"/>
    </animation>
    <animation id="mixamorig_Head-anim" name="mixamorig_Head">
      <source id="mixamorig_Head-Matrix-animation-input">
        <float_array id="mixamorig_Head-Matrix-animation-input-array" count="25">

0.000000 0.033333 0.066667 0.100000 0.133333 0.166667 0.200000 0.233333 0.266667 0.300000 0.333333 0.366667 0.400000 0.433333 0.466667 0.500000
0.533333 0.566667 0.600000 0.633333 0.666667 0.700000 0.733333 0.766667 0.800000</float_array>
        <technique_common>
          <accessor source="#mixamorig_Head-Matrix-animation-input-array" count="25">
            <param name="TIME" type="float"/>
          </accessor>
        </technique_common>
      </source>
      <source id="mixamorig_Head-Matrix-animation-output-transform">
        <float_array id="mixamorig_Head-Matrix-animation-output-transform-array" count="400">

0.929854 -0.134486 0.342469 -0.000000 0.138768 0.990251 0.012091 14.063200 -0.340757 0.036281 0.939451 3.449300 0.000000 0.000000 0.000000 1.000000
0.931464 -0.129807 0.339891 -0.000000 0.130590 0.991221 0.020677 14.063200 -0.339591 0.025127 0.940238 3.449300 0.000000 0.000000 0.000000 1.000000
0.931760 -0.131113 0.338574 0.000000 0.129050 0.991223 0.028704 14.063200 -0.339366 0.016948 0.940502 3.449300 0.000000 0.000000 0.000000 1.000000
0.931631 -0.133756 0.337895 0.000000 0.132278 0.990831 0.027511 14.063200 -0.338476 0.019066 0.940782 3.449300 0.000000 0.000000 0.000000 1.000000
0.933627 -0.126041 0.335342 -0.000000 0.130734 0.991380 0.008640 14.063200 -0.333540 0.035774 0.942057 3.449300 0.000000 0.000000 0.000000 1.000000
0.931881 -0.127724 0.339536 0.000000 0.140140 0.990057 -0.012192 14.063200 -0.334603 0.058944 0.940514 3.449300 0.000000 0.000000 0.000000 1.000000
0.926928 -0.134192 0.350424 0.000000 0.153945 0.987654 -0.028996 14.063200 -0.342207 0.080824 0.936142 3.449300 0.000000 0.000000 0.000000 1.000000
0.920531 -0.146193 0.362286 -0.000000 0.168285 0.985282 -0.030004 14.063200 -0.352567 0.088587 0.931584 3.449300 0.000000 0.000000 0.000000 1.000000
0.915198 -0.162673 0.368713 -0.000000 0.177411 0.984117 -0.006176 14.063200 -0.361853 0.071067 0.929523 3.449300 0.000000 0.000000 0.000000 1.000000
0.915098 -0.166415 0.367289 -0.000000 0.170689 0.985100 0.021069 14.063200 -0.365322 0.043412 0.929868 3.449300 0.000000 0.000000 0.000000 1.000000
0.920427 -0.146221 0.362538 -0.000000 0.147009 0.988804 0.025579 14.063200 -0.362219 0.029753 0.931618 3.449300 0.000000 0.000000 0.000000 1.000000
0.924430 -0.120485 0.361818 0.000000 0.125719 0.992024 0.009135 14.063200 -0.360032 0.037042 0.932204 3.449300 0.000000 0.000000 0.000000 1.000000
0.922341 -0.113613 0.369297 -0.000000 0.123617 0.992324 -0.003454 14.063200 -0.366069 0.048837 0.929305 3.449300 0.000000 0.000000 0.000000 1.000000
0.915599 -0.124775 0.382243 -0.000000 0.135158 0.990824 -0.000316 14.063200 -0.378696 0.051952 0.924062 3.449300 0.000000 0.000000 0.000000 1.000000
0.909515 -0.134885 0.393178 -0.000000 0.144025 0.989554 0.006315 14.063200 -0.389923 0.050884 0.919441 3.449300 0.000000 0.000000 0.000000 1.000000
0.906274 -0.140501 0.398656 0.000000 0.152007 0.988376 0.002778 14.063200 -0.394412 0.058081 0.917096 3.449300 0.000000 0.000000 0.000000 1.000000
0.907197 -0.143000 0.395658 0.000000 0.160318 0.987006 -0.010861 14.063200 -0.388963 0.073284 0.918334 3.449300 0.000000 0.000000 0.000000 1.000000
0.915482 -0.132030 0.380081 0.000000 0.151435 0.988234 -0.021466 14.063200 -0.372775 0.077209 0.924704 3.449300 0.000000 0.000000 0.000000 1.000000
0.927343 -0.110009 0.357677 -0.000000 0.127023 0.991601 -0.024350 14.063200 -0.351994 0.068014 0.933528 3.449300 0.000000 0.000000 0.000000 1.000000
0.933327 -0.101150 0.344483 0.000000 0.114866 0.993188 -0.019585 14.063200 -0.340155 0.057849 0.938588 3.449300 0.000000 0.000000 0.000000 1.000000
0.934366 -0.104093 0.340771 -0.000000 0.115906 0.993155 -0.014431 14.063200 -0.336936 0.052982 0.940036 3.449300 0.000000 0.000000 0.000000 1.000000
0.932435 -0.118737 0.341273 0.000000 0.131345 0.991238 -0.013991 14.063200 -0.336621 0.057870 0.939860 3.449300 0.000000 0.000000 0.000000 1.000000
0.930209 -0.134231 0.341605 0.000000 0.147556 0.988966 -0.013195 14.063200 -0.336064 0.062680 0.939751 3.449300 0.000000 0.000000 0.000000 1.000000
0.929274 -0.139294 0.342123 0.000000 0.149942 0.988683 -0.004733 14.063200 -0.337592 0.055697 0.939643 3.449300 0.000000 0.000000 0.000000 1.000000
0.929854 -0.134486 0.342469 -0.000000 0.138768 0.990251 0.012090 14.063200 -0.340757 0.036281 0.939451 3.449300 0.000000 0.000000 0.000000 1.000000</float_array>
        <technique_common>
          <accessor source="#mixamorig_Head-Matrix-animation-output-transform-array" count="25" stride="16">
            <param type="float4x4"/>
          </accessor>
        </technique_common>
      </source>
      <source id="mixamorig_Head-Interpolations">
        <Name_array id="mixamorig_Head-Interpolations-array" count="25">
 LINEAR LINEAR LINEAR LINEAR LINEAR LINEAR LINEAR LINEAR LINEAR LINEAR LINEAR
LINEAR LINEAR LINEAR LINEAR LINEAR LINEAR LINEAR LINEAR LINEAR LINEAR LINEAR LINEAR
LINEAR LINEAR</Name_array>
        <technique_common>
          <accessor source="#mixamorig_Head-Interpolations-array" count="25">
            <param type="name"/>
          </accessor>
        </technique_common>
      </source>
      <sampler id="mixamorig_Head-Matrix-animation-transform">
        <input semantic="INPUT" source="#mixamorig_Head-Matrix-animation-input"/>
        <input semantic="OUTPUT" source="#mixamorig_Head-Matrix-animation-output-transform"/>
        <input semantic="INTERPOLATION" source="#mixamorig_Head-Interpolations"/>
      </sampler>
      <channel source="#mixamorig_Head-Matrix-animation-transform" target="mixamorig_Head/matrix"/>
    </animation>
    <animation id="mixamorig_LeftShoulder-anim" name="mixamorig_LeftShoulder">
      <source id="mixamorig_LeftShoulder-Matrix-animation-input">
        <float_array id="mixamorig_LeftShoulder-Matrix-animation-input-array" count="25">

0.000000 0.033333 0.066667 0.100000 0.133333 0.166667 0.200000 0.233333 0.266667 0.300000 0.333333 0.366667 0.400000 0.433333 0.466667 0.500000
0.533333 0.566667 0.600000 0.633333 0.666667 0.700000 0.733333 0.766667 0.800000</float_array>
        <technique_common>
          <accessor source="#mixamorig_LeftShoulder-Matrix-animation-input-array" count="25">
            <param name="TIME" type="float"/>
          </accessor>
        </technique_common>
      </source>
      <source id="mixamorig_LeftShoulder-Matrix-animation-output-transform">
        <float_array id="mixamorig_LeftShoulder-Matrix-animation-output-transform-array" count="400">

-0.087964 0.776261 -0.624245 7.980400 0.065646 -0.620794 -0.781220 21.886400 -0.993958 -0.109698 0.003649 -6.266400 0.000000 0.000000 0.000000 1.000000
-0.092175 0.776649 -0.623153 7.980400 0.065043 -0.619785 -0.782072 21.886400 -0.993616 -0.112620 0.006613 -6.266400 0.000000 0.000000 0.000000 1.000000
-0.100605 0.787248 -0.608375 7.980400 0.058178 -0.605776 -0.793505 21.886400 -0.993224 -0.115224 0.015144 -6.266400 0.000000 0.000000 0.000000 1.000000
-0.115028 0.800338 -0.588412 7.980400 0.048683 -0.587090 -0.808057 21.886400 -0.992169 -0.121595 0.028569 -6.266400 0.000000 0.000000 0.000000 1.000000
-0.132137 0.806356 -0.576480 7.980400 0.042556 -0.576428 -0.816039 21.886400 -0.990318 -0.132362 0.041853 -6.266400 0.000000 0.000000 0.000000 1.000000
-0.148322 0.802184 -0.578362 7.980400 0.042782 -0.579078 -0.814149 21.886400 -0.988013 -0.145499 0.051571 -6.266400 0.000000 0.000000 0.000000 1.000000
-0.158736 0.793239 -0.587856 7.980400 0.046942 -0.588668 -0.807011 21.886400 -0.986204 -0.155697 0.056206 -6.266400 0.000000 0.000000 0.000000 1.000000
-0.157829 0.788358 -0.594627 7.980400 0.050200 -0.594990 -0.802164 21.886400 -0.986190 -0.156455 0.054331 -6.266400 0.000000 0.000000 0.000000 1.000000
-0.146357 0.790993 -0.594061 7.980400 0.050175 -0.593819 -0.803032 21.886400 -0.987958 -0.147337 0.047221 -6.266400 0.000000 0.000000 0.000000 1.000000
-0.133079 0.796171 -0.590256 7.980400 0.048728 -0.589576 -0.806241 21.886400 -0.989907 -0.136056 0.039664 -6.266400 0.000000 0.000000 0.000000 1.000000
-0.127730 0.794744 -0.593352 7.980400 0.050317 -0.592290 -0.804152 21.886400 -0.990532 -0.132570 0.035664 -6.266400 0.000000 0.000000 0.000000 1.000000
-0.130537 0.784305 -0.606487 7.980400 0.056419 -0.604853 -0.794336 21.886400 -0.989837 -0.137907 0.034706 -6.266400 0.000000 0.000000 0.000000 1.000000
-0.130605 0.773893 -0.619703 7.980400 0.062748 -0.617352 -0.784181 21.886400 -0.989447 -0.141303 0.032069 -6.266400 0.000000 0.000000 0.000000 1.000000
-0.120826 0.772665 -0.623210 7.980400 0.064573 -0.620362 -0.781653 21.886400 -0.990571 -0.134687 0.025063 -6.266400 0.000000 0.000000 0.000000 1.000000
-0.106384 0.779559 -0.617227 7.980400 0.061991 -0.614343 -0.786600 21.886400 -0.992391 -0.121944 0.017030 -6.266400 0.000000 0.000000 0.000000 1.000000
-0.094540 0.786523 -0.610282 7.980400 0.059047 -0.607518 -0.792108 21.886400 -0.993768 -0.110922 0.010993 -6.266400 0.000000 0.000000 0.000000 1.000000
-0.086036 0.788934 -0.608425 7.980400 0.058432 -0.605642 -0.793589 21.886400 -0.994577 -0.103828 0.006008 -6.266400 0.000000 0.000000 0.000000 1.000000
-0.078802 0.789467 -0.608714 7.980400 0.058773 -0.605871 -0.793389 21.886400 -0.995156 -0.098296 0.001344 -6.266400 0.000000 0.000000 0.000000 1.000000
-0.073798 0.791110 -0.607206 7.980400 0.058232 -0.604409 -0.794543 21.886400 -0.995572 -0.093994 -0.001463 -6.266400 0.000000 0.000000 0.000000 1.000000
-0.073368 0.792044 -0.606039 7.980400 0.057688 -0.603289 -0.795434 21.886400 -0.995635 -0.093320 -0.001429 -6.266400 0.000000 0.000000 0.000000 1.000000
-0.076682 0.790491 -0.607654 7.980400 0.058278 -0.604853 -0.794202 21.886400 -0.995351 -0.096314 0.000313 -6.266400 0.000000 0.000000 0.000000 1.000000
-0.080203 0.788410 -0.609900 7.980400 0.059168 -0.607026 -0.792476 21.886400 -0.995021 -0.099645 0.002037 -6.266400 0.000000 0.000000 0.000000 1.000000
-0.081900 0.786287 -0.612409 7.980400 0.060255 -0.609443 -0.790537 21.886400 -0.994817 -0.101646 0.002536 -6.266400 0.000000 0.000000 0.000000 1.000000
-0.083748 0.781677 -0.618035 7.980400 0.062812 -0.614839 -0.786147 21.886400 -0.994505 -0.104658 0.002393 -6.266400 0.000000 0.000000 0.000000 1.000000
-0.087964 0.776262 -0.624243 7.980400 0.065646 -0.620793 -0.781221 21.886400 -0.993958 -0.109698 0.003649 -6.266400 0.000000 0.000000 0.000000 1.000000</float_array>
        <technique_common>
