<?xml version="1.0" encoding="utf-8"?>
<COLLADA xmlns="http://www.collada.org/2005/11/COLLADASchema" version="1.4.1">
  <asset>
    <contributor>
      <author>Mixamo</author>
      <authoring_tool>COLLADA Mixamo exporter</authoring_tool>
      <comments/>
    </contributor>
    <created>2025-04-05T22:58:01Z</created>
    <modified>2025-04-05T22:58:01Z</modified>
    <revision/>
    <title/>
    <unit meter="0.010000"/>
    <up_axis>Y_UP</up_axis>
  </asset>
  <library_animations>
    <animation id="mixamorig_Hips-anim" name="mixamorig_Hips">
      <source id="mixamorig_Hips-Matrix-animation-input">
        <float_array id="mixamorig_Hips-Matrix-animation-input-array" count="41">

0.000000 0.033333 0.066667 0.100000 0.133333 0.166667 0.200000 0.233333 0.266667 0.300000 0.333333 0.366667 0.400000 0.433333 0.466667 0.500000
0.533333 0.566667 0.600000 0.633333 0.666667 0.700000 0.733333 0.766667 0.800000 0.833333 0.866667 0.900000 0.933333 0.966667 1.000000 1.033333
1.066667 1.100000 1.133333 1.166667 1.200000 1.233333 1.266667 1.300000 1.333333</float_array>
        <technique_common>
          <accessor source="#mixamorig_Hips-Matrix-animation-input-array" count="41">
            <param name="TIME" type="float"/>
          </accessor>
        </technique_common>
      </source>
      <source id="mixamorig_Hips-Matrix-animation-output-transform">
        <float_array id="mixamorig_Hips-Matrix-animation-output-transform-array" count="656">

0.585385 0.043143 -0.809607 0.004227 -0.109942 0.993583 -0.026547 102.084923 0.803267 0.104550 0.586372 0.292845 0.000000 0.000000 0.000000 1.000000
0.585041 0.043578 -0.809832 0.013461 -0.110445 0.993534 -0.026325 102.012169 0.803448 0.104843 0.586071 0.273056 0.000000 0.000000 0.000000 1.000000
0.585051 0.043921 -0.809806 0.026018 -0.110647 0.993518 -0.026052 101.952744 0.803413 0.104844 0.586119 0.248571 0.000000 0.000000 0.000000 1.000000
0.585382 0.044208 -0.809551 0.040154 -0.110829 0.993502 -0.025887 101.906464 0.803146 0.104876 0.586478 0.222596 0.000000 0.000000 0.000000 1.000000
0.585584 0.044351 -0.809398 0.055803 -0.111001 0.993484 -0.025869 101.865356 0.802976 0.104992 0.586691 0.196985 0.000000 0.000000 0.000000 1.000000
0.585234 0.044274 -0.809655 0.075234 -0.110954 0.993489 -0.025873 101.824722 0.803237 0.104976 0.586336 0.170281 0.000000 0.000000 0.000000 1.000000
0.584548 0.044200 -0.810154 0.095095 -0.110830 0.993505 -0.025764 101.785919 0.803754 0.104850 0.585650 0.142381 0.000000 0.000000 0.000000 1.000000
0.584028 0.044349 -0.810521 0.107272 -0.110859 0.993508 -0.025519 101.750084 0.804128 0.104757 0.585154 0.115809 0.000000 0.000000 0.000000 1.000000
0.583689 0.044675 -0.810747 0.108811 -0.111018 0.993499 -0.025181 101.714729 0.804352 0.104706 0.584855 0.090987 0.000000 0.000000 0.000000 1.000000
0.583280 0.045125 -0.811017 0.103972 -0.111274 0.993482 -0.024751 101.678322 0.804614 0.104682 0.584499 0.065358 0.000000 0.000000 0.000000 1.000000
0.582948 0.045626 -0.811227 0.099376 -0.111690 0.993444 -0.024386 101.642494 0.804796 0.104822 0.584222 0.035897 0.000000 0.000000 0.000000 1.000000
0.582950 0.045900 -0.811210 0.096198 -0.112199 0.993386 -0.024421 101.612640 0.804724 0.105254 0.584244 0.000139 0.000000 0.000000 0.000000 1.000000
0.583098 0.045951 -0.811101 0.087133 -0.112620 0.993331 -0.024687 101.594963 0.804558 0.105741 0.584385 -0.040876 0.000000 0.000000 0.000000 1.000000
0.583051 0.046124 -0.811126 0.070296 -0.113006 0.993286 -0.024749 101.590111 0.804538 0.106092 0.584348 -0.080995 0.000000 0.000000 0.000000 1.000000
0.582742 0.046483 -0.811327 0.054597 -0.113576 0.993223 -0.024672 101.591644 0.804681 0.106525 0.584072 -0.114645 0.000000 0.000000 0.000000 1.000000
0.582324 0.046908 -0.811603 0.042632 -0.114359 0.993134 -0.024652 101.592323 0.804873 0.107170 0.583690 -0.142397 0.000000 0.000000 0.000000 1.000000
0.582006 0.047222 -0.811813 0.027755 -0.115117 0.993043 -0.024766 101.590424 0.804995 0.107867 0.583393 -0.167380 0.000000 0.000000 0.000000 1.000000
0.581945 0.047329 -0.811850 0.008339 -0.115637 0.992977 -0.025002 101.592026 0.804965 0.108430 0.583330 -0.187832 0.000000 0.000000 0.000000 1.000000
0.582228 0.047362 -0.811645 -0.012058 -0.115940 0.992936 -0.025228 101.607246 0.804716 0.108790 0.583607 -0.200554 0.000000 0.000000 0.000000 1.000000
0.582822 0.047341 -0.811220 -0.030895 -0.116026 0.992921 -0.025414 101.641006 0.804274 0.108934 0.584189 -0.202955 0.000000 0.000000 0.000000 1.000000
0.583478 0.047165 -0.810758 -0.048572 -0.115819 0.992941 -0.025588 101.688911 0.803828 0.108831 0.584821 -0.192625 0.000000 0.000000 0.000000 1.000000
0.583976 0.046851 -0.810418 -0.066477 -0.115321 0.992996 -0.025693 101.742157 0.803538 0.108462 0.585289 -0.172502 0.000000 0.000000 0.000000 1.000000
0.584460 0.046645 -0.810081 -0.085521 -0.114667 0.993075 -0.025549 101.794304 0.803279 0.107822 0.585762 -0.147752 0.000000 0.000000 0.000000 1.000000
0.585193 0.046670 -0.809550 -0.105908 -0.114017 0.993160 -0.025163 101.845840 0.802839 0.107028 0.586511 -0.119271 0.000000 0.000000 0.000000 1.000000
0.586164 0.046751 -0.808843 -0.126320 -0.113470 0.993231 -0.024822 101.900116 0.802208 0.106329 0.587501 -0.085262 0.000000 0.000000 0.000000 1.000000
0.587183 0.046735 -0.808104 -0.146203 -0.113018 0.993286 -0.024676 101.953003 0.801526 0.105820 0.588523 -0.046692 0.000000 0.000000 0.000000 1.000000
0.588068 0.046612 -0.807467 -0.168873 -0.112502 0.993347 -0.024592 102.000038 0.800949 0.105303 0.589400 -0.005801 0.000000 0.000000 0.000000 1.000000
0.588674 0.046359 -0.807040 -0.195705 -0.111821 0.993426 -0.024499 102.051544 0.800599 0.104666 0.589988 0.037917 0.000000 0.000000 0.000000 1.000000
0.588847 0.046052 -0.806932 -0.219443 -0.111258 0.993490 -0.024490 102.110672 0.800551 0.104199 0.590137 0.085462 0.000000 0.000000 0.000000 1.000000
0.588609 0.045748 -0.807122 -0.234312 -0.110835 0.993536 -0.024515 102.168419 0.800784 0.103887 0.589875 0.129620 0.000000 0.000000 0.000000 1.000000
0.588169 0.045390 -0.807463 -0.241781 -0.110334 0.993592 -0.024515 102.221840 0.801176 0.103510 0.589408 0.165651 0.000000 0.000000 0.000000 1.000000
0.587731 0.044778 -0.807816 -0.245596 -0.109646 0.993664 -0.024694 102.277527 0.801592 0.103088 0.588917 0.191694 0.000000 0.000000 0.000000 1.000000
0.587482 0.044126 -0.808033 -0.245114 -0.109170 0.993706 -0.025106 102.328789 0.801839 0.102962 0.588602 0.211545 0.000000 0.000000 0.000000 1.000000
0.587465 0.043718 -0.808068 -0.236364 -0.109150 0.993696 -0.025590 102.363945 0.801855 0.103234 0.588533 0.231123 0.000000 0.000000 0.000000 1.000000
0.587352 0.043290 -0.808173 -0.217671 -0.109169 0.993680 -0.026114 102.382904 0.801935 0.103565 0.588366 0.247754 0.000000 0.000000 0.000000 1.000000
0.586959 0.042702 -0.808490 -0.192804 -0.109044 0.993679 -0.026683 102.383713 0.802240 0.103823 0.587905 0.257161 0.000000 0.000000 0.000000 1.000000
0.586582 0.042335 -0.808782 -0.163023 -0.109143 0.993655 -0.027146 102.354675 0.802502 0.104196 0.587481 0.266391 0.000000 0.000000 0.000000 1.000000
0.586369 0.042431 -0.808932 -0.123984 -0.109471 0.993617 -0.027233 102.296112 0.802613 0.104523 0.587271 0.281910 0.000000 0.000000 0.000000 1.000000
0.586153 0.042751 -0.809071 -0.077645 -0.109617 0.993609 -0.026913 102.226868 0.802750 0.104463 0.587094 0.296118 0.000000 0.000000 0.000000 1.000000
0.585833 0.043004 -0.809290 -0.034193 -0.109649 0.993615 -0.026574 102.157730 0.802980 0.104306 0.586808 0.300441 0.000000 0.000000 0.000000 1.000000
0.585385 0.043143 -0.809607 0.004227 -0.109942 0.993583 -0.026547 102.084923 0.803267 0.104550 0.586372 0.292845 0.000000 0.000000 0.000000 1.000000</float_array>
        <technique_common>
          <accessor source="#mixamorig_Hips-Matrix-animation-output-transform-array" count="41" stride="16">
            <param type="float4x4"/>
          </accessor>
        </technique_common>
      </source>
      <source id="mixamorig_Hips-Interpolations">
        <Name_array id="mixamorig_Hips-Interpolations-array" count="41">
 LINEAR LINEAR LINEAR LINEAR LINEAR LINEAR LINEAR LINEAR LINEAR LINEAR LINEAR
LINEAR LINEAR LINEAR LINEAR LINEAR LINEAR LINEAR LINEAR LINEAR LINEAR LINEAR LINEAR
LINEAR LINEAR LINEAR LINEAR LINEAR LINEAR LINEAR LINEAR LINEAR LINEAR LINEAR LINEAR
LINEAR LINEAR LINEAR LINEAR LINEAR LINEAR</Name_array>
        <technique_common>
          <accessor source="#mixamorig_Hips-Interpolations-array" count="41">
            <param type="name"/>
          </accessor>
        </technique_common>
      </source>
      <sampler id="mixamorig_Hips-Matrix-animation-transform">
        <input semantic="INPUT" source="#mixamorig_Hips-Matrix-animation-input"/>
        <input semantic="OUTPUT" source="#mixamorig_Hips-Matrix-animation-output-transform"/>
        <input semantic="INTERPOLATION" source="#mixamorig_Hips-Interpolations"/>
      </sampler>
      <channel source="#mixamorig_Hips-Matrix-animation-transform" target="mixamorig_Hips/matrix"/>
    </animation>
    <animation id="mixamorig_Spine-anim" name="mixamorig_Spine">
      <source id="mixamorig_Spine-Matrix-animation-input">
        <float_array id="mixamorig_Spine-Matrix-animation-input-array" count="41">

0.000000 0.033333 0.066667 0.100000 0.133333 0.166667 0.200000 0.233333 0.266667 0.300000 0.333333 0.366667 0.400000 0.433333 0.466667 0.500000
0.533333 0.566667 0.600000 0.633333 0.666667 0.700000 0.733333 0.766667 0.800000 0.833333 0.866667 0.900000 0.933333 0.966667 1.000000 1.033333
1.066667 1.100000 1.133333 1.166667 1.200000 1.233333 1.266667 1.300000 1.333333</float_array>
        <technique_common>
          <accessor source="#mixamorig_Spine-Matrix-animation-input-array" count="41">
            <param name="TIME" type="float"/>
          </accessor>
        </technique_common>
      </source>
      <source id="mixamorig_Spine-Matrix-animation-output-transform">
        <float_array id="mixamorig_Spine-Matrix-animation-output-transform-array" count="656">

0.992003 -0.043549 0.118460 -0.023000 0.049926 0.997429 -0.051409 13.157000 -0.115917 0.056912 0.991627 0.957400 0.000000 0.000000 0.000000 1.000000
0.991979 -0.044131 0.118449 -0.023000 0.050543 0.997383 -0.051688 13.157000 -0.115858 0.057260 0.991614 0.957400 0.000000 0.000000 0.000000 1.000000
0.991990 -0.044441 0.118240 -0.023000 0.050899 0.997341 -0.052163 13.157000 -0.115607 0.057764 0.991614 0.957400 0.000000 0.000000 0.000000 1.000000
0.992013 -0.044716 0.117942 -0.023000 0.051201 0.997305 -0.052544 13.157000 -0.115275 0.058163 0.991629 0.957400 0.000000 0.000000 0.000000 1.000000
0.992031 -0.044960 0.117702 -0.023000 0.051466 0.997276 -0.052835 13.157000 -0.115006 0.058472 0.991642 0.957400 0.000000 0.000000 0.000000 1.000000
0.992027 -0.044982 0.117725 -0.023000 0.051531 0.997254 -0.053191 13.157000 -0.115009 0.058833 0.991621 0.957400 0.000000 0.000000 0.000000 1.000000
0.992009 -0.044926 0.117899 -0.023000 0.051532 0.997233 -0.053589 13.157000 -0.115165 0.059237 0.991579 0.957400 0.000000 0.000000 0.000000 1.000000
0.992013 -0.044981 0.117844 -0.023000 0.051620 0.997211 -0.053906 13.157000 -0.115090 0.059558 0.991568 0.957400 0.000000 0.000000 0.000000 1.000000
0.992056 -0.045001 0.117476 -0.023000 0.051642 0.997199 -0.054110 13.157000 -0.114712 0.059746 0.991600 0.957400 0.000000 0.000000 0.000000 1.000000
0.992120 -0.044902 0.116966 -0.023000 0.051536 0.997192 -0.054326 13.157000 -0.114198 0.059926 0.991649 0.957400 0.000000 0.000000 0.000000 1.000000
0.992178 -0.044872 0.116488 -0.023000 0.051507 0.997180 -0.054581 13.157000 -0.113710 0.060154 0.991691 0.957400 0.000000 0.000000 0.000000 1.000000
0.992218 -0.044871 0.116150 -0.023000 0.051496 0.997175 -0.054678 13.157000 -0.113369 0.060234 0.991725 0.957400 0.000000 0.000000 0.000000 1.000000
0.992266 -0.044606 0.115838 -0.023000 0.051208 0.997191 -0.054658 13.157000 -0.113075 0.060167 0.991763 0.957400 0.000000 0.000000 0.000000 1.000000
0.992331 -0.044184 0.115442 -0.023000 0.050765 0.997211 -0.054702 13.157000 -0.112703 0.060143 0.991807 0.957400 0.000000 0.000000 0.000000 1.000000
0.992362 -0.044017 0.115242 -0.023000 0.050584 0.997221 -0.054690 13.157000 -0.112514 0.060101 0.991831 0.957400 0.000000 0.000000 0.000000 1.000000
0.992331 -0.044178 0.115447 -0.023000 0.050737 0.997224 -0.054504 13.157000 -0.112719 0.059943 0.991817 0.957400 0.000000 0.000000 0.000000 1.000000
0.992290 -0.044336 0.115735 -0.023000 0.050876 0.997234 -0.054183 13.157000 -0.113013 0.059653 0.991801 0.957400 0.000000 0.000000 0.000000 1.000000
0.992282 -0.044304 0.115813 -0.023000 0.050804 0.997259 -0.053785 13.157000 -0.113112 0.059253 0.991814 0.957400 0.000000 0.000000 0.000000 1.000000
0.992286 -0.044239 0.115808 -0.023000 0.050692 0.997287 -0.053380 13.157000 -0.113133 0.058839 0.991836 0.957400 0.000000 0.000000 0.000000 1.000000
0.992269 -0.044221 0.115957 -0.023000 0.050634 0.997313 -0.052949 13.157000 -0.113303 0.058411 0.991842 0.957400 0.000000 0.000000 0.000000 1.000000
0.992228 -0.044136 0.116339 -0.023000 0.050512 0.997346 -0.052438 13.157000 -0.113716 0.057907 0.991824 0.957400 0.000000 0.000000 0.000000 1.000000
0.992177 -0.043927 0.116858 -0.023000 0.050271 0.997386 -0.051908 13.157000 -0.114272 0.057377 0.991791 0.957400 0.000000 0.000000 0.000000 1.000000
0.992125 -0.043707 0.117377 -0.023000 0.050036 0.997418 -0.051524 13.157000 -0.114822 0.056991 0.991750 0.957400 0.000000 0.000000 0.000000 1.000000
0.992083 -0.043599 0.117771 -0.023000 0.049922 0.997436 -0.051285 13.157000 -0.115233 0.056758 0.991716 0.957400 0.000000 0.000000 0.000000 1.000000
0.992057 -0.043650 0.117975 -0.023000 0.049954 0.997448 -0.051014 13.157000 -0.115447 0.056502 0.991705 0.957400 0.000000 0.000000 0.000000 1.000000
0.992054 -0.043766 0.117959 -0.023000 0.050024 0.997464 -0.050623 13.157000 -0.115444 0.056121 0.991727 0.957400 0.000000 0.000000 0.000000 1.000000
0.992083 -0.043632 0.117758 -0.023000 0.049824 0.997498 -0.050161 13.157000 -0.115275 0.055631 0.991775 0.957400 0.000000 0.000000 0.000000 1.000000
0.992120 -0.043140 0.117632 -0.023000 0.049265 0.997550 -0.049664 13.157000 -0.115201 0.055068 0.991815 0.957400 0.000000 0.000000 0.000000 1.000000
0.992112 -0.042830 0.117813 -0.023000 0.048902 0.997594 -0.049137 13.157000 -0.115425 0.054511 0.991819 0.957400 0.000000 0.000000 0.000000 1.000000
0.992084 -0.042731 0.118079 -0.023000 0.048768 0.997621 -0.048720 13.157000 -0.115716 0.054093 0.991808 0.957400 0.000000 0.000000 0.000000 1.000000
0.992081 -0.042445 0.118208 -0.023000 0.048457 0.997649 -0.048463 13.157000 -0.115873 0.053808 0.991805 0.957400 0.000000 0.000000 0.000000 1.000000
0.992102 -0.041786 0.118271 -0.023000 0.047773 0.997692 -0.048246 13.157000 -0.115982 0.053515 0.991809 0.957400 0.000000 0.000000 0.000000 1.000000
0.992117 -0.041294 0.118313 -0.023000 0.047252 0.997729 -0.048006 13.157000 -0.116062 0.053219 0.991815 0.957400 0.000000 0.000000 0.000000 1.000000
0.992122 -0.041313 0.118271 -0.023000 0.047248 0.997738 -0.047819 13.157000 -0.116028 0.053030 0.991829 0.957400 0.000000 0.000000 0.000000 1.000000
0.992127 -0.041337 0.118215 -0.023000 0.047264 0.997739 -0.047776 13.157000 -0.115973 0.052988 0.991838 0.957400 0.000000 0.000000 0.000000 1.000000
0.992131 -0.041162 0.118246 -0.023000 0.047103 0.997741 -0.047901 13.157000 -0.116008 0.053094 0.991828 0.957400 0.000000 0.000000 0.000000 1.000000
0.992114 -0.041368 0.118313 -0.023000 0.047353 0.997713 -0.048229 13.157000 -0.116048 0.053451 0.991804 0.957400 0.000000 0.000000 0.000000 1.000000
0.992078 -0.042124 0.118350 -0.023000 0.048196 0.997639 -0.048921 13.157000 -0.116010 0.054237 0.991766 0.957400 0.000000 0.000000 0.000000 1.000000
0.992041 -0.042817 0.118413 -0.023000 0.049015 0.997549 -0.049932 13.157000 -0.115985 0.055338 0.991708 0.957400 0.000000 0.000000 0.000000 1.000000
0.992015 -0.043197 0.118491 -0.023000 0.049505 0.997480 -0.050823 13.157000 -0.115997 0.056283 0.991654 0.957400 0.000000 0.000000 0.000000 1.000000
0.992003 -0.043549 0.118460 -0.023000 0.049926 0.997429 -0.051409 13.157000 -0.115917 0.056912 0.991627 0.957400 0.000000 0.000000 0.000000 1.000000</float_array>
        <technique_common>
          <accessor source="#mixamorig_Spine-Matrix-animation-output-transform-array" count="41" stride="16">
            <param type="float4x4"/>
          </accessor>
        </technique_common>
      </source>
      <source id="mixamorig_Spine-Interpolations">
        <Name_array id="mixamorig_Spine-Interpolations-array" count="41">
 LINEAR LINEAR LINEAR LINEAR LINEAR LINEAR LINEAR LINEAR LINEAR LINEAR LINEAR
LINEAR LINEAR LINEAR LINEAR LINEAR LINEAR LINEAR LINEAR LINEAR LINEAR LINEAR LINEAR
LINEAR LINEAR LINEAR LINEAR LINEAR LINEAR LINEAR LINEAR LINEAR LINEAR LINEAR LINEAR
LINEAR LINEAR LINEAR LINEAR LINEAR LINEAR</Name_array>
        <technique_common>
          <accessor source="#mixamorig_Spine-Interpolations-array" count="41">
            <param type="name"/>
          </accessor>
        </technique_common>
      </source>
      <sampler id="mixamorig_Spine-Matrix-animation-transform">
        <input semantic="INPUT" source="#mixamorig_Spine-Matrix-animation-input"/>
        <input semantic="OUTPUT" source="#mixamorig_Spine-Matrix-animation-output-transform"/>
        <input semantic="INTERPOLATION" source="#mixamorig_Spine-Interpolations"/>
      </sampler>
      <channel source="#mixamorig_Spine-Matrix-animation-transform" target="mixamorig_Spine/matrix"/>
    </animation>
    <animation id="mixamorig_Spine1-anim" name="mixamorig_Spine1">
      <source id="mixamorig_Spine1-Matrix-animation-input">
        <float_array id="mixamorig_Spine1-Matrix-animation-input-array" count="41">

0.000000 0.033333 0.066667 0.100000 0.133333 0.166667 0.200000 0.233333 0.266667 0.300000 0.333333 0.366667 0.400000 0.433333 0.466667 0.500000
0.533333 0.566667 0.600000 0.633333 0.666667 0.700000 0.733333 0.766667 0.800000 0.833333 0.866667 0.900000 0.933333 0.966667 1.000000 1.033333
1.066667 1.100000 1.133333 1.166667 1.200000 1.233333 1.266667 1.300000 1.333333</float_array>
        <technique_common>
          <accessor source="#mixamorig_Spine1-Matrix-animation-input-array" count="41">
            <param name="TIME" type="float"/>
          </accessor>
        </technique_common>
      </source>
      <source id="mixamorig_Spine1-Matrix-animation-output-transform">
        <float_array id="mixamorig_Spine1-Matrix-animation-output-transform-array" count="656">

0.990537 0.006321 0.137101 0.000000 -0.001690 0.999425 -0.033874 9.894900 -0.137236 0.033322 0.989978 0.000000 0.000000 0.000000 0.000000 1.000000
0.990543 0.006347 0.137054 0.000000 -0.001702 0.999421 -0.033983 9.894900 -0.137191 0.033428 0.989980 0.000000 0.000000 0.000000 0.000000 1.000000
0.990568 0.006450 0.136868 -0.000000 -0.001778 0.999413 -0.034226 9.894900 -0.137009 0.033660 0.989998 0.000000 0.000000 0.000000 0.000000 1.000000
0.990603 0.006486 0.136618 0.000000 -0.001800 0.999407 -0.034397 9.894900 -0.136760 0.033827 0.990026 0.000000 0.000000 0.000000 0.000000 1.000000
0.990629 0.006473 0.136425 -0.000000 -0.001778 0.999403 -0.034509 9.894900 -0.136567 0.033943 0.990049 0.000000 0.000000 0.000000 0.000000 1.000000
0.990623 0.006535 0.136464 0.000000 -0.001813 0.999396 -0.034703 9.894900 -0.136608 0.034130 0.990037 0.000000 0.000000 0.000000 0.000000 1.000000
0.990599 0.006639 0.136634 0.000000 -0.001877 0.999387 -0.034956 9.894900 -0.136782 0.034371 0.990005 0.000000 0.000000 0.000000 0.000000 1.000000
0.990602 0.006706 0.136613 0.000000 -0.001918 0.999380 -0.035145 9.894900 -0.136764 0.034552 0.990001 0.000000 0.000000 0.000000 0.000000 1.000000
0.990637 0.006777 0.136353 0.000000 -0.001987 0.999377 -0.035237 9.894900 -0.136506 0.034636 0.990034 0.000000 0.000000 0.000000 0.000000 1.000000
0.990687 0.006918 0.135986 0.000000 -0.002129 0.999373 -0.035332 9.894900 -0.136145 0.034714 0.990081 0.000000 0.000000 0.000000 0.000000 1.000000
0.990737 0.007102 0.135611 0.000000 -0.002312 0.999369 -0.035448 9.894900 -0.135777 0.034806 0.990128 0.000000 0.000000 0.000000 0.000000 1.000000
0.990775 0.007321 0.135316 0.000000 -0.002546 0.999369 -0.035424 9.894900 -0.135490 0.034752 0.990169 0.000000 0.000000 0.000000 0.000000 1.000000
0.990808 0.007613 0.135060 -0.000000 -0.002868 0.999373 -0.035286 9.894900 -0.135244 0.034575 0.990209 0.000000 0.000000 0.000000 0.000000 1.000000
0.990846 0.007903 0.134764 0.000000 -0.003185 0.999375 -0.035193 9.894900 -0.134958 0.034442 0.990253 0.000000 0.000000 0.000000 0.000000 1.000000
0.990866 0.008048 0.134608 0.000000 -0.003350 0.999378 -0.035092 9.894900 -0.134807 0.034320 0.990277 0.000000 0.000000 0.000000 0.000000 1.000000
0.990846 0.008050 0.134759 -0.000000 -0.003371 0.999385 -0.034910 9.894900 -0.134957 0.034137 0.990263 0.000000 0.000000 0.000000 0.000000 1.000000
0.990816 0.008036 0.134980 0.000000 -0.003385 0.999394 -0.034653 9.894900 -0.135177 0.033878 0.990242 0.000000 0.000000 0.000000 0.000000 1.000000
0.990808 0.008039 0.135037 0.000000 -0.003428 0.999404 -0.034339 9.894900 -0.135233 0.033561 0.990245 0.000000 0.000000 0.000000 0.000000 1.000000
0.990810 0.008000 0.135026 -0.000000 -0.003431 0.999414 -0.034042 9.894900 -0.135219 0.033266 0.990257 0.000000 0.000000 0.000000 0.000000 1.000000
0.990795 0.007885 0.135142 0.000000 -0.003348 0.999424 -0.033767 9.894900 -0.135330 0.033004 0.990251 0.000000 0.000000 0.000000 0.000000 1.000000
0.990752 0.007707 0.135469 -0.000000 -0.003198 0.999434 -0.033474 9.894900 -0.135650 0.032732 0.990216 0.000000 0.000000 0.000000 0.000000 1.000000
0.990691 0.007549 0.135923 0.000000 -0.003058 0.999443 -0.033217 9.894900 -0.136098 0.032492 0.990162 -0.000000 0.000000 0.000000 0.000000 1.000000
0.990630 0.007435 0.136374 0.000000 -0.002943 0.999447 -0.033115 9.894900 -0.136545 0.032403 0.990104 0.000000 0.000000 0.000000 0.000000 1.000000
0.990583 0.007280 0.136718 0.000000 -0.002773 0.999447 -0.033131 9.894900 -0.136883 0.032440 0.990056 0.000000 0.000000 0.000000 0.000000 1.000000
0.990563 0.007052 0.136879 -0.000000 -0.002543 0.999449 -0.033087 9.894900 -0.137037 0.032427 0.990035 -0.000000 0.000000 0.000000 0.000000 1.000000
0.990571 0.006837 0.136833 0.000000 -0.002352 0.999456 -0.032910 9.894900 -0.136984 0.032278 0.990047 0.000000 0.000000 0.000000 0.000000 1.000000
0.990593 0.006724 0.136677 0.000000 -0.002278 0.999464 -0.032665 9.894900 -0.136824 0.032046 0.990077 0.000000 0.000000 0.000000 0.000000 1.000000
0.990597 0.006698 0.136651 0.000000 -0.002289 0.999473 -0.032396 9.894900 -0.136796 0.031778 0.990089 0.000000 0.000000 0.000000 0.000000 1.000000
0.990571 0.006614 0.136838 0.000000 -0.002238 0.999482 -0.032105 9.894900 -0.136980 0.031496 0.990073 -0.000000 0.000000 0.000000 0.000000 1.000000
0.990544 0.006446 0.137045 0.000000 -0.002091 0.999489 -0.031895 9.894900 -0.137180 0.031307 0.990051 0.000000 0.000000 0.000000 0.000000 1.000000
0.990529 0.006314 0.137159 0.000000 -0.001967 0.999492 -0.031804 9.894900 -0.137290 0.031233 0.990038 -0.000000 0.000000 0.000000 0.000000 1.000000
0.990516 0.006322 0.137251 0.000000 -0.001982 0.999495 -0.031729 9.894900 -0.137382 0.031156 0.990028 0.000000 0.000000 0.000000 0.000000 1.000000
0.990511 0.006309 0.137286 0.000000 -0.001983 0.999498 -0.031628 9.894900 -0.137417 0.031056 0.990026 -0.000000 0.000000 0.000000 0.000000 1.000000
0.990525 0.006104 0.137197 0.000000 -0.001788 0.999500 -0.031559 9.894900 -0.137321 0.031014 0.990041 -0.000000 0.000000 0.000000 0.000000 1.000000
0.990538 0.005912 0.137111 0.000000 -0.001594 0.999500 -0.031579 9.894900 -0.137229 0.031062 0.990052 0.000000 0.000000 0.000000 0.000000 1.000000
0.990537 0.005932 0.137120 0.000000 -0.001599 0.999497 -0.031686 9.894900 -0.137239 0.031167 0.990048 0.000000 0.000000 0.000000 0.000000 1.000000
0.990535 0.005967 0.137131 0.000000 -0.001607 0.999490 -0.031880 9.894900 -0.137251 0.031358 0.990040 0.000000 0.000000 0.000000 0.000000 1.000000
0.990541 0.005899 0.137091 -0.000000 -0.001483 0.999477 -0.032290 9.894900 -0.137210 0.031781 0.990032 0.000000 0.000000 0.000000 0.000000 1.000000
0.990540 0.005954 0.137094 0.000000 -0.001450 0.999457 -0.032930 9.894900 -0.137215 0.032420 0.990011 0.000000 0.000000 0.000000 0.000000 1.000000
0.990533 0.006177 0.137136 0.000000 -0.001594 0.999437 -0.033509 9.894900 -0.137266 0.032973 0.989985 0.000000 0.000000 0.000000 0.000000 1.000000
0.990537 0.006321 0.137101 0.000000 -0.001690 0.999425 -0.033874 9.894900 -0.137236 0.033322 0.989978 0.000000 0.000000 0.000000 0.000000 1.000000</float_array>
        <technique_common>
          <accessor source="#mixamorig_Spine1-Matrix-animation-output-transform-array" count="41" stride="16">
            <param type="float4x4"/>
          </accessor>
        </technique_common>
      </source>
      <source id="mixamorig_Spine1-Interpolations">
        <Name_array id="mixamorig_Spine1-Interpolations-array" count="41">
 LINEAR LINEAR LINEAR LINEAR LINEAR LINEAR LINEAR LINEAR LINEAR LINEAR LINEAR
LINEAR LINEAR LINEAR LINEAR LINEAR LINEAR LINEAR LINEAR LINEAR LINEAR LINEAR LINEAR
LINEAR LINEAR LINEAR LINEAR LINEAR LINEAR LINEAR LINEAR LINEAR LINEAR LINEAR LINEAR
LINEAR LINEAR LINEAR LINEAR LINEAR LINEAR</Name_array>
        <technique_common>
          <accessor source="#mixamorig_Spine1-Interpolations-array" count="41">
            <param type="name"/>
          </accessor>
        </technique_common>
      </source>
      <sampler id="mixamorig_Spine1-Matrix-animation-transform">
        <input semantic="INPUT" source="#mixamorig_Spine1-Matrix-animation-input"/>
        <input semantic="OUTPUT" source="#mixamorig_Spine1-Matrix-animation-output-transform"/>
        <input semantic="INTERPOLATION" source="#mixamorig_Spine1-Interpolations"/>
      </sampler>
      <channel source="#mixamorig_Spine1-Matrix-animation-transform" target="mixamorig_Spine1/matrix"/>
    </animation>
    <animation id="mixamorig_Spine2-anim" name="mixamorig_Spine2">
      <source id="mixamorig_Spine2-Matrix-animation-input">
        <float_array id="mixamorig_Spine2-Matrix-animation-input-array" count="41">

0.000000 0.033333 0.066667 0.100000 0.133333 0.166667 0.200000 0.233333 0.266667 0.300000 0.333333 0.366667 0.400000 0.433333 0.466667 0.500000
0.533333 0.566667 0.600000 0.633333 0.666667 0.700000 0.733333 0.766667 0.800000 0.833333 0.866667 0.900000 0.933333 0.966667 1.000000 1.033333
1.066667 1.100000 1.133333 1.166667 1.200000 1.233333 1.266667 1.300000 1.333333</float_array>
        <technique_common>
          <accessor source="#mixamorig_Spine2-Matrix-animation-input-array" count="41">
            <param name="TIME" type="float"/>
          </accessor>
        </technique_common>
      </source>
      <source id="mixamorig_Spine2-Matrix-animation-output-transform">
        <float_array id="mixamorig_Spine2-Matrix-animation-output-transform-array" count="656">

0.990540 0.010254 0.136837 0.000000 -0.002916 0.998552 -0.053717 10.500200 -0.137190 0.052810 0.989136 0.000000 0.000000 0.000000 0.000000 1.000000
0.990544 0.010318 0.136803 -0.000000 -0.002969 0.998546 -0.053817 10.500200 -0.137160 0.052902 0.989135 -0.000000 0.000000 0.000000 0.000000 1.000000
0.990566 0.010462 0.136636 -0.000000 -0.003091 0.998533 -0.054052 10.500200 -0.137001 0.053120 0.989146 0.000000 0.000000 0.000000 0.000000 1.000000
0.990597 0.010535 0.136405 0.000000 -0.003154 0.998524 -0.054215 10.500200 -0.136775 0.053275 0.989169 0.000000 0.000000 0.000000 0.000000 1.000000
0.990622 0.010553 0.136224 0.000000 -0.003167 0.998518 -0.054322 10.500200 -0.136596 0.053381 0.989188 0.000000 0.000000 0.000000 0.000000 1.000000
0.990614 0.010637 0.136271 -0.000000 -0.003223 0.998508 -0.054512 10.500200 -0.136648 0.053561 0.989171 -0.000000 0.000000 0.000000 0.000000 1.000000
0.990589 0.010759 0.136449 0.000000 -0.003302 0.998494 -0.054757 10.500200 -0.136833 0.053791 0.989133 0.000000 0.000000 0.000000 0.000000 1.000000
0.990588 0.010844 0.136445 0.000000 -0.003364 0.998484 -0.054932 10.500200 -0.136834 0.053956 0.989123 0.000000 0.000000 0.000000 0.000000 1.000000
0.990620 0.010934 0.136208 0.000000 -0.003457 0.998480 -0.055008 10.500200 -0.136602 0.054021 0.989152 0.000000 0.000000 0.000000 0.000000 1.000000
0.990666 0.011094 0.135862 -0.000000 -0.003626 0.998475 -0.055091 10.500200 -0.136266 0.054085 0.989195 0.000000 0.000000 0.000000 0.000000 1.000000
0.990713 0.011301 0.135502 -0.000000 -0.003840 0.998468 -0.055204 10.500200 -0.135918 0.054171 0.989238 0.000000 0.000000 0.000000 0.000000 1.000000
0.990749 0.011546 0.135214 -0.000000 -0.004105 0.998468 -0.055181 10.500200 -0.135644 0.054115 0.989279 -0.000000 0.000000 0.000000 0.000000 1.000000
0.990780 0.011861 0.134963 0.000000 -0.004455 0.998474 -0.055045 10.500200 -0.135410 0.053936 0.989320 0.000000 0.000000 0.000000 0.000000 1.000000
0.990816 0.012173 0.134670 0.000000 -0.004797 0.998477 -0.054957 10.500200 -0.135134 0.053806 0.989365 -0.000000 0.000000 0.000000 0.000000 1.000000
0.990835 0.012333 0.134516 -0.000000 -0.004981 0.998482 -0.054858 10.500200 -0.134989 0.053685 0.989392 -0.000000 0.000000 0.000000 0.000000 1.000000
0.990814 0.012342 0.134667 0.000000 -0.005007 0.998492 -0.054673 10.500200 -0.135139 0.053496 0.989381 -0.000000 0.000000 0.000000 0.000000 1.000000
0.990785 0.012327 0.134884 0.000000 -0.005016 0.998506 -0.054410 10.500200 -0.135353 0.053232 0.989366 0.000000 0.000000 0.000000 0.000000 1.000000
0.990778 0.012324 0.134935 0.000000 -0.005053 0.998523 -0.054095 10.500200 -0.135403 0.052914 0.989377 0.000000 0.000000 0.000000 0.000000 1.000000
0.990781 0.012274 0.134919 0.000000 -0.005044 0.998539 -0.053797 10.500200 -0.135382 0.052621 0.989395 0.000000 0.000000 0.000000 0.000000 1.000000
0.990768 0.012138 0.135026 0.000000 -0.004939 0.998554 -0.053523 10.500200 -0.135481 0.052362 0.989395 0.000000 0.000000 0.000000 0.000000 1.000000
0.990728 0.011926 0.135336 0.000000 -0.004749 0.998571 -0.053234 10.500200 -0.135777 0.052098 0.989369 0.000000 0.000000 0.000000 0.000000 1.000000
0.990671 0.011723 0.135770 0.000000 -0.004556 0.998585 -0.052980 10.500200 -0.136199 0.051867 0.989323 -0.000000 0.000000 0.000000 0.000000 1.000000
0.990614 0.011560 0.136203 -0.000000 -0.004383 0.998591 -0.052880 10.500200 -0.136622 0.051787 0.989269 -0.000000 0.000000 0.000000 0.000000 1.000000
0.990571 0.011358 0.136526 0.000000 -0.004158 0.998591 -0.052906 10.500200 -0.136934 0.051839 0.989223 -0.000000 0.000000 0.000000 0.000000 1.000000
0.990557 0.011088 0.136656 0.000000 -0.003882 0.998593 -0.052888 10.500200 -0.137050 0.051858 0.989206 0.000000 0.000000 0.000000 0.000000 1.000000
0.990571 0.010840 0.136571 0.000000 -0.003655 0.998601 -0.052746 10.500200 -0.136952 0.051749 0.989225 -0.000000 0.000000 0.000000 0.000000 1.000000
0.990597 0.010693 0.136395 0.000000 -0.003549 0.998614 -0.052518 10.500200 -0.136767 0.051540 0.989262 0.000000 0.000000 0.000000 0.000000 1.000000
0.990602 0.010627 0.136364 0.000000 -0.003521 0.998628 -0.052243 10.500200 -0.136732 0.051272 0.989280 0.000000 0.000000 0.000000 0.000000 1.000000
0.990579 0.010503 0.136540 0.000000 -0.003427 0.998644 -0.051950 10.500200 -0.136901 0.050993 0.989271 0.000000 0.000000 0.000000 0.000000 1.000000
0.990555 0.010299 0.136727 -0.000000 -0.003240 0.998655 -0.051748 10.500200 -0.137076 0.050817 0.989256 -0.000000 0.000000 0.000000 0.000000 1.000000
0.990543 0.010132 0.136826 -0.000000 -0.003078 0.998660 -0.051667 10.500200 -0.137166 0.050757 0.989247 -0.000000 0.000000 0.000000 0.000000 1.000000
0.990533 0.010104 0.136903 0.000000 -0.003055 0.998663 -0.051601 10.500200 -0.137242 0.050695 0.989240 -0.000000 0.000000 0.000000 0.000000 1.000000
0.990531 0.010060 0.136923 0.000000 -0.003022 0.998668 -0.051512 10.500200 -0.137259 0.050610 0.989241 0.000000 0.000000 0.000000 0.000000 1.000000
0.990547 0.009833 0.136823 0.000000 -0.002807 0.998672 -0.051451 10.500200 -0.137147 0.050581 0.989258 0.000000 0.000000 0.000000 0.000000 1.000000
0.990561 0.009627 0.136733 0.000000 -0.002601 0.998671 -0.051475 10.500200 -0.137047 0.050633 0.989270 -0.000000 0.000000 0.000000 0.000000 1.000000
0.990560 0.009645 0.136742 0.000000 -0.002603 0.998665 -0.051582 10.500200 -0.137057 0.050740 0.989263 0.000000 0.000000 0.000000 0.000000 1.000000
0.990557 0.009701 0.136759 -0.000000 -0.002632 0.998655 -0.051778 10.500200 -0.137077 0.050929 0.989250 -0.000000 0.000000 0.000000 0.000000 1.000000
0.990561 0.009682 0.136733 0.000000 -0.002558 0.998634 -0.052186 10.500200 -0.137052 0.051344 0.989232 -0.000000 0.000000 0.000000 0.000000 1.000000
0.990555 0.009797 0.136762 0.000000 -0.002584 0.998601 -0.052818 10.500200 -0.137088 0.051966 0.989195 0.000000 0.000000 0.000000 0.000000 1.000000
0.990542 0.010071 0.136839 0.000000 -0.002778 0.998571 -0.053377 10.500200 -0.137181 0.052492 0.989154 0.000000 0.000000 0.000000 0.000000 1.000000
0.990540 0.010254 0.136837 0.000000 -0.002916 0.998552 -0.053717 10.500200 -0.137190 0.052810 0.989136 -0.000000 0.000000 0.000000 0.000000 1.000000</float_array>
        <technique_common>
          <accessor source="#mixamorig_Spine2-Matrix-animation-output-transform-array" count="41" stride="16">
            <param type="float4x4"/>
          </accessor>
        </technique_common>
      </source>
      <source id="mixamorig_Spine2-Interpolations">
        <Name_array id="mixamorig_Spine2-Interpolations-array" count="41">
 LINEAR LINEAR LINEAR LINEAR LINEAR LINEAR LINEAR LINEAR LINEAR LINEAR LINEAR
LINEAR LINEAR LINEAR LINEAR LINEAR LINEAR LINEAR LINEAR LINEAR LINEAR LINEAR LINEAR
LINEAR LINEAR LINEAR LINEAR LINEAR LINEAR LINEAR LINEAR LINEAR LINEAR LINEAR LINEAR
LINEAR LINEAR LINEAR LINEAR LINEAR LINEAR</Name_array>
        <technique_common>
          <accessor source="#mixamorig_Spine2-Interpolations-array" count="41">
            <param type="name"/>
          </accessor>
        </technique_common>
      </source>
      <sampler id="mixamorig_Spine2-Matrix-animation-transform">
        <input semantic="INPUT" source="#mixamorig_Spine2-Matrix-animation-input"/>
        <input semantic="OUTPUT" source="#mixamorig_Spine2-Matrix-animation-output-transform"/>
        <input semantic="INTERPOLATION" source="#mixamorig_Spine2-Interpolations"/>
      </sampler>
      <channel source="#mixamorig_Spine2-Matrix-animation-transform" target="mixamorig_Spine2/matrix"/>
    </animation>
    <animation id="mixamorig_Neck-anim" name="mixamorig_Neck">
      <source id="mixamorig_Neck-Matrix-animation-input">
        <float_array id="mixamorig_Neck-Matrix-animation-input-array" count="41">

0.000000 0.033333 0.066667 0.100000 0.133333 0.166667 0.200000 0.233333 0.266667 0.300000 0.333333 0.366667 0.400000 0.433333 0.466667 0.500000
0.533333 0.566667 0.600000 0.633333 0.666667 0.700000 0.733333 0.766667 0.800000 0.833333 0.866667 0.900000 0.933333 0.966667 1.000000 1.033333
1.066667 1.100000 1.133333 1.166667 1.200000 1.233333 1.266667 1.300000 1.333333</float_array>
        <technique_common>
          <accessor source="#mixamorig_Neck-Matrix-animation-input-array" count="41">
            <param name="TIME" type="float"/>
          </accessor>
        </technique_common>
      </source>
      <source id="mixamorig_Neck-Matrix-animation-output-transform">
        <float_array id="mixamorig_Neck-Matrix-animation-output-transform-array" count="656">

0.989933 0.076751 0.118922 -0.000000 -0.050686 0.976721 -0.208438 26.776300 -0.132152 0.200312 0.970779 -4.691200 0.000000 0.000000 0.000000 1.000000
0.989968 0.076573 0.118746 0.000000 -0.050631 0.976855 -0.207826 26.776300 -0.131912 0.199729 0.970931 -4.691200 0.000000 0.000000 0.000000 1.000000
0.990006 0.076523 0.118461 -0.000000 -0.050723 0.976982 -0.207204 26.776300 -0.131590 0.199124 0.971099 -4.691200 0.000000 0.000000 0.000000 1.000000
0.990041 0.076458 0.118209 0.000000 -0.050780 0.977089 -0.206685 26.776300 -0.131303 0.198624 0.971240 -4.691200 0.000000 0.000000 0.000000 1.000000
0.990039 0.076494 0.118200 0.000000 -0.050909 0.977225 -0.206007 26.776300 -0.131266 0.197937 0.971386 -4.691200 0.000000 0.000000 0.000000 1.000000
0.990024 0.076608 0.118255 0.000000 -0.051127 0.977396 -0.205142 26.776300 -0.131297 0.197050 0.971562 -4.691200 0.000000 0.000000 0.000000 1.000000
0.990022 0.076690 0.118212 0.000000 -0.051301 0.977516 -0.204525 26.776300 -0.131239 0.196420 0.971697 -4.691200 0.000000 0.000000 0.000000 1.000000
0.990013 0.076665 0.118304 0.000000 -0.051284 0.977558 -0.204327 26.776300 -0.131314 0.196220 0.971728 -4.691200 0.000000 0.000000 0.000000 1.000000
0.989986 0.076472 0.118661 0.000000 -0.051041 0.977600 -0.204187 26.776300 -0.131617 0.196086 0.971713 -4.691200 0.000000 0.000000 0.000000 1.000000
0.989946 0.076208 0.119157 0.000000 -0.050743 0.977710 -0.203737 26.776300 -0.132027 0.195642 0.971747 -4.691200 0.000000 0.000000 0.000000 1.000000
0.989910 0.076069 0.119549 -0.000000 -0.050618 0.977855 -0.203072 26.776300 -0.132349 0.194972 0.971838 -4.691200 0.000000 0.000000 0.000000 1.000000
0.989891 0.076036 0.119723 0.000000 -0.050630 0.977974 -0.202492 26.776300 -0.132483 0.194383 0.971938 -4.691200 0.000000 0.000000 0.000000 1.000000
0.989887 0.075964 0.119803 0.000000 -0.050599 0.978060 -0.202085 26.776300 -0.132526 0.193979 0.972013 -4.691200 0.000000 0.000000 0.000000 1.000000
0.989887 0.075856 0.119871 0.000000 -0.050506 0.978106 -0.201887 26.776300 -0.132561 0.193791 0.972046 -4.691200 0.000000 0.000000 0.000000 1.000000
0.989891 0.075804 0.119877 -0.000000 -0.050450 0.978104 -0.201910 26.776300 -0.132557 0.193821 0.972040 -4.691200 0.000000 0.000000 0.000000 1.000000
0.989900 0.075825 0.119783 -0.000000 -0.050473 0.978077 -0.202032 26.776300 -0.132476 0.193946 0.972026 -4.691200 0.000000 0.000000 0.000000 1.000000
0.989910 0.075830 0.119700 0.000000 -0.050476 0.978050 -0.202163 26.776300 -0.132402 0.194081 0.972009 -4.691200 0.000000 0.000000 0.000000 1.000000
0.989923 0.075733 0.119656 -0.000000 -0.050362 0.978015 -0.202363 26.776300 -0.132351 0.194298 0.971973 -4.691200 0.000000 0.000000 0.000000 1.000000
0.989950 0.075585 0.119525 0.000000 -0.050195 0.977952 -0.202706 26.776300 -0.132211 0.194669 0.971918 -4.691200 0.000000 0.000000 0.000000 1.000000
0.989986 0.075465 0.119297 0.000000 -0.050061 0.977866 -0.203155 26.776300 -0.131988 0.195148 0.971852 -4.691200 0.000000 0.000000 0.000000 1.000000
0.990011 0.075400 0.119133 0.000000 -0.049964 0.977773 -0.203627 26.776300 -0.131838 0.195641 0.971773 -4.691200 0.000000 0.000000 0.000000 1.000000
0.990025 0.075320 0.119066 0.000000 -0.049827 0.977669 -0.204160 26.776300 -0.131784 0.196191 0.971670 -4.691200 0.000000 0.000000 0.000000 1.000000
0.990049 0.075222 0.118931 0.000000 -0.049664 0.977534 -0.204844 26.776300 -0.131667 0.196899 0.971542 -4.691200 0.000000 0.000000 0.000000 1.000000
0.990070 0.075253 0.118733 -0.000000 -0.049638 0.977386 -0.205555 26.776300 -0.131516 0.197620 0.971416 -4.691200 0.000000 0.000000 0.000000 1.000000
0.990059 0.075491 0.118675 0.000000 -0.049798 0.977244 -0.206192 26.776300 -0.131540 0.198233 0.971288 -4.691200 0.000000 0.000000 0.000000 1.000000
0.990040 0.075705 0.118699 0.000000 -0.049910 0.977090 -0.206894 26.776300 -0.131643 0.198909 0.971136 -4.691200 0.000000 0.000000 0.000000 1.000000
0.990048 0.075619 0.118685 -0.000000 -0.049729 0.976944 -0.207624 26.776300 -0.131649 0.199656 0.970982 -4.691200 0.000000 0.000000 0.000000 1.000000
0.990064 0.075487 0.118639 0.000000 -0.049525 0.976824 -0.208237 26.776300 -0.131609 0.200292 0.970856 -4.691200 0.000000 0.000000 0.000000 1.000000
0.990045 0.075713 0.118654 0.000000 -0.049665 0.976691 -0.208826 26.776300 -0.131699 0.200855 0.970728 -4.691200 0.000000 0.000000 0.000000 1.000000
0.990007 0.076096 0.118723 0.000000 -0.049943 0.976541 -0.209458 26.776300 -0.131877 0.201435 0.970584 -4.691200 0.000000 0.000000 0.000000 1.000000
0.989985 0.076351 0.118744 0.000000 -0.050111 0.976408 -0.210039 26.776300 -0.131979 0.201985 0.970455 -4.691200 0.000000 0.000000 0.000000 1.000000
0.989976 0.076479 0.118733 0.000000 -0.050171 0.976297 -0.210540 26.776300 -0.132021 0.202473 0.970348 -4.691200 0.000000 0.000000 0.000000 1.000000
