<?xml version="1.0" encoding="utf-8"?>
<COLLADA xmlns="http://www.collada.org/2005/11/COLLADASchema" version="1.4.1">
  <asset>
    <contributor>
      <author>Mixamo</author>
      <authoring_tool>COLLADA Mixamo exporter</authoring_tool>
      <comments/>
    </contributor>
    <created>2025-04-29T22:43:57Z</created>
    <modified>2025-04-29T22:43:57Z</modified>
    <revision/>
    <title/>
    <unit meter="0.010000"/>
    <up_axis>Y_UP</up_axis>
  </asset>
  <library_animations>
    <animation id="mixamorig_Hips-anim" name="mixamorig_Hips">
      <source id="mixamorig_Hips-Matrix-animation-input">
        <float_array id="mixamorig_Hips-Matrix-animation-input-array" count="131">

0.000000 0.033333 0.066667 0.100000 0.133333 0.166667 0.200000 0.233333 0.266667 0.300000 0.333333 0.366667 0.400000 0.433333 0.466667 0.500000
0.533333 0.566667 0.600000 0.633333 0.666667 0.700000 0.733333 0.766667 0.800000 0.833333 0.866667 0.900000 0.933333 0.966667 1.000000 1.033333
1.066667 1.100000 1.133333 1.166667 1.200000 1.233333 1.266667 1.300000 1.333333 1.366667 1.400000 1.433333 1.466667 1.500000 1.533333 1.566667
1.600000 1.633333 1.666667 1.700000 1.733333 1.766667 1.800000 1.833333 1.866667 1.900000 1.933333 1.966667 2.000000 2.033333 2.066667 2.100000
2.133333 2.166667 2.200000 2.233333 2.266667 2.300000 2.333333 2.366667 2.400000 2.433333 2.466667 2.500000 2.533333 2.566667 2.600000 2.633333
2.666667 2.700000 2.733333 2.766667 2.800000 2.833333 2.866667 2.900000 2.933333 2.966667 3.000000 3.033333 3.066667 3.100000 3.133333 3.166667
3.200000 3.233333 3.266667 3.300000 3.333333 3.366667 3.400000 3.433333 3.466667 3.500000 3.533333 3.566667 3.600000 3.633333 3.666667 3.700000
3.733333 3.766667 3.800000 3.833333 3.866667 3.900000 3.933333 3.966667 4.000000 4.033333 4.066667 4.100000 4.133333 4.166667 4.200000 4.233333
4.266667 4.300000 4.333333</float_array>
        <technique_common>
          <accessor source="#mixamorig_Hips-Matrix-animation-input-array" count="131">
            <param name="TIME" type="float"/>
          </accessor>
        </technique_common>
      </source>
      <source id="mixamorig_Hips-Matrix-animation-output-transform">
        <float_array id="mixamorig_Hips-Matrix-animation-output-transform-array" count="2096">

0.915074 -0.000786 -0.403285 0.635669 0.008296 0.999823 0.016875 92.662605 0.403200 -0.018788 0.914919 3.906305 0.000000 0.000000 0.000000 1.000000
0.915487 0.000158 -0.402347 0.612652 0.006758 0.999853 0.015769 92.644241 0.402290 -0.017155 0.915351 3.985831 0.000000 0.000000 0.000000 1.000000
0.917635 0.001804 -0.397419 0.569723 0.004626 0.999873 0.015220 92.532387 0.397397 -0.015805 0.917511 4.189733 0.000000 0.000000 0.000000 1.000000
0.922344 0.003956 -0.386350 0.522476 0.002794 0.999853 0.016908 92.242767 0.386360 -0.016674 0.922197 4.648111 0.000000 0.000000 0.000000 1.000000
0.930028 0.005678 -0.367445 0.489282 0.003165 0.999720 0.023458 91.824646 0.367475 -0.022980 0.929749 5.505169 0.000000 0.000000 0.000000 1.000000
0.940351 0.006295 -0.340149 0.481155 0.007312 0.999224 0.038706 91.532211 0.340128 -0.038885 0.939575 6.847425 0.000000 0.000000 0.000000 1.000000
0.952425 0.005213 -0.304727 0.468769 0.015959 0.997629 0.066946 91.541901 0.304353 -0.068624 0.950084 8.667222 0.000000 0.000000 0.000000 1.000000
0.964710 0.002575 -0.263301 0.382066 0.027467 0.993513 0.110353 91.869621 0.261877 -0.113691 0.958381 10.842417 0.000000 0.000000 0.000000 1.000000
0.975354 0.002083 -0.220636 0.211683 0.035304 0.985599 0.165373 92.443550 0.217803 -0.169086 0.961234 13.109168 0.000000 0.000000 0.000000 1.000000
0.982536 0.001506 -0.186065 -0.084840 0.040811 0.973874 0.223393 93.147682 0.181540 -0.227085 0.956805 15.204362 0.000000 0.000000 0.000000 1.000000
0.986906 0.006904 -0.161151 -0.400312 0.038167 0.960715 0.274900 93.687668 0.156718 -0.277451 0.947871 16.921024 0.000000 0.000000 0.000000 1.000000
0.989260 0.018305 -0.145014 -0.738124 0.028399 0.949149 0.313543 93.942528 0.143380 -0.314294 0.938436 18.208487 0.000000 0.000000 0.000000 1.000000
0.989627 0.030048 -0.140480 -1.154496 0.019135 0.941595 0.336202 93.909325 0.142378 -0.335403 0.931254 19.094343 0.000000 0.000000 0.000000 1.000000
0.988180 0.040485 -0.147857 -1.621350 0.012822 0.939292 0.342879 93.615883 0.152762 -0.340722 0.927670 19.615673 0.000000 0.000000 0.000000 1.000000
0.985293 0.049222 -0.163629 -2.096026 0.009042 0.941251 0.337587 93.173912 0.170632 -0.334102 0.926963 19.851837 0.000000 0.000000 0.000000 1.000000
0.981750 0.055332 -0.181949 -2.576590 0.007283 0.945098 0.326707 92.741493 0.190037 -0.322070 0.927447 19.924339 0.000000 0.000000 0.000000 1.000000
0.978700 0.059017 -0.196631 -3.049555 0.006158 0.948920 0.315457 92.402878 0.205205 -0.309949 0.928344 19.949823 0.000000 0.000000 0.000000 1.000000
0.976900 0.060474 -0.204961 -3.513942 0.005367 0.951878 0.306432 92.165558 0.213629 -0.300453 0.929565 19.995663 0.000000 0.000000 0.000000 1.000000
0.976334 0.059495 -0.207922 -3.985793 0.005737 0.953952 0.299904 91.995506 0.216190 -0.293999 0.931035 20.076031 0.000000 0.000000 0.000000 1.000000
0.976579 0.056801 -0.207526 -4.463569 0.007072 0.955529 0.294813 91.833130 0.215043 -0.289376 0.932748 20.180077 0.000000 0.000000 0.000000 1.000000
0.977074 0.053541 -0.206057 -4.936767 0.008683 0.957034 0.289845 91.637695 0.212722 -0.284989 0.934628 20.291149 0.000000 0.000000 0.000000 1.000000
0.977335 0.050162 -0.205668 -5.399459 0.010513 0.958822 0.283814 91.397354 0.211435 -0.279543 0.936563 20.392208 0.000000 0.000000 0.000000 1.000000
0.977130 0.046244 -0.207553 -5.849164 0.013121 0.961094 0.275910 91.119034 0.212237 -0.272323 0.938507 20.472898 0.000000 0.000000 0.000000 1.000000
0.976409 0.041087 -0.211983 -6.286290 0.017282 0.963711 0.266389 90.823044 0.215236 -0.263768 0.940266 20.528971 0.000000 0.000000 0.000000 1.000000
0.975296 0.034954 -0.218117 -6.706958 0.022767 0.966238 0.256642 90.522476 0.219724 -0.255268 0.941573 20.560213 0.000000 0.000000 0.000000 1.000000
0.974123 0.028767 -0.224181 -7.115600 0.028566 0.968244 0.248369 90.253151 0.224207 -0.248346 0.942367 20.586628 0.000000 0.000000 0.000000 1.000000
0.973188 0.023153 -0.228842 -7.521540 0.033956 0.969558 0.242496 90.048981 0.227491 -0.243764 0.942776 20.632942 0.000000 0.000000 0.000000 1.000000
0.972589 0.018147 -0.231824 -7.932226 0.038860 0.970246 0.238983 89.941582 0.229263 -0.241440 0.942945 20.713802 0.000000 0.000000 0.000000 1.000000
0.972316 0.013550 -0.233278 -8.358880 0.043422 0.970452 0.237354 89.950813 0.229602 -0.240913 0.942997 20.838472 0.000000 0.000000 0.000000 1.000000
0.972198 0.008875 -0.233994 -8.810313 0.048178 0.970321 0.236974 90.043724 0.229152 -0.241659 0.942916 21.002295 0.000000 0.000000 0.000000 1.000000
0.972074 0.004067 -0.234640 -9.277352 0.053184 0.970017 0.237147 90.157753 0.228569 -0.243003 0.942712 21.189978 0.000000 0.000000 0.000000 1.000000
0.971959 -0.000348 -0.235151 -9.746313 0.057771 0.969704 0.237353 90.252609 0.227945 -0.244282 0.942532 21.390936 0.000000 0.000000 0.000000 1.000000
0.971870 -0.004103 -0.235482 -10.204472 0.061579 0.969494 0.237253 90.315201 0.227325 -0.245079 0.942475 21.600615 0.000000 0.000000 0.000000 1.000000
0.971721 -0.007470 -0.236016 -10.640391 0.064931 0.969423 0.236649 90.353065 0.227031 -0.245281 0.942493 21.817577 0.000000 0.000000 0.000000 1.000000
0.971505 -0.010573 -0.236782 -11.047030 0.067970 0.969473 0.235588 90.381927 0.227063 -0.244969 0.942567 22.046978 0.000000 0.000000 0.000000 1.000000
0.971315 -0.013520 -0.237412 -11.418249 0.070777 0.969572 0.234353 90.402634 0.227020 -0.244434 0.942716 22.293163 0.000000 0.000000 0.000000 1.000000
0.971239 -0.016569 -0.237531 -11.740325 0.073614 0.969599 0.233364 90.404381 0.226443 -0.244138 0.942932 22.555243 0.000000 0.000000 0.000000 1.000000
0.971352 -0.019941 -0.236808 -12.008666 0.076694 0.969459 0.232952 90.392693 0.224930 -0.244440 0.943215 22.842018 0.000000 0.000000 0.000000 1.000000
0.971701 -0.023702 -0.235022 -12.226062 0.080036 0.969136 0.233173 90.358322 0.222242 -0.245385 0.943607 23.159624 0.000000 0.000000 0.000000 1.000000
0.972261 -0.027821 -0.232240 -12.397540 0.083601 0.968647 0.233955 90.301109 0.218450 -0.246880 0.944103 23.511347 0.000000 0.000000 0.000000 1.000000
0.972885 -0.032795 -0.228951 -12.536500 0.087971 0.967965 0.235168 90.260368 0.213904 -0.248933 0.944604 23.917070 0.000000 0.000000 0.000000 1.000000
0.973532 -0.039151 -0.225173 -12.640370 0.093623 0.967079 0.236630 90.237068 0.208496 -0.251448 0.945147 24.393549 0.000000 0.000000 0.000000 1.000000
0.974281 -0.047065 -0.220365 -12.678851 0.100501 0.966049 0.238010 90.174072 0.201681 -0.254036 0.945934 24.936737 0.000000 0.000000 0.000000 1.000000
0.975026 -0.056811 -0.214704 -12.635875 0.108747 0.965034 0.238501 90.043343 0.193647 -0.255893 0.947111 25.539461 0.000000 0.000000 0.000000 1.000000
0.975496 -0.068495 -0.209083 -12.506100 0.118544 0.964199 0.237206 89.890213 0.185351 -0.256179 0.948692 26.202196 0.000000 0.000000 0.000000 1.000000
0.975367 -0.080550 -0.205357 -12.311695 0.128875 0.963625 0.234131 89.771805 0.179028 -0.254829 0.950269 26.920818 0.000000 0.000000 0.000000 1.000000
0.974625 -0.092092 -0.204022 -12.080539 0.139118 0.963247 0.229785 89.684227 0.175362 -0.252337 0.951617 27.682028 0.000000 0.000000 0.000000 1.000000
0.973563 -0.102226 -0.204268 -11.812432 0.148271 0.963081 0.224702 89.584572 0.173756 -0.249048 0.952777 28.477392 0.000000 0.000000 0.000000 1.000000
0.972391 -0.110637 -0.205465 -11.508529 0.155919 0.963120 0.219294 89.439522 0.173625 -0.245275 0.953779 29.306362 0.000000 0.000000 0.000000 1.000000
0.971145 -0.117866 -0.207329 -11.179441 0.162539 0.963277 0.213727 89.246574 0.174524 -0.241259 0.954639 30.180693 0.000000 0.000000 0.000000 1.000000
0.969708 -0.124934 -0.209897 -10.835074 0.169194 0.963325 0.208276 89.025169 0.176179 -0.237481 0.955282 31.123167 0.000000 0.000000 0.000000 1.000000
0.967925 -0.132591 -0.213405 -10.480580 0.176787 0.962975 0.203533 88.796669 0.178517 -0.234732 0.955527 32.156288 0.000000 0.000000 0.000000 1.000000
0.965889 -0.141088 -0.217145 -10.099569 0.185500 0.962069 0.200031 88.565468 0.180687 -0.233489 0.955424 33.306400 0.000000 0.000000 0.000000 1.000000
0.963679 -0.151084 -0.220217 -9.676194 0.195897 0.960347 0.198388 88.329117 0.181512 -0.234322 0.955064 34.606159 0.000000 0.000000 0.000000 1.000000
0.961329 -0.163109 -0.221908 -9.213095 0.208485 0.957483 0.199401 88.070587 0.179949 -0.237955 0.954461 36.074406 0.000000 0.000000 0.000000 1.000000
0.959258 -0.176505 -0.220614 -8.707873 0.222352 0.953372 0.204061 87.737686 0.174310 -0.244801 0.953776 37.712860 0.000000 0.000000 0.000000 1.000000
0.958286 -0.189300 -0.214132 -8.160029 0.235046 0.948219 0.213622 87.257103 0.162606 -0.255042 0.953160 39.500103 0.000000 0.000000 0.000000 1.000000
0.959193 -0.199418 -0.200454 -7.591388 0.243790 0.942396 0.229035 86.592575 0.143233 -0.268557 0.952555 41.414440 0.000000 0.000000 0.000000 1.000000
0.962085 -0.206206 -0.178526 -7.024334 0.247013 0.936283 0.249715 85.751297 0.115658 -0.284346 0.951720 43.482014 0.000000 0.000000 0.000000 1.000000
0.966150 -0.210519 -0.149118 -6.457244 0.244864 0.930282 0.273162 84.690239 0.081216 -0.300429 0.950340 45.756916 0.000000 0.000000 0.000000 1.000000
0.970129 -0.213875 -0.114486 -5.882724 0.238812 0.924937 0.295736 83.356674 0.042641 -0.314243 0.948385 48.252113 0.000000 0.000000 0.000000 1.000000
0.973666 -0.215082 -0.075588 -5.284734 0.227968 0.921597 0.314148 81.590538 0.002094 -0.323107 0.946360 50.894794 0.000000 0.000000 0.000000 1.000000
0.976755 -0.211760 -0.033287 -4.679542 0.210868 0.921268 0.326803 79.200104 -0.038537 -0.326226 0.944506 53.586296 0.000000 0.000000 0.000000 1.000000
0.978726 -0.204869 0.011100 -4.184476 0.189472 0.923276 0.334158 76.221664 -0.078707 -0.324946 0.942452 56.227528 0.000000 0.000000 0.000000 1.000000
0.978657 -0.197259 0.057621 -4.039129 0.167002 0.926801 0.336377 72.838615 -0.119757 -0.319575 0.939963 58.691128 0.000000 0.000000 0.000000 1.000000
0.977071 -0.185733 0.104093 -4.012718 0.142059 0.932857 0.331055 68.557846 -0.158592 -0.308677 0.937852 61.114334 0.000000 0.000000 0.000000 1.000000
0.973781 -0.179027 0.140355 -4.170399 0.127565 0.940581 0.314698 63.655327 -0.188355 -0.288543 0.938757 63.476608 0.000000 0.000000 0.000000 1.000000
0.969044 -0.185804 0.162572 -4.721695 0.133654 0.948462 0.287328 58.758175 -0.207580 -0.256705 0.943935 65.617508 0.000000 0.000000 0.000000 1.000000
0.962873 -0.203815 0.177017 -5.436547 0.156058 0.955309 0.251059 54.201096 -0.220275 -0.214113 0.951648 67.476257 0.000000 0.000000 0.000000 1.000000
0.955283 -0.229762 0.186127 -6.075633 0.190424 0.959585 0.207209 50.159332 -0.226214 -0.162500 0.960428 68.998413 0.000000 0.000000 0.000000 1.000000
0.947895 -0.257171 0.188035 -6.595578 0.229270 0.960477 0.157859 46.958977 -0.221200 -0.106523 0.969393 70.097527 0.000000 0.000000 0.000000 1.000000
0.943898 -0.276353 0.180792 -6.989065 0.260483 0.959554 0.106791 45.194118 -0.202991 -0.053707 0.977707 70.872231 0.000000 0.000000 0.000000 1.000000
0.944199 -0.284552 0.165888 -7.363326 0.278373 0.958604 0.059884 45.101486 -0.176062 -0.010364 0.984325 71.574539 0.000000 0.000000 0.000000 1.000000
0.946211 -0.286422 0.150490 -7.671663 0.286028 0.957902 0.024726 46.100380 -0.151237 0.019648 0.988302 72.517120 0.000000 0.000000 0.000000 1.000000
0.948666 -0.283131 0.140957 -7.865352 0.285780 0.958294 0.001510 47.529026 -0.135506 0.038850 0.990015 73.748657 0.000000 0.000000 0.000000 1.000000
0.949861 -0.280465 0.138214 -8.216346 0.285063 0.958403 -0.014265 48.650707 -0.128464 0.052949 0.990300 75.343964 0.000000 0.000000 0.000000 1.000000
0.949377 -0.281211 0.140016 -8.747003 0.287495 0.957417 -0.026461 49.167721 -0.126612 0.065375 0.989796 77.133720 0.000000 0.000000 0.000000 1.000000
0.948178 -0.283638 0.143206 -9.328875 0.291569 0.955820 -0.037373 49.234497 -0.126279 0.077190 0.988987 78.937126 0.000000 0.000000 0.000000 1.000000
0.947244 -0.285402 0.145861 -9.873808 0.295145 0.954156 -0.049750 49.124329 -0.124976 0.090176 0.988053 80.660690 0.000000 0.000000 0.000000 1.000000
0.947293 -0.284843 0.146629 -10.320343 0.296694 0.952683 -0.066090 49.073547 -0.120866 0.106111 0.986981 82.277298 0.000000 0.000000 0.000000 1.000000
0.948641 -0.281434 0.144480 -10.645094 0.295500 0.951369 -0.087041 49.183773 -0.112957 0.125265 0.985672 83.807274 0.000000 0.000000 0.000000 1.000000
0.950944 -0.276359 0.139039 -10.869843 0.292376 0.949726 -0.111968 49.364338 -0.101105 0.147127 0.983937 85.280655 0.000000 0.000000 0.000000 1.000000
0.953537 -0.271355 0.130897 -10.993237 0.288664 0.947277 -0.139064 49.488903 -0.086260 0.170388 0.981594 86.752464 0.000000 0.000000 0.000000 1.000000
0.955864 -0.267396 0.121751 -11.034056 0.285219 0.943971 -0.166042 49.500397 -0.070531 0.193440 0.978574 88.268982 0.000000 0.000000 0.000000 1.000000
0.957569 -0.265062 0.113149 -11.033059 0.282788 0.939882 -0.191449 49.396324 -0.055601 0.215323 0.974959 89.856651 0.000000 0.000000 0.000000 1.000000
0.958643 -0.264151 0.105958 -10.991200 0.281439 0.935241 -0.214748 49.198929 -0.042370 0.235687 0.970905 91.543938 0.000000 0.000000 0.000000 1.000000
0.959446 -0.263573 0.099960 -10.898645 0.280209 0.930425 -0.236204 48.933556 -0.030749 0.254634 0.966548 93.364990 0.000000 0.000000 0.000000 1.000000
0.960444 -0.262378 0.093300 -10.764390 0.277845 0.925381 -0.257822 48.580013 -0.018692 0.273546 0.961677 95.324417 0.000000 0.000000 0.000000 1.000000
0.962038 -0.259927 0.083186 -10.611809 0.272898 0.919588 -0.282640 48.078934 -0.003031 0.294611 0.955612 97.409134 0.000000 0.000000 0.000000 1.000000
0.964364 -0.255847 0.067407 -10.442566 0.263931 0.912457 -0.312670 47.392605 0.018490 0.319319 0.947467 99.606712 0.000000 0.000000 0.000000 1.000000
0.967320 -0.249511 0.045121 -10.246666 0.249315 0.903536 -0.348518 46.535957 0.046191 0.348378 0.936216 101.928322 0.000000 0.000000 0.000000 1.000000
0.970394 -0.240985 0.016197 -10.049243 0.228077 0.892218 -0.389779 45.172615 0.079480 0.381933 0.920766 104.422028 0.000000 0.000000 0.000000 1.000000
0.972993 -0.230018 -0.019401 -9.796812 0.198828 0.877813 -0.435789 43.564598 0.117270 0.420162 0.899840 107.081650 0.000000 0.000000 0.000000 1.000000
0.973760 -0.218741 -0.062795 -9.503722 0.161478 0.858547 -0.486643 41.796879 0.160362 0.463734 0.871341 109.713837 0.000000 0.000000 0.000000 1.000000
0.972378 -0.205556 -0.110581 -9.167768 0.114647 0.833280 -0.540834 39.867302 0.203317 0.513217 0.833829 112.320854 0.000000 0.000000 0.000000 1.000000
0.969248 -0.190630 -0.155626 -8.814739 0.061098 0.799010 -0.598205 37.820229 0.238383 0.570301 0.786086 114.917122 0.000000 0.000000 0.000000 1.000000
0.965872 -0.177197 -0.188923 -8.418232 0.008899 0.751649 -0.659504 35.684937 0.258866 0.635315 0.727573 117.439407 0.000000 0.000000 0.000000 1.000000
0.965131 -0.170001 -0.199054 -7.984656 -0.028809 0.686819 -0.726257 33.480408 0.260179 0.706667 0.657973 119.852417 0.000000 0.000000 0.000000 1.000000
0.968714 -0.174213 -0.176758 -7.887641 -0.037116 0.602510 -0.797248 31.273777 0.245389 0.778866 0.577193 122.285667 0.000000 0.000000 0.000000 1.000000
0.975112 -0.186871 -0.119311 -8.173206 -0.009707 0.501638 -0.865023 28.485294 0.221499 0.844653 0.487340 124.796326 0.000000 0.000000 0.000000 1.000000
0.979650 -0.197412 -0.036245 -8.537064 0.044363 0.389088 -0.920132 25.544958 0.195748 0.899799 0.389928 127.490334 0.000000 0.000000 0.000000 1.000000
0.978567 -0.199531 0.050942 -8.785639 0.105063 0.270976 -0.956835 22.396870 0.177114 0.941679 0.286131 130.364273 0.000000 0.000000 0.000000 1.000000
0.972947 -0.197057 0.120597 -8.991404 0.153384 0.160610 -0.975027 19.338985 0.172767 0.967147 0.186490 133.033966 0.000000 0.000000 0.000000 1.000000
0.967875 -0.193610 0.160416 -9.307096 0.176608 0.069378 -0.981833 16.868792 0.178964 0.978622 0.101342 135.378540 0.000000 0.000000 0.000000 1.000000
0.967960 -0.189402 0.164867 -9.880212 0.168410 0.002654 -0.985713 15.249299 0.186258 0.981896 0.034466 137.728653 0.000000 0.000000 0.000000 1.000000
0.972182 -0.186500 0.141702 -10.762753 0.137266 -0.036553 -0.989860 14.547932 0.189788 0.981775 -0.009936 140.185562 0.000000 0.000000 0.000000 1.000000
0.976656 -0.185247 0.108752 -11.810081 0.100299 -0.054434 -0.993467 14.606371 0.189957 0.981183 -0.034583 142.396439 0.000000 0.000000 0.000000 1.000000
0.980339 -0.181593 0.077194 -12.697588 0.067128 -0.060948 -0.995881 14.981384 0.185549 0.981483 -0.047559 144.341904 0.000000 0.000000 0.000000 1.000000
0.983438 -0.173782 0.051476 -13.276409 0.041321 -0.061558 -0.997248 15.281826 0.176472 0.982858 -0.053358 145.878738 0.000000 0.000000 0.000000 1.000000
0.986101 -0.162277 0.035663 -13.614792 0.026350 -0.059185 -0.997899 15.274348 0.164047 0.984969 -0.054086 146.971237 0.000000 0.000000 0.000000 1.000000
0.988239 -0.149579 0.031785 -13.824669 0.023665 -0.055759 -0.998164 14.977728 0.151076 0.987176 -0.051564 147.509232 0.000000 0.000000 0.000000 1.000000
0.989625 -0.138999 0.036360 -13.960941 0.029348 -0.052172 -0.998207 14.571547 0.140647 0.988917 -0.047551 147.639740 0.000000 0.000000 0.000000 1.000000
0.990090 -0.133863 0.042451 -14.076200 0.036124 -0.049347 -0.998128 14.218815 0.135707 0.989770 -0.044023 147.534317 0.000000 0.000000 0.000000 1.000000
0.990019 -0.133460 0.045287 -14.154636 0.039199 -0.047898 -0.998083 13.973116 0.135373 0.989896 -0.042189 147.239471 0.000000 0.000000 0.000000 1.000000
0.990003 -0.133987 0.044055 -14.124840 0.038025 -0.047240 -0.998160 13.814631 0.135821 0.989857 -0.041673 146.830688 0.000000 0.000000 0.000000 1.000000
0.989929 -0.135512 0.040945 -14.052291 0.034928 -0.046486 -0.998308 13.716223 0.137186 0.989685 -0.041285 146.346207 0.000000 0.000000 0.000000 1.000000
0.989633 -0.138275 0.038810 -14.021091 0.032819 -0.045344 -0.998432 13.669146 0.139818 0.989355 -0.040336 145.860916 0.000000 0.000000 0.000000 1.000000
0.989223 -0.141382 0.038074 -14.050250 0.032090 -0.044368 -0.998500 13.655649 0.142859 0.988960 -0.039353 145.442459 0.000000 0.000000 0.000000 1.000000
0.988803 -0.144301 0.038018 -14.107307 0.031928 -0.044290 -0.998508 13.662432 0.145770 0.988542 -0.039187 145.136597 0.000000 0.000000 0.000000 1.000000
0.988845 -0.144056 0.037861 -14.146578 0.031594 -0.045547 -0.998462 13.673521 0.145559 0.988521 -0.040487 145.029129 0.000000 0.000000 0.000000 1.000000
0.989356 -0.140653 0.037299 -14.166520 0.030833 -0.047878 -0.998377 13.682220 0.142211 0.988901 -0.043032 145.093063 0.000000 0.000000 0.000000 1.000000
0.990108 -0.135482 0.036487 -14.174433 0.029879 -0.050492 -0.998277 13.686469 0.137091 0.989492 -0.045944 145.250824 0.000000 0.000000 0.000000 1.000000
0.990774 -0.130677 0.035911 -14.181693 0.029208 -0.052860 -0.998175 13.687357 0.132337 0.990015 -0.048556 145.432236 0.000000 0.000000 0.000000 1.000000
0.991064 -0.128488 0.035832 -14.203862 0.028975 -0.054852 -0.998074 13.685591 0.130206 0.990193 -0.050639 145.568588 0.000000 0.000000 0.000000 1.000000
0.991088 -0.128217 0.036119 -14.223086 0.029080 -0.056351 -0.997987 13.680920 0.129994 0.990144 -0.052120 145.640228 0.000000 0.000000 0.000000 1.000000
0.990989 -0.128871 0.036509 -14.237474 0.029312 -0.057313 -0.997926 13.673333 0.130696 0.990004 -0.053019 145.660004 0.000000 0.000000 0.000000 1.000000
0.990915 -0.129375 0.036743 -14.240821 0.029483 -0.057588 -0.997905 13.666399 0.131220 0.989922 -0.053251 145.656647 0.000000 0.000000 0.000000 1.000000
0.990930 -0.129277 0.036672 -14.228357 0.029477 -0.057143 -0.997931 13.660572 0.131105 0.989961 -0.052814 145.639297 0.000000 0.000000 0.000000 1.000000
0.991005 -0.128783 0.036390 -14.214041 0.029324 -0.056344 -0.997981 13.655253 0.130573 0.990071 -0.052060 145.614105 0.000000 0.000000 0.000000 1.000000
0.991096 -0.128186 0.036012 -14.204309 0.029075 -0.055584 -0.998031 13.651861 0.129935 0.990191 -0.051363 145.587021 0.000000 0.000000 0.000000 1.000000
0.991184 -0.127624 0.035576 -14.193262 0.028734 -0.055056 -0.998070 13.649326 0.129337 0.990293 -0.050904 145.556656 0.000000 0.000000 0.000000 1.000000</float_array>
        <technique_common>
          <accessor source="#mixamorig_Hips-Matrix-animation-output-transform-array" count="131" stride="16">
            <param type="float4x4"/>
          </accessor>
        </technique_common>
      </source>
      <source id="mixamorig_Hips-Interpolations">
        <Name_array id="mixamorig_Hips-Interpolations-array" count="131">
 LINEAR LINEAR LINEAR LINEAR LINEAR LINEAR LINEAR LINEAR LINEAR LINEAR LINEAR
LINEAR LINEAR LINEAR LINEAR LINEAR LINEAR LINEAR LINEAR LINEAR LINEAR LINEAR LINEAR
LINEAR LINEAR LINEAR LINEAR LINEAR LINEAR LINEAR LINEAR LINEAR LINEAR LINEAR LINEAR
LINEAR LINEAR LINEAR LINEAR LINEAR LINEAR LINEAR LINEAR LINEAR LINEAR LINEAR LINEAR
LINEAR LINEAR LINEAR LINEAR LINEAR LINEAR LINEAR LINEAR LINEAR LINEAR LINEAR LINEAR
LINEAR LINEAR LINEAR LINEAR LINEAR LINEAR LINEAR LINEAR LINEAR LINEAR LINEAR LINEAR
LINEAR LINEAR LINEAR LINEAR LINEAR LINEAR LINEAR LINEAR LINEAR LINEAR LINEAR LINEAR
LINEAR LINEAR LINEAR LINEAR LINEAR LINEAR LINEAR LINEAR LINEAR LINEAR LINEAR LINEAR
LINEAR LINEAR LINEAR LINEAR LINEAR LINEAR LINEAR LINEAR LINEAR LINEAR LINEAR LINEAR
LINEAR LINEAR LINEAR LINEAR LINEAR LINEAR LINEAR LINEAR LINEAR LINEAR LINEAR LINEAR
LINEAR LINEAR LINEAR LINEAR LINEAR LINEAR LINEAR LINEAR LINEAR LINEAR LINEAR LINEAR</Name_array>
        <technique_common>
          <accessor source="#mixamorig_Hips-Interpolations-array" count="131">
            <param type="name"/>
          </accessor>
        </technique_common>
      </source>
      <sampler id="mixamorig_Hips-Matrix-animation-transform">
        <input semantic="INPUT" source="#mixamorig_Hips-Matrix-animation-input"/>
        <input semantic="OUTPUT" source="#mixamorig_Hips-Matrix-animation-output-transform"/>
        <input semantic="INTERPOLATION" source="#mixamorig_Hips-Interpolations"/>
      </sampler>
      <channel source="#mixamorig_Hips-Matrix-animation-transform" target="mixamorig_Hips/matrix"/>
    </animation>
    <animation id="mixamorig_Spine-anim" name="mixamorig_Spine">
      <source id="mixamorig_Spine-Matrix-animation-input">
        <float_array id="mixamorig_Spine-Matrix-animation-input-array" count="131">

0.000000 0.033333 0.066667 0.100000 0.133333 0.166667 0.200000 0.233333 0.266667 0.300000 0.333333 0.366667 0.400000 0.433333 0.466667 0.500000
0.533333 0.566667 0.600000 0.633333 0.666667 0.700000 0.733333 0.766667 0.800000 0.833333 0.866667 0.900000 0.933333 0.966667 1.000000 1.033333
1.066667 1.100000 1.133333 1.166667 1.200000 1.233333 1.266667 1.300000 1.333333 1.366667 1.400000 1.433333 1.466667 1.500000 1.533333 1.566667
1.600000 1.633333 1.666667 1.700000 1.733333 1.766667 1.800000 1.833333 1.866667 1.900000 1.933333 1.966667 2.000000 2.033333 2.066667 2.100000
2.133333 2.166667 2.200000 2.233333 2.266667 2.300000 2.333333 2.366667 2.400000 2.433333 2.466667 2.500000 2.533333 2.566667 2.600000 2.633333
2.666667 2.700000 2.733333 2.766667 2.800000 2.833333 2.866667 2.900000 2.933333 2.966667 3.000000 3.033333 3.066667 3.100000 3.133333 3.166667
3.200000 3.233333 3.266667 3.300000 3.333333 3.366667 3.400000 3.433333 3.466667 3.500000 3.533333 3.566667 3.600000 3.633333 3.666667 3.700000
3.733333 3.766667 3.800000 3.833333 3.866667 3.900000 3.933333 3.966667 4.000000 4.033333 4.066667 4.100000 4.133333 4.166667 4.200000 4.233333
4.266667 4.300000 4.333333</float_array>
        <technique_common>
          <accessor source="#mixamorig_Spine-Matrix-animation-input-array" count="131">
            <param name="TIME" type="float"/>
          </accessor>
        </technique_common>
      </source>
      <source id="mixamorig_Spine-Matrix-animation-output-transform">
        <float_array id="mixamorig_Spine-Matrix-animation-output-transform-array" count="2096">

0.996120 -0.044731 0.075785 0.000000 0.040023 0.997240 0.062533 10.871300 -0.078373 -0.059257 0.995161 -0.951400 0.000000 0.000000 0.000000 1.000000
0.996157 -0.044417 0.075490 0.000000 0.039702 0.997233 0.062844 10.871300 -0.078073 -0.059605 0.995164 -0.951400 0.000000 0.000000 0.000000 1.000000
0.996224 -0.044807 0.074367 0.000000 0.040007 0.997094 0.064825 10.871300 -0.077055 -0.061605 0.995122 -0.951400 0.000000 0.000000 0.000000 1.000000
0.996295 -0.047356 0.071786 0.000000 0.042340 0.996657 0.069866 10.871300 -0.074855 -0.066568 0.994970 -0.951400 0.000000 0.000000 0.000000 1.000000
0.996319 -0.053192 0.067221 -0.000000 0.047820 0.995716 0.079136 10.871300 -0.071142 -0.075630 0.994595 -0.951400 0.000000 0.000000 0.000000 1.000000
0.996200 -0.062978 0.060165 0.000000 0.057293 0.994114 0.091952 10.871300 -0.065601 -0.088155 0.993944 -0.951400 0.000000 0.000000 0.000000 1.000000
0.995872 -0.075720 0.050058 0.000000 0.070100 0.991911 0.105821 10.871300 -0.057665 -0.101875 0.993124 -0.951400 0.000000 0.000000 0.000000 1.000000
0.995387 -0.088578 0.036867 0.000000 0.083675 0.989466 0.118137 10.871300 -0.046943 -0.114507 0.992313 -0.951400 0.000000 0.000000 0.000000 1.000000
0.994655 -0.101053 0.021202 0.000000 0.097597 0.987163 0.126431 10.871300 -0.033706 -0.123686 0.991749 -0.951400 0.000000 0.000000 0.000000 1.000000
0.994280 -0.106458 0.008545 0.000000 0.104458 0.986017 0.129845 10.871300 -0.022249 -0.128210 0.991497 -0.951400 0.000000 0.000000 0.000000 1.000000
0.993715 -0.111914 -0.002383 0.000000 0.111285 0.985391 0.128921 10.871300 -0.012080 -0.128376 0.991652 -0.951400 0.000000 0.000000 0.000000 1.000000
0.992775 -0.119386 -0.011995 0.000000 0.119947 0.984869 0.125083 10.871300 -0.003120 -0.125618 0.992074 -0.951400 0.000000 0.000000 0.000000 1.000000
0.992022 -0.124871 -0.017307 -0.000000 0.126049 0.984651 0.120722 10.871300 0.001967 -0.121940 0.992535 -0.951400 0.000000 0.000000 0.000000 1.000000
0.991584 -0.128170 -0.018264 0.000000 0.129432 0.984592 0.117582 10.871300 0.002912 -0.118956 0.992895 -0.951400 0.000000 0.000000 0.000000 1.000000
0.991301 -0.130547 -0.016720 -0.000000 0.131607 0.984484 0.116067 10.871300 0.001309 -0.117258 0.993101 -0.951400 0.000000 0.000000 0.000000 1.000000
0.991104 -0.132325 -0.014226 0.000000 0.133081 0.984324 0.115737 10.871300 -0.001312 -0.116600 0.993178 -0.951400 0.000000 0.000000 0.000000 1.000000
0.990863 -0.134315 -0.012285 -0.000000 0.134830 0.984043 0.116103 10.871300 -0.003505 -0.116698 0.993161 -0.951400 0.000000 0.000000 0.000000 1.000000
0.990585 -0.136445 -0.011146 -0.000000 0.136808 0.983667 0.116974 10.871300 -0.004996 -0.117398 0.993072 -0.951400 0.000000 0.000000 0.000000 1.000000
0.990425 -0.137685 -0.010039 0.000000 0.137903 0.983373 0.118155 10.871300 -0.006396 -0.118408 0.992944 -0.951400 0.000000 0.000000 0.000000 1.000000
0.990349 -0.138306 -0.008910 -0.000000 0.138376 0.983167 0.119312 10.871300 -0.007742 -0.119393 0.992817 -0.951400 0.000000 0.000000 0.000000 1.000000
0.990241 -0.139135 -0.008034 0.000000 0.139087 0.982952 0.120249 10.871300 -0.008834 -0.120193 0.992711 -0.951400 0.000000 0.000000 0.000000 1.000000
0.990081 -0.140305 -0.007358 0.000000 0.140158 0.982694 0.121114 10.871300 -0.009762 -0.120944 0.992611 -0.951400 0.000000 0.000000 0.000000 1.000000
0.989848 -0.141969 -0.006770 -0.000000 0.141727 0.982335 0.122192 10.871300 -0.010697 -0.121911 0.992483 -0.951400 0.000000 0.000000 0.000000 1.000000
0.989580 -0.143861 -0.005965 -0.000000 0.143492 0.981920 0.123462 10.871300 -0.011905 -0.123031 0.992331 -0.951400 0.000000 0.000000 0.000000 1.000000
0.989325 -0.145645 -0.004887 -0.000000 0.145116 0.981554 0.124473 10.871300 -0.013332 -0.123853 0.992211 -0.951400 0.000000 0.000000 0.000000 1.000000
0.989080 -0.147332 -0.003806 0.000000 0.146650 0.981276 0.124865 10.871300 -0.014662 -0.124059 0.992166 -0.951400 0.000000 0.000000 0.000000 1.000000
0.988868 -0.148766 -0.002892 -0.000000 0.147962 0.981099 0.124705 10.871300 -0.015715 -0.123744 0.992190 -0.951400 0.000000 0.000000 0.000000 1.000000
0.988719 -0.149768 -0.002223 0.000000 0.148880 0.981007 0.124337 10.871300 -0.016441 -0.123265 0.992238 -0.951400 0.000000 0.000000 0.000000 1.000000
0.988627 -0.150379 -0.001872 0.000000 0.149447 0.980958 0.124046 10.871300 -0.016817 -0.122915 0.992275 -0.951400 0.000000 0.000000 0.000000 1.000000
0.988646 -0.150258 -0.001476 0.000000 0.149282 0.981007 0.123857 10.871300 -0.017163 -0.122671 0.992299 -0.951400 0.000000 0.000000 0.000000 1.000000
0.988762 -0.149496 -0.000817 0.000000 0.148448 0.981156 0.123681 10.871300 -0.017688 -0.122413 0.992322 -0.951400 0.000000 0.000000 0.000000 1.000000
0.988864 -0.148820 -0.000180 0.000000 0.147703 0.981290 0.123503 10.871300 -0.018203 -0.122155 0.992344 -0.951400 0.000000 0.000000 0.000000 1.000000
0.988897 -0.148606 0.000236 -0.000000 0.147442 0.981348 0.123359 10.871300 -0.018564 -0.121954 0.992362 -0.951400 0.000000 0.000000 0.000000 1.000000
0.988895 -0.148612 0.000559 0.000000 0.147409 0.981359 0.123307 10.871300 -0.018874 -0.121855 0.992368 -0.951400 0.000000 0.000000 0.000000 1.000000
0.988850 -0.148916 0.000702 0.000000 0.147691 0.981302 0.123421 10.871300 -0.019068 -0.121941 0.992354 -0.951400 0.000000 0.000000 0.000000 1.000000
0.988743 -0.149622 0.000501 0.000000 0.148412 0.981161 0.123681 10.871300 -0.018997 -0.122214 0.992322 -0.951400 0.000000 0.000000 0.000000 1.000000
0.988607 -0.150523 -0.000009 0.000000 0.149363 0.980979 0.123976 10.871300 -0.018652 -0.122565 0.992285 -0.951400 0.000000 0.000000 0.000000 1.000000
0.988479 -0.151357 -0.000674 0.000000 0.150265 0.980796 0.124337 10.871300 -0.018158 -0.123005 0.992240 -0.951400 0.000000 0.000000 0.000000 1.000000
0.988380 -0.152000 -0.001321 -0.000000 0.150975 0.980629 0.124793 10.871300 -0.017673 -0.123542 0.992182 -0.951400 0.000000 0.000000 0.000000 1.000000
0.988319 -0.152390 -0.001784 -0.000000 0.151408 0.980485 0.125401 10.871300 -0.017361 -0.124206 0.992105 -0.951400 0.000000 0.000000 0.000000 1.000000
0.988390 -0.151929 -0.001577 0.000000 0.150910 0.980445 0.126309 10.871300 -0.017644 -0.125080 0.991990 -0.951400 0.000000 0.000000 0.000000 1.000000
0.988619 -0.150438 -0.000717 -0.000000 0.149302 0.980551 0.127393 10.871300 -0.018462 -0.126050 0.991852 -0.951400 0.000000 0.000000 0.000000 1.000000
0.988884 -0.148689 -0.000152 0.000000 0.147479 0.980707 0.128309 10.871300 -0.018929 -0.126905 0.991734 -0.951400 0.000000 0.000000 0.000000 1.000000
0.989116 -0.147140 -0.000483 0.000000 0.145972 0.980838 0.129031 10.871300 -0.018512 -0.127697 0.991640 -0.951400 0.000000 0.000000 0.000000 1.000000
0.989324 -0.145723 -0.001566 0.000000 0.144691 0.980917 0.129868 10.871300 -0.017389 -0.128708 0.991530 -0.951400 0.000000 0.000000 0.000000 1.000000
0.989499 -0.144508 -0.002964 0.000000 0.143653 0.980971 0.130609 10.871300 -0.015966 -0.129663 0.991430 -0.951400 0.000000 0.000000 0.000000 1.000000
0.989692 -0.143153 -0.004172 0.000000 0.142463 0.981112 0.130860 10.871300 -0.014640 -0.130105 0.991392 -0.951400 0.000000 0.000000 0.000000 1.000000
0.989823 -0.142198 -0.005487 0.000000 0.141696 0.981300 0.130280 10.871300 -0.013141 -0.129732 0.991462 -0.951400 0.000000 0.000000 0.000000 1.000000
0.989863 -0.141848 -0.007149 0.000000 0.141581 0.981516 0.128765 10.871300 -0.011248 -0.128471 0.991649 -0.951400 0.000000 0.000000 0.000000 1.000000
0.989874 -0.141667 -0.008983 -0.000000 0.141658 0.981787 0.126596 10.871300 -0.009115 -0.126586 0.991914 -0.951400 0.000000 0.000000 0.000000 1.000000
0.989978 -0.140830 -0.010535 -0.000000 0.141042 0.982177 0.124237 10.871300 -0.007149 -0.124478 0.992197 -0.951400 0.000000 0.000000 0.000000 1.000000
0.990246 -0.138847 -0.011557 0.000000 0.139215 0.982727 0.121932 10.871300 -0.005572 -0.122352 0.992471 -0.951400 0.000000 0.000000 0.000000 1.000000
0.990648 -0.135885 -0.012342 0.000000 0.136382 0.983381 0.119842 10.871300 -0.004148 -0.120405 0.992716 -0.951400 0.000000 0.000000 0.000000 1.000000
0.991220 -0.131608 -0.012737 0.000000 0.132189 0.984161 0.118122 10.871300 -0.003010 -0.118768 0.992917 -0.951400 0.000000 0.000000 0.000000 1.000000
0.992026 -0.125436 -0.012229 0.000000 0.126004 0.985147 0.116656 10.871300 -0.002586 -0.117267 0.993097 -0.951400 0.000000 0.000000 0.000000 1.000000
0.992983 -0.117746 -0.011003 -0.000000 0.118228 0.986305 0.115000 10.871300 -0.002688 -0.115494 0.993305 -0.951400 0.000000 0.000000 0.000000 1.000000
0.993899 -0.109821 -0.010252 0.000000 0.110276 0.987530 0.112356 10.871300 -0.002215 -0.112801 0.993615 -0.951400 0.000000 0.000000 0.000000 1.000000
0.994590 -0.103267 -0.011251 0.000000 0.103878 0.988684 0.108231 10.871300 -0.000053 -0.108814 0.994062 -0.951400 0.000000 0.000000 0.000000 1.000000
0.995014 -0.098751 -0.013975 -0.000000 0.099668 0.989660 0.103148 10.871300 0.003645 -0.104027 0.994568 -0.951400 0.000000 0.000000 0.000000 1.000000
0.995275 -0.095666 -0.016605 0.000000 0.096840 0.990453 0.098110 10.871300 0.007060 -0.099254 0.995037 -0.951400 0.000000 0.000000 0.000000 1.000000
0.995536 -0.092888 -0.016737 0.000000 0.094057 0.991113 0.094070 10.871300 0.007850 -0.095224 0.995425 -0.951400 0.000000 0.000000 0.000000 1.000000
0.995703 -0.091482 -0.014391 -0.000000 0.092417 0.991540 0.091143 10.871300 0.005931 -0.092081 0.995734 -0.951400 0.000000 0.000000 0.000000 1.000000
0.995747 -0.091572 -0.010095 0.000000 0.092108 0.991785 0.088765 10.871300 0.001883 -0.089318 0.996001 -0.951400 0.000000 0.000000 0.000000 1.000000
0.996048 -0.088711 -0.004420 0.000000 0.088760 0.992295 0.086437 10.871300 -0.003282 -0.086488 0.996248 -0.951400 0.000000 0.000000 0.000000 1.000000
0.996907 -0.078593 -0.000412 0.000000 0.078353 0.993430 0.083410 10.871300 -0.006146 -0.083184 0.996515 -0.951400 0.000000 0.000000 0.000000 1.000000
0.997589 -0.069384 -0.001602 -0.000000 0.069292 0.994422 0.079525 10.871300 -0.003925 -0.079444 0.996832 -0.951400 0.000000 0.000000 0.000000 1.000000
0.998346 -0.057434 -0.002515 -0.000000 0.057459 0.995451 0.076000 10.871300 -0.001861 -0.076019 0.997105 -0.951400 0.000000 0.000000 0.000000 1.000000
0.999355 -0.035913 0.000169 0.000000 0.035803 0.996656 0.073446 10.871300 -0.002807 -0.073393 0.997299 -0.951400 0.000000 0.000000 0.000000 1.000000
0.999922 -0.012259 0.002504 0.000000 0.012048 0.997341 0.071877 10.871300 -0.003378 -0.071841 0.997410 -0.951400 0.000000 0.000000 0.000000 1.000000
0.999967 0.006954 0.004114 0.000000 -0.007228 0.997463 0.070818 10.871300 -0.003611 -0.070846 0.997481 -0.951400 0.000000 0.000000 0.000000 1.000000
0.999817 0.018173 0.006038 0.000000 -0.018548 0.997431 0.069197 10.871300 -0.004765 -0.069297 0.997585 -0.951400 0.000000 0.000000 0.000000 1.000000
0.999823 0.016514 0.008960 0.000000 -0.017076 0.997618 0.066833 10.871300 -0.007835 -0.066974 0.997724 -0.951400 0.000000 0.000000 0.000000 1.000000
0.999911 0.001136 0.013282 0.000000 -0.002005 0.997846 0.065566 10.871300 -0.013179 -0.065587 0.997760 -0.951400 0.000000 0.000000 0.000000 1.000000
0.999758 -0.013764 0.017185 0.000000 0.012584 0.997678 0.066933 10.871300 -0.018066 -0.066701 0.997609 -0.951400 0.000000 0.000000 0.000000 1.000000
0.999518 -0.026073 0.016868 -0.000000 0.024827 0.997216 0.070315 10.871300 -0.018654 -0.069862 0.997382 -0.951400 0.000000 0.000000 0.000000 1.000000
0.999362 -0.033370 0.012766 0.000000 0.032324 0.996672 0.074838 10.871300 -0.015221 -0.074377 0.997114 -0.951400 0.000000 0.000000 0.000000 1.000000
0.999362 -0.035066 0.006721 0.000000 0.034429 0.996304 0.078701 10.871300 -0.009455 -0.078420 0.996876 -0.951400 0.000000 0.000000 0.000000 1.000000
0.999462 -0.032793 0.000920 -0.000000 0.032610 0.996142 0.081472 10.871300 -0.003588 -0.081398 0.996675 -0.951400 0.000000 0.000000 0.000000 1.000000
0.999531 -0.030494 -0.002931 -0.000000 0.030632 0.996001 0.083925 10.871300 0.000361 -0.083976 0.996468 -0.951400 0.000000 0.000000 0.000000 1.000000
0.999505 -0.031206 -0.004003 -0.000000 0.031436 0.995722 0.086882 10.871300 0.001274 -0.086965 0.996211 -0.951400 0.000000 0.000000 0.000000 1.000000
0.999366 -0.035522 -0.002497 0.000000 0.035602 0.995237 0.090754 10.871300 -0.000738 -0.090785 0.995870 -0.951400 0.000000 0.000000 0.000000 1.000000
0.999140 -0.041448 0.001001 0.000000 0.041164 0.994581 0.095466 10.871300 -0.004953 -0.095343 0.995432 -0.951400 0.000000 0.000000 0.000000 1.000000
0.998867 -0.047258 0.005632 0.000000 0.046454 0.993845 0.100570 10.871300 -0.010350 -0.100194 0.994914 -0.951400 0.000000 0.000000 0.000000 1.000000
0.998580 -0.052354 0.009884 0.000000 0.051025 0.993117 0.105424 10.871300 -0.015335 -0.104770 0.994378 -0.951400 0.000000 0.000000 0.000000 1.000000
0.998341 -0.056123 0.012882 0.000000 0.054381 0.992494 0.109536 10.871300 -0.018933 -0.108654 0.993899 -0.951400 0.000000 0.000000 0.000000 1.000000
0.998159 -0.058933 0.014328 -0.000000 0.056950 0.991988 0.112766 10.871300 -0.020859 -0.111743 0.993518 -0.951400 0.000000 0.000000 0.000000 1.000000
0.997995 -0.061657 0.014279 0.000000 0.059606 0.991526 0.115425 10.871300 -0.021274 -0.114343 0.993214 -0.951400 0.000000 0.000000 0.000000 1.000000
0.997845 -0.064192 0.013609 -0.000000 0.062144 0.991056 0.118096 10.871300 -0.021068 -0.116995 0.992909 -0.951400 0.000000 0.000000 0.000000 1.000000
0.997709 -0.066299 0.013441 0.000000 0.064191 0.990554 0.121167 10.871300 -0.021347 -0.120026 0.992541 -0.951400 0.000000 0.000000 0.000000 1.000000
0.997542 -0.068572 0.014420 -0.000000 0.066250 0.989982 0.124683 10.871300 -0.022826 -0.123421 0.992092 -0.951400 0.000000 0.000000 0.000000 1.000000
0.997243 -0.072347 0.016529 0.000000 0.069634 0.989245 0.128627 10.871300 -0.025657 -0.127121 0.991555 -0.951400 0.000000 0.000000 0.000000 1.000000
0.996770 -0.077823 0.019837 -0.000000 0.074521 0.988333 0.132831 10.871300 -0.029943 -0.130924 0.990940 -0.951400 0.000000 0.000000 0.000000 1.000000
0.996071 -0.085055 0.024681 0.000000 0.080920 0.987305 0.136676 10.871300 -0.035992 -0.134142 0.990308 -0.951400 0.000000 0.000000 0.000000 1.000000
0.995324 -0.090612 0.033452 0.000000 0.085155 0.986647 0.138837 10.871300 -0.045585 -0.135339 0.989750 -0.951400 0.000000 0.000000 0.000000 1.000000
0.994347 -0.096267 0.044787 0.000000 0.089249 0.986323 0.138572 10.871300 -0.057514 -0.133792 0.989339 -0.951400 0.000000 0.000000 0.000000 1.000000
