<?xml version="1.0" encoding="utf-8"?>
<COLLADA xmlns="http://www.collada.org/2005/11/COLLADASchema" version="1.4.1">
  <asset>
    <contributor>
      <author>Mixamo</author>
      <authoring_tool>COLLADA Mixamo exporter</authoring_tool>
      <comments/>
    </contributor>
    <created>2025-04-14T05:18:28Z</created>
    <modified>2025-04-14T05:18:28Z</modified>
    <revision/>
    <title/>
    <unit meter="0.010000"/>
    <up_axis>Y_UP</up_axis>
  </asset>
  <library_animations>
    <animation id="mixamorig9_Hips-anim" name="mixamorig9_Hips">
      <source id="mixamorig9_Hips-Matrix-animation-input">
        <float_array id="mixamorig9_Hips-Matrix-animation-input-array" count="118">

0.000000 0.033333 0.066667 0.100000 0.133333 0.166667 0.200000 0.233333 0.266667 0.300000 0.333333 0.366667 0.400000 0.433333 0.466667 0.500000
0.533333 0.566667 0.600000 0.633333 0.666667 0.700000 0.733333 0.766667 0.800000 0.833333 0.866667 0.900000 0.933333 0.966667 1.000000 1.033333
1.066667 1.100000 1.133333 1.166667 1.200000 1.233333 1.266667 1.300000 1.333333 1.366667 1.400000 1.433333 1.466667 1.500000 1.533333 1.566667
1.600000 1.633333 1.666667 1.700000 1.733333 1.766667 1.800000 1.833333 1.866667 1.900000 1.933333 1.966667 2.000000 2.033333 2.066667 2.100000
2.133333 2.166667 2.200000 2.233333 2.266667 2.300000 2.333333 2.366667 2.400000 2.433333 2.466667 2.500000 2.533333 2.566667 2.600000 2.633333
2.666667 2.700000 2.733333 2.766667 2.800000 2.833333 2.866667 2.900000 2.933333 2.966667 3.000000 3.033333 3.066667 3.100000 3.133333 3.166667
3.200000 3.233333 3.266667 3.300000 3.333333 3.366667 3.400000 3.433333 3.466667 3.500000 3.533333 3.566667 3.600000 3.633333 3.666667 3.700000
3.733333 3.766667 3.800000 3.833333 3.866667 3.900000</float_array>
        <technique_common>
          <accessor source="#mixamorig9_Hips-Matrix-animation-input-array" count="118">
            <param name="TIME" type="float"/>
          </accessor>
        </technique_common>
      </source>
      <source id="mixamorig9_Hips-Matrix-animation-output-transform">
        <float_array id="mixamorig9_Hips-Matrix-animation-output-transform-array" count="1888">

0.584747 -0.120371 -0.802236 0.518609 -0.015349 0.987111 -0.159299 82.059067 0.811071 0.105463 0.575362 -0.326326 0.000000 0.000000 0.000000 1.000000
0.616860 -0.103634 -0.780220 0.217601 -0.002260 0.991056 -0.133425 82.016235 0.787070 0.084068 0.611109 0.115128 0.000000 0.000000 0.000000 1.000000
0.656911 -0.082016 -0.749494 -0.141383 0.014220 0.995237 -0.096444 81.976372 0.753834 0.052697 0.654948 0.662743 0.000000 0.000000 0.000000 1.000000
0.707213 -0.053650 -0.704962 -0.582367 0.020712 0.998261 -0.055192 82.114937 0.706697 0.024431 0.707094 1.140696 0.000000 0.000000 0.000000 1.000000
0.749974 -0.040585 -0.660221 -0.841342 0.011070 0.998746 -0.048820 82.739273 0.661375 0.029305 0.749483 1.045130 0.000000 0.000000 0.000000 1.000000
0.780061 -0.058371 -0.622974 -0.570920 0.001564 0.995818 -0.091347 84.063377 0.625701 0.070282 0.776890 -0.320461 0.000000 0.000000 0.000000 1.000000
0.809295 -0.077502 -0.582267 0.142888 -0.002367 0.990819 -0.135171 85.877106 0.587397 0.110772 0.801682 -2.708996 0.000000 0.000000 0.000000 1.000000
0.840214 -0.091659 -0.534453 1.049838 -0.001663 0.985170 -0.171572 88.136459 0.542253 0.145045 0.827601 -5.708093 0.000000 0.000000 0.000000 1.000000
0.868098 -0.099828 -0.486251 1.786861 -0.000784 0.979292 -0.202450 90.471626 0.496392 0.176128 0.850043 -8.317701 0.000000 0.000000 0.000000 1.000000
0.880230 -0.096024 -0.464730 2.211742 -0.007796 0.976255 -0.216483 92.101280 0.474482 0.194178 0.858581 -9.759556 0.000000 0.000000 0.000000 1.000000
0.876689 -0.083927 -0.473679 2.358878 -0.021954 0.976658 -0.213677 92.933029 0.480556 0.197728 0.854383 -10.202253 0.000000 0.000000 0.000000 1.000000
0.866784 -0.070401 -0.493689 2.416914 -0.038495 0.977585 -0.206994 93.339317 0.497195 0.198424 0.844645 -10.269018 0.000000 0.000000 0.000000 1.000000
0.862201 -0.061965 -0.502763 2.476197 -0.043891 0.979620 -0.196007 93.356186 0.504662 0.191064 0.841909 -10.040338 0.000000 0.000000 0.000000 1.000000
0.864220 -0.057922 -0.499769 2.585213 -0.041458 0.981774 -0.185476 93.284836 0.501403 0.181012 0.846067 -9.681290 0.000000 0.000000 0.000000 1.000000
0.867949 -0.055246 -0.493571 2.707989 -0.037031 0.983829 -0.175240 93.191406 0.495270 0.170377 0.851868 -9.292512 0.000000 0.000000 0.000000 1.000000
0.872155 -0.054087 -0.486230 2.821953 -0.031162 0.985710 -0.165543 93.118759 0.488236 0.159531 0.858007 -8.908926 0.000000 0.000000 0.000000 1.000000
0.876276 -0.054176 -0.478754 2.921843 -0.024517 0.987357 -0.156602 93.077812 0.481185 0.148964 0.863869 -8.535975 0.000000 0.000000 0.000000 1.000000
0.878376 -0.056457 -0.474624 2.983189 -0.019787 0.987853 -0.154125 93.092567 0.477561 0.144771 0.866589 -8.158312 0.000000 0.000000 0.000000 1.000000
0.877974 -0.059181 -0.475037 2.992967 -0.018015 0.987541 -0.156325 93.105110 0.478370 0.145807 0.865969 -7.750671 0.000000 0.000000 0.000000 1.000000
0.876060 -0.060068 -0.478446 2.958099 -0.018344 0.987341 -0.157547 93.052536 0.481853 0.146797 0.863868 -7.281441 0.000000 0.000000 0.000000 1.000000
0.874304 -0.059536 -0.481713 2.895618 -0.018168 0.987739 -0.155052 92.906975 0.485038 0.144314 0.862503 -6.765142 0.000000 0.000000 0.000000 1.000000
0.872937 -0.058769 -0.484281 2.824380 -0.017140 0.988409 -0.150841 92.709282 0.487532 0.139975 0.861812 -6.231724 0.000000 0.000000 0.000000 1.000000
0.871715 -0.057850 -0.486587 2.749223 -0.015871 0.989153 -0.146031 92.491631 0.489756 0.135020 0.861341 -5.689230 0.000000 0.000000 0.000000 1.000000
0.870532 -0.056837 -0.488818 2.672420 -0.014581 0.989893 -0.141065 92.267067 0.491896 0.129929 0.860905 -5.142181 0.000000 0.000000 0.000000 1.000000
0.869396 -0.055740 -0.490963 2.592781 -0.013270 0.990625 -0.135965 92.036400 0.493939 0.124722 0.860505 -4.588876 0.000000 0.000000 0.000000 1.000000
0.869154 -0.053151 -0.491677 2.471813 -0.012153 0.991612 -0.128678 91.776718 0.494392 0.117816 0.861218 -3.956776 0.000000 0.000000 0.000000 1.000000
0.873306 -0.049977 -0.484603 2.249477 -0.009115 0.992874 -0.118820 91.425667 0.487087 0.108184 0.866627 -3.049850 0.000000 0.000000 0.000000 1.000000
0.878540 -0.046759 -0.475375 2.012960 -0.005882 0.994063 -0.108649 91.090378 0.477633 0.098249 0.873049 -2.078794 0.000000 0.000000 0.000000 1.000000
0.884608 -0.043919 -0.464263 1.753713 -0.002051 0.995179 -0.098050 90.733521 0.466331 0.087688 0.880254 -1.052931 0.000000 0.000000 0.000000 1.000000
0.891273 -0.041287 -0.451584 1.471903 0.002113 0.996214 -0.086912 90.338516 0.453463 0.076508 0.887985 0.021466 0.000000 0.000000 0.000000 1.000000
0.898304 -0.038711 -0.437665 1.168235 0.006368 0.997154 -0.075128 89.887825 0.439328 0.064701 0.895994 1.137877 0.000000 0.000000 0.000000 1.000000
0.905487 -0.035942 -0.422849 0.845833 0.010378 0.997985 -0.062604 89.366791 0.424247 0.052298 0.904035 2.288367 0.000000 0.000000 0.000000 1.000000
0.912644 -0.032713 -0.407445 0.502755 0.013809 0.998691 -0.049253 88.760460 0.408523 0.039324 0.911901 3.467472 0.000000 0.000000 0.000000 1.000000
0.919608 -0.028870 -0.391775 0.139938 0.016461 0.999252 -0.034997 88.050011 0.392493 0.025734 0.919395 4.669823 0.000000 0.000000 0.000000 1.000000
0.926770 -0.024558 -0.374825 -0.246563 0.018542 0.999635 -0.019648 87.257439 0.375171 0.011260 0.926887 5.896710 0.000000 0.000000 0.000000 1.000000
0.934393 -0.020166 -0.355674 -0.656483 0.020360 0.999788 -0.003197 86.413925 0.355663 -0.004255 0.934605 7.153710 0.000000 0.000000 0.000000 1.000000
0.942149 -0.015787 -0.334821 -1.084190 0.021781 0.999663 0.014156 85.517479 0.334485 -0.020630 0.942175 8.436872 0.000000 0.000000 0.000000 1.000000
0.949751 -0.011484 -0.312794 -1.528045 0.022685 0.999224 0.032194 84.566559 0.312182 -0.037672 0.949275 9.741292 0.000000 0.000000 0.000000 1.000000
0.956959 -0.007649 -0.290123 -1.987626 0.023350 0.998441 0.050693 83.572174 0.289283 -0.055286 0.955646 11.050684 0.000000 0.000000 0.000000 1.000000
0.963593 -0.004306 -0.267339 -2.459542 0.023718 0.997305 0.069422 82.528603 0.266320 -0.073235 0.961099 12.363810 0.000000 0.000000 0.000000 1.000000
0.969477 -0.001022 -0.245181 -2.938857 0.023342 0.995834 0.088143 81.410629 0.244070 -0.091176 0.965462 13.693754 0.000000 0.000000 0.000000 1.000000
0.974551 0.002231 -0.224154 -3.427088 0.022250 0.994050 0.106627 80.225883 0.223059 -0.108901 0.968703 15.035506 0.000000 0.000000 0.000000 1.000000
0.978816 0.005709 -0.204661 -3.919263 0.020278 0.991993 0.124655 78.983017 0.203734 -0.126165 0.970863 16.387169 0.000000 0.000000 0.000000 1.000000
0.982262 0.009488 -0.187272 -4.411824 0.017516 0.989710 0.142013 77.683167 0.186693 -0.142775 0.971988 17.746826 0.000000 0.000000 0.000000 1.000000
0.984902 0.013701 -0.172569 -4.893347 0.014038 0.987259 0.158501 76.330025 0.172542 -0.158530 0.972161 19.128597 0.000000 0.000000 0.000000 1.000000
0.986069 0.019676 -0.165166 -5.364406 0.009367 0.984834 0.173247 74.757179 0.166070 -0.172381 0.970930 20.573288 0.000000 0.000000 0.000000 1.000000
0.985653 0.027185 -0.166582 -5.817042 0.004131 0.982763 0.184822 72.579575 0.168735 -0.182859 0.968551 22.367514 0.000000 0.000000 0.000000 1.000000
0.984149 0.035197 -0.173817 -6.219363 -0.001017 0.981212 0.192932 69.660606 0.177342 -0.189697 0.965694 24.715664 0.000000 0.000000 0.000000 1.000000
0.981164 0.045102 -0.187838 -6.586107 -0.007322 0.980347 0.197144 65.654503 0.193038 -0.192056 0.962211 27.863605 0.000000 0.000000 0.000000 1.000000
0.974313 0.058564 -0.217449 -6.983622 -0.015625 0.980847 0.194153 59.212753 0.224655 -0.185768 0.956567 32.679321 0.000000 0.000000 0.000000 1.000000
0.964129 0.071821 -0.255532 -7.224226 -0.023908 0.982282 0.185880 52.387341 0.264355 -0.173103 0.948763 37.865543 0.000000 0.000000 0.000000 1.000000
0.952621 0.079785 -0.293510 -7.040672 -0.029128 0.984478 0.173073 48.427902 0.302763 -0.156323 0.940158 41.450504 0.000000 0.000000 0.000000 1.000000
0.941287 0.080728 -0.327812 -6.247513 -0.030782 0.987468 0.154787 48.370228 0.336200 -0.135608 0.931976 42.709068 0.000000 0.000000 0.000000 1.000000
0.929731 0.077215 -0.360053 -5.107847 -0.029990 0.990398 0.134956 49.429214 0.367016 -0.114675 0.923119 43.271599 0.000000 0.000000 0.000000 1.000000
0.918379 0.073712 -0.388776 -3.926993 -0.030004 0.992640 0.117329 50.386482 0.394563 -0.096088 0.913831 43.693909 0.000000 0.000000 0.000000 1.000000
0.908843 0.076137 -0.410131 -3.083536 -0.034425 0.993538 0.108157 50.232040 0.415716 -0.084179 0.905591 44.205223 0.000000 0.000000 0.000000 1.000000
0.898215 0.077952 -0.432589 -2.590340 -0.036757 0.994023 0.102800 49.153851 0.438016 -0.076436 0.895712 44.862400 0.000000 0.000000 0.000000 1.000000
0.886214 0.083053 -0.455771 -2.239851 -0.040728 0.993957 0.101930 48.827995 0.461483 -0.071769 0.884241 45.522190 0.000000 0.000000 0.000000 1.000000
0.879340 0.093524 -0.466920 -1.933427 -0.050893 0.993366 0.103125 49.179115 0.473467 -0.066919 0.878266 45.996296 0.000000 0.000000 0.000000 1.000000
0.880140 0.105469 -0.462849 -1.758050 -0.065399 0.992649 0.101835 49.733757 0.470187 -0.059359 0.880568 46.273682 0.000000 0.000000 0.000000 1.000000
0.885994 0.114511 -0.449335 -1.729174 -0.077163 0.991926 0.100637 50.182587 0.457231 -0.054492 0.887677 46.453629 0.000000 0.000000 0.000000 1.000000
0.892300 0.121116 -0.434894 -1.822039 -0.083558 0.991003 0.104550 50.533688 0.443644 -0.056951 0.894392 46.666367 0.000000 0.000000 0.000000 1.000000
0.896645 0.127538 -0.423982 -1.931321 -0.090771 0.990225 0.105903 50.803604 0.433344 -0.056472 0.899457 46.981098 0.000000 0.000000 0.000000 1.000000
0.902720 0.129572 -0.410253 -2.012284 -0.096729 0.990282 0.099922 51.028004 0.419213 -0.050518 0.906481 47.300369 0.000000 0.000000 0.000000 1.000000
0.909571 0.125959 -0.395999 -2.129856 -0.099888 0.991286 0.085875 51.219234 0.403365 -0.038554 0.914227 47.654736 0.000000 0.000000 0.000000 1.000000
0.913432 0.119643 -0.389008 -2.309234 -0.099654 0.992468 0.071244 51.360588 0.394602 -0.026310 0.918475 48.062168 0.000000 0.000000 0.000000 1.000000
0.915399 0.114379 -0.385955 -2.588667 -0.098730 0.993292 0.060201 51.468788 0.390252 -0.017003 0.920551 48.498775 0.000000 0.000000 0.000000 1.000000
0.917177 0.107826 -0.383615 -2.945175 -0.097933 0.994162 0.045293 51.527149 0.386259 -0.003973 0.922382 48.980316 0.000000 0.000000 0.000000 1.000000
0.917032 0.102044 -0.385537 -3.374498 -0.097447 0.994742 0.031504 51.564060 0.386724 0.008679 0.922155 49.501850 0.000000 0.000000 0.000000 1.000000
0.917050 0.096583 -0.386899 -3.844017 -0.097514 0.995084 0.017273 51.581398 0.386665 0.021888 0.921961 50.019547 0.000000 0.000000 0.000000 1.000000
0.918278 0.089166 -0.385766 -4.303683 -0.096582 0.995325 0.000158 51.572701 0.383976 0.037113 0.922597 50.548973 0.000000 0.000000 0.000000 1.000000
0.920008 0.080992 -0.383440 -4.755338 -0.094996 0.995320 -0.017693 51.553955 0.380212 0.052703 0.923396 51.075508 0.000000 0.000000 0.000000 1.000000
0.922635 0.071324 -0.379021 -5.195656 -0.091455 0.995181 -0.035355 51.527000 0.374673 0.067283 0.924712 51.569511 0.000000 0.000000 0.000000 1.000000
0.927320 0.057573 -0.369814 -5.606772 -0.083080 0.995111 -0.053406 51.479477 0.364931 0.080249 0.927570 51.985435 0.000000 0.000000 0.000000 1.000000
0.931723 0.042176 -0.360712 -6.096712 -0.073973 0.994451 -0.074799 51.413448 0.355556 0.096375 0.929673 52.467937 0.000000 0.000000 0.000000 1.000000
0.936602 0.028780 -0.349212 -6.635013 -0.066294 0.993176 -0.095952 51.317673 0.344067 0.113019 0.932118 53.006905 0.000000 0.000000 0.000000 1.000000
0.942644 0.016752 -0.333378 -7.226295 -0.058723 0.991486 -0.116221 51.189323 0.328593 0.129132 0.935602 53.612350 0.000000 0.000000 0.000000 1.000000
0.948550 0.005087 -0.316587 -7.822494 -0.050868 0.989332 -0.136512 51.044537 0.312515 0.145593 0.938689 54.242626 0.000000 0.000000 0.000000 1.000000
0.954247 -0.006587 -0.298948 -8.426110 -0.042724 0.986497 -0.158111 50.854450 0.295953 0.163650 0.941080 54.940697 0.000000 0.000000 0.000000 1.000000
0.959757 -0.018273 -0.280237 -9.041503 -0.034236 0.982825 -0.181334 50.623573 0.278738 0.183631 0.942648 55.700035 0.000000 0.000000 0.000000 1.000000
0.965601 -0.029974 -0.258296 -9.690476 -0.025639 0.977519 -0.209284 50.309231 0.258763 0.208707 0.943124 56.574081 0.000000 0.000000 0.000000 1.000000
0.971351 -0.041279 -0.234036 -10.357742 -0.016582 0.970626 -0.240021 49.938938 0.237069 0.237026 0.942134 57.519753 0.000000 0.000000 0.000000 1.000000
0.976565 -0.051853 -0.208883 -11.025259 -0.006843 0.962572 -0.270941 49.551250 0.215114 0.266021 0.939659 58.478676 0.000000 0.000000 0.000000 1.000000
0.981289 -0.061596 -0.182424 -11.697322 0.003605 0.953161 -0.302443 49.138680 0.192509 0.296126 0.935548 59.458221 0.000000 0.000000 0.000000 1.000000
0.985650 -0.070267 -0.153479 -12.380278 0.014857 0.941824 -0.335779 48.676769 0.168145 0.328680 0.929353 60.484150 0.000000 0.000000 0.000000 1.000000
0.990083 -0.077216 -0.117356 -13.105239 0.027661 0.926191 -0.376040 48.081383 0.137730 0.369064 0.919142 61.649643 0.000000 0.000000 0.000000 1.000000
0.994081 -0.086183 -0.066142 -13.987457 0.048947 0.898836 -0.435543 47.280071 0.096987 0.429727 0.897735 63.052460 0.000000 0.000000 0.000000 1.000000
0.995639 -0.092921 -0.008297 -14.908806 0.076339 0.862615 -0.500068 46.366257 0.053624 0.497254 0.865946 64.544601 0.000000 0.000000 0.000000 1.000000
0.994036 -0.095924 0.051878 -15.915168 0.108399 0.817060 -0.566271 45.225563 0.011932 0.568517 0.822585 66.289215 0.000000 0.000000 0.000000 1.000000
0.989255 -0.094760 0.111331 -17.151085 0.144179 0.758471 -0.635558 43.586369 -0.024215 0.644780 0.763984 68.660568 0.000000 0.000000 0.000000 1.000000
0.981270 -0.088362 0.171178 -18.646368 0.184741 0.683465 -0.706219 41.473038 -0.054591 0.724615 0.686988 71.710625 0.000000 0.000000 0.000000 1.000000
0.967075 -0.072739 0.243874 -20.495169 0.240052 0.578921 -0.779247 38.562893 -0.084502 0.812132 0.577322 75.605148 0.000000 0.000000 0.000000 1.000000
0.948057 -0.049514 0.314224 -22.248228 0.300476 0.463633 -0.833522 34.793053 -0.104414 0.884643 0.454428 79.429146 0.000000 0.000000 0.000000 1.000000
0.923442 -0.020957 0.383166 -23.784765 0.366840 0.341266 -0.865428 29.376320 -0.112625 0.939733 0.322827 82.952126 0.000000 0.000000 0.000000 1.000000
0.892459 0.003873 0.451112 -24.976517 0.438592 0.226649 -0.869636 22.817698 -0.105612 0.973969 0.200577 85.964272 0.000000 0.000000 0.000000 1.000000
0.860841 0.012267 0.508726 -25.901262 0.503105 0.129587 -0.854454 18.104315 -0.076406 0.991492 0.105382 88.502693 0.000000 0.000000 0.000000 1.000000
0.848893 0.001071 0.528564 -26.429523 0.528194 0.035736 -0.848371 16.973080 -0.019797 0.999361 0.029771 90.993217 0.000000 0.000000 0.000000 1.000000
0.871208 -0.006592 0.490869 -26.355091 0.489788 -0.055993 -0.870042 17.689484 0.033221 0.998409 -0.045553 93.607056 0.000000 0.000000 0.000000 1.000000
0.891046 0.001765 0.453909 -26.136639 0.451429 -0.107911 -0.885758 18.423029 0.047418 0.994159 -0.096950 95.676079 0.000000 0.000000 0.000000 1.000000
0.897655 0.011743 0.440543 -26.075804 0.438564 -0.122090 -0.890368 18.903278 0.043330 0.992450 -0.114745 96.580795 0.000000 0.000000 0.000000 1.000000
0.903691 0.016333 0.427874 -26.011391 0.426395 -0.125604 -0.895774 19.069965 0.039112 0.991946 -0.120471 97.164040 0.000000 0.000000 0.000000 1.000000
0.908930 0.012186 0.416770 -25.927916 0.415013 -0.122617 -0.901515 18.852037 0.040117 0.992379 -0.116508 97.377869 0.000000 0.000000 0.000000 1.000000
0.914571 0.006174 0.404379 -25.826162 0.402238 -0.117771 -0.907929 18.510542 0.042018 0.993022 -0.110194 97.444160 0.000000 0.000000 0.000000 1.000000
0.921716 0.000728 0.387865 -25.655338 0.385455 -0.113038 -0.915776 18.103519 0.043177 0.993590 -0.104470 97.402443 0.000000 0.000000 0.000000 1.000000
0.933272 -0.000800 0.359171 -25.269817 0.356920 -0.109727 -0.927668 17.565441 0.040153 0.993961 -0.102120 97.164360 0.000000 0.000000 0.000000 1.000000
0.943937 -0.000643 0.330126 -24.857082 0.328373 -0.101102 -0.939122 17.199631 0.033980 0.994876 -0.095223 96.860664 0.000000 0.000000 0.000000 1.000000
0.951926 0.001472 0.306325 -24.572756 0.305192 -0.090602 -0.947971 17.103235 0.026359 0.995886 -0.086695 96.350327 0.000000 0.000000 0.000000 1.000000
0.958279 0.006793 0.285755 -24.420641 0.285324 -0.082499 -0.954874 17.137125 0.017088 0.996568 -0.080995 95.507965 0.000000 0.000000 0.000000 1.000000
0.962497 0.014585 0.270900 -24.405975 0.271185 -0.079855 -0.959209 17.130646 0.007643 0.996700 -0.080815 94.330261 0.000000 0.000000 0.000000 1.000000
0.964957 0.018828 0.261730 -24.378099 0.262394 -0.079050 -0.961718 16.954863 0.002583 0.996693 -0.081220 93.504387 0.000000 0.000000 0.000000 1.000000
0.966351 0.018517 0.256559 -24.291168 0.257221 -0.076238 -0.963341 16.770119 0.001722 0.996918 -0.078435 93.255600 0.000000 0.000000 0.000000 1.000000
0.967293 0.016898 0.253096 -24.195988 0.253651 -0.072575 -0.964569 16.603397 0.002069 0.997220 -0.074488 93.186745 0.000000 0.000000 0.000000 1.000000
0.967810 0.015637 0.251194 -24.125010 0.251670 -0.069066 -0.965346 16.478062 0.002254 0.997490 -0.070778 93.171814 0.000000 0.000000 0.000000 1.000000
0.966968 0.021629 0.253980 -24.045746 0.254866 -0.066020 -0.964720 16.435398 -0.004098 0.997584 -0.069352 93.409515 0.000000 0.000000 0.000000 1.000000
0.964043 0.024061 0.264656 -24.150108 0.265704 -0.069274 -0.961563 16.447334 -0.004803 0.997307 -0.073176 93.619690 0.000000 0.000000 0.000000 1.000000
0.960934 0.024154 0.275723 -24.272392 0.276767 -0.074463 -0.958048 16.444939 -0.002609 0.996931 -0.078239 93.805023 0.000000 0.000000 0.000000 1.000000
0.958475 0.022463 0.284292 -24.371054 0.285175 -0.079804 -0.955147 16.366949 0.001232 0.996557 -0.082896 93.943634 0.000000 0.000000 0.000000 1.000000
0.956038 0.017470 0.292722 -24.527794 0.293117 -0.086119 -0.952190 16.262653 0.008575 0.996132 -0.087454 93.948677 0.000000 0.000000 0.000000 1.000000</float_array>
        <technique_common>
          <accessor source="#mixamorig9_Hips-Matrix-animation-output-transform-array" count="118" stride="16">
            <param type="float4x4"/>
          </accessor>
        </technique_common>
      </source>
      <source id="mixamorig9_Hips-Interpolations">
        <Name_array id="mixamorig9_Hips-Interpolations-array" count="118">
 LINEAR LINEAR LINEAR LINEAR LINEAR LINEAR LINEAR LINEAR LINEAR LINEAR LINEAR
LINEAR LINEAR LINEAR LINEAR LINEAR LINEAR LINEAR LINEAR LINEAR LINEAR LINEAR LINEAR
LINEAR LINEAR LINEAR LINEAR LINEAR LINEAR LINEAR LINEAR LINEAR LINEAR LINEAR LINEAR
LINEAR LINEAR LINEAR LINEAR LINEAR LINEAR LINEAR LINEAR LINEAR LINEAR LINEAR LINEAR
LINEAR LINEAR LINEAR LINEAR LINEAR LINEAR LINEAR LINEAR LINEAR LINEAR LINEAR LINEAR
LINEAR LINEAR LINEAR LINEAR LINEAR LINEAR LINEAR LINEAR LINEAR LINEAR LINEAR LINEAR
LINEAR LINEAR LINEAR LINEAR LINEAR LINEAR LINEAR LINEAR LINEAR LINEAR LINEAR LINEAR
LINEAR LINEAR LINEAR LINEAR LINEAR LINEAR LINEAR LINEAR LINEAR LINEAR LINEAR LINEAR
LINEAR LINEAR LINEAR LINEAR LINEAR LINEAR LINEAR LINEAR LINEAR LINEAR LINEAR LINEAR
LINEAR LINEAR LINEAR LINEAR LINEAR LINEAR LINEAR LINEAR LINEAR LINEAR LINEAR</Name_array>
        <technique_common>
          <accessor source="#mixamorig9_Hips-Interpolations-array" count="118">
            <param type="name"/>
          </accessor>
        </technique_common>
      </source>
      <sampler id="mixamorig9_Hips-Matrix-animation-transform">
        <input semantic="INPUT" source="#mixamorig9_Hips-Matrix-animation-input"/>
        <input semantic="OUTPUT" source="#mixamorig9_Hips-Matrix-animation-output-transform"/>
        <input semantic="INTERPOLATION" source="#mixamorig9_Hips-Interpolations"/>
      </sampler>
      <channel source="#mixamorig9_Hips-Matrix-animation-transform" target="mixamorig9_Hips/matrix"/>
    </animation>
    <animation id="mixamorig9_Spine-anim" name="mixamorig9_Spine">
      <source id="mixamorig9_Spine-Matrix-animation-input">
        <float_array id="mixamorig9_Spine-Matrix-animation-input-array" count="118">

0.000000 0.033333 0.066667 0.100000 0.133333 0.166667 0.200000 0.233333 0.266667 0.300000 0.333333 0.366667 0.400000 0.433333 0.466667 0.500000
0.533333 0.566667 0.600000 0.633333 0.666667 0.700000 0.733333 0.766667 0.800000 0.833333 0.866667 0.900000 0.933333 0.966667 1.000000 1.033333
1.066667 1.100000 1.133333 1.166667 1.200000 1.233333 1.266667 1.300000 1.333333 1.366667 1.400000 1.433333 1.466667 1.500000 1.533333 1.566667
1.600000 1.633333 1.666667 1.700000 1.733333 1.766667 1.800000 1.833333 1.866667 1.900000 1.933333 1.966667 2.000000 2.033333 2.066667 2.100000
2.133333 2.166667 2.200000 2.233333 2.266667 2.300000 2.333333 2.366667 2.400000 2.433333 2.466667 2.500000 2.533333 2.566667 2.600000 2.633333
2.666667 2.700000 2.733333 2.766667 2.800000 2.833333 2.866667 2.900000 2.933333 2.966667 3.000000 3.033333 3.066667 3.100000 3.133333 3.166667
3.200000 3.233333 3.266667 3.300000 3.333333 3.366667 3.400000 3.433333 3.466667 3.500000 3.533333 3.566667 3.600000 3.633333 3.666667 3.700000
3.733333 3.766667 3.800000 3.833333 3.866667 3.900000</float_array>
        <technique_common>
          <accessor source="#mixamorig9_Spine-Matrix-animation-input-array" count="118">
            <param name="TIME" type="float"/>
          </accessor>
        </technique_common>
      </source>
      <source id="mixamorig9_Spine-Matrix-animation-output-transform">
        <float_array id="mixamorig9_Spine-Matrix-animation-output-transform-array" count="1888">

0.996852 0.046864 0.063953 0.000000 -0.044748 0.998415 -0.034120 10.547000 -0.065451 0.031151 0.997369 -1.004700 0.000000 0.000000 0.000000 1.000000
0.997264 0.049071 0.055289 0.000000 -0.046602 0.997895 -0.045100 10.547000 -0.057386 0.042400 0.997451 -1.004700 0.000000 0.000000 0.000000 1.000000
0.997853 0.052955 0.038534 -0.000000 -0.050378 0.996611 -0.065026 10.547000 -0.041847 0.062945 0.997139 -1.004700 0.000000 0.000000 0.000000 1.000000
0.998424 0.054983 0.011241 0.000000 -0.053746 0.994449 -0.090462 10.547000 -0.016152 0.089715 0.995836 -1.004700 0.000000 0.000000 0.000000 1.000000
0.998195 0.058537 -0.013434 0.000000 -0.059681 0.991825 -0.112789 10.547000 0.006722 0.113387 0.993528 -1.004700 0.000000 0.000000 0.000000 1.000000
0.997383 0.068249 -0.023876 0.000000 -0.070979 0.987121 -0.143368 10.547000 0.013784 0.144688 0.989381 -1.004700 0.000000 0.000000 0.000000 1.000000
0.996464 0.079541 -0.027064 0.000000 -0.083323 0.976922 -0.196672 10.547000 0.010796 0.198232 0.980096 -1.004700 0.000000 0.000000 0.000000 1.000000
0.995607 0.087412 -0.033557 0.000000 -0.093208 0.959318 -0.266497 10.547000 0.008897 0.268454 0.963252 -1.004700 0.000000 0.000000 0.000000 1.000000
0.994930 0.089909 -0.045065 0.000000 -0.099793 0.938183 -0.331444 10.547000 0.012480 0.334260 0.942398 -1.004700 0.000000 0.000000 0.000000 1.000000
0.994887 0.090214 -0.045404 -0.000000 -0.100666 0.922055 -0.373739 10.547000 0.008148 0.376399 0.926422 -1.004700 0.000000 0.000000 0.000000 1.000000
0.994948 0.096663 -0.027118 0.000000 -0.099420 0.911110 -0.399993 10.547000 -0.013957 0.400668 0.916117 -1.004700 0.000000 0.000000 0.000000 1.000000
0.994144 0.108062 0.000063 0.000000 -0.098088 0.902623 -0.419107 10.547000 -0.045346 0.416647 0.907937 -1.004700 0.000000 0.000000 0.000000 1.000000
0.992880 0.117751 0.017976 -0.000000 -0.098377 0.895711 -0.433617 10.547000 -0.067160 0.428761 0.900918 -1.004700 0.000000 0.000000 0.000000 1.000000
0.992426 0.120632 0.023207 -0.000000 -0.098062 0.891738 -0.441800 10.547000 -0.073990 0.436178 0.896814 -1.004700 0.000000 0.000000 0.000000 1.000000
0.992255 0.121663 0.025053 -0.000000 -0.097646 0.888648 -0.448073 10.547000 -0.076777 0.442157 0.893646 -1.004700 0.000000 0.000000 0.000000 1.000000
0.992126 0.122676 0.025217 0.000000 -0.098026 0.885950 -0.453303 10.547000 -0.077951 0.447262 0.890999 -1.004700 0.000000 0.000000 0.000000 1.000000
0.991967 0.124060 0.024703 0.000000 -0.099103 0.883554 -0.457724 10.547000 -0.078611 0.451600 0.888751 -1.004700 0.000000 0.000000 0.000000 1.000000
0.991887 0.124412 0.026100 -0.000000 -0.098860 0.884018 -0.456879 10.547000 -0.079914 0.450592 0.889146 -1.004700 0.000000 0.000000 0.000000 1.000000
0.991858 0.124145 0.028372 -0.000000 -0.098043 0.886617 -0.451994 10.547000 -0.081268 0.445532 0.891570 -1.004700 0.000000 0.000000 0.000000 1.000000
0.991923 0.123397 0.029364 0.000000 -0.097467 0.889646 -0.446129 10.547000 -0.081175 0.439663 0.894487 -1.004700 0.000000 0.000000 0.000000 1.000000
0.992062 0.122429 0.028701 -0.000000 -0.097288 0.891883 -0.441678 10.547000 -0.079672 0.435380 0.896714 -1.004700 0.000000 0.000000 0.000000 1.000000
0.992211 0.121663 0.026728 0.000000 -0.097765 0.893569 -0.438150 10.547000 -0.077190 0.432125 0.898504 -1.004700 0.000000 0.000000 0.000000 1.000000
0.992356 0.121044 0.024051 0.000000 -0.098635 0.895057 -0.434907 10.547000 -0.074170 0.429211 0.900154 -1.004700 0.000000 0.000000 0.000000 1.000000
0.992492 0.120446 0.021250 -0.000000 -0.099551 0.896486 -0.431743 10.547000 -0.071051 0.426386 0.901746 -1.004700 0.000000 0.000000 0.000000 1.000000
0.992644 0.119669 0.018363 -0.000000 -0.100323 0.897929 -0.428553 10.547000 -0.067773 0.423559 0.903330 -1.004700 0.000000 0.000000 0.000000 1.000000
0.992841 0.118430 0.015541 0.000000 -0.100643 0.899518 -0.425132 10.547000 -0.064328 0.420525 0.904998 -1.004700 0.000000 0.000000 0.000000 1.000000
0.993211 0.115577 0.013159 0.000000 -0.099301 0.901342 -0.421570 10.547000 -0.060585 0.417401 0.906700 -1.004700 0.000000 0.000000 0.000000 1.000000
0.993664 0.111859 0.010923 -0.000000 -0.097092 0.903290 -0.417899 10.547000 -0.056613 0.414191 0.908428 -1.004700 0.000000 0.000000 0.000000 1.000000
0.994120 0.107945 0.008599 -0.000000 -0.094712 0.905246 -0.414197 10.547000 -0.052494 0.410947 0.910147 -1.004700 0.000000 0.000000 0.000000 1.000000
0.994566 0.103922 0.006291 0.000000 -0.092194 0.907175 -0.410529 10.547000 -0.048370 0.407718 0.911826 -1.004700 0.000000 0.000000 0.000000 1.000000
0.994989 0.099904 0.004103 0.000000 -0.089596 0.909041 -0.406960 10.547000 -0.044386 0.404553 0.913437 -1.004700 0.000000 0.000000 0.000000 1.000000
0.995387 0.095920 0.002195 -0.000000 -0.086881 0.910822 -0.403554 10.547000 -0.040708 0.401501 0.914953 -1.004700 0.000000 0.000000 0.000000 1.000000
0.995761 0.091978 0.000694 0.000000 -0.084007 0.912494 -0.400373 10.547000 -0.037459 0.398617 0.916352 -1.004700 0.000000 0.000000 0.000000 1.000000
0.996102 0.088211 -0.000313 0.000000 -0.081068 0.914024 -0.397477 10.547000 -0.034776 0.395953 0.917612 -1.004700 0.000000 0.000000 0.000000 1.000000
0.996423 0.084506 -0.000787 -0.000000 -0.077943 0.915359 -0.395024 10.547000 -0.032661 0.393672 0.918671 -1.004700 0.000000 0.000000 0.000000 1.000000
0.996734 0.080749 -0.000826 0.000000 -0.074574 0.916491 -0.393043 10.547000 -0.030981 0.391821 0.919520 -1.004700 0.000000 0.000000 0.000000 1.000000
0.997032 0.076982 -0.000481 -0.000000 -0.071028 0.917473 -0.391407 10.547000 -0.029690 0.390279 0.920218 -1.004700 0.000000 0.000000 0.000000 1.000000
0.997315 0.073237 0.000200 0.000000 -0.067361 0.918353 -0.389988 10.547000 -0.028746 0.388927 0.920820 -1.004700 0.000000 0.000000 0.000000 1.000000
0.997555 0.069876 0.000999 0.000000 -0.063995 0.919157 -0.388659 10.547000 -0.028076 0.387644 0.921381 -1.004700 0.000000 0.000000 0.000000 1.000000
0.997757 0.066920 0.001823 0.000000 -0.060992 0.919936 -0.387295 10.547000 -0.027595 0.386315 0.921954 -1.004700 0.000000 0.000000 0.000000 1.000000
0.997942 0.064058 0.002925 0.000000 -0.057974 0.920771 -0.385772 10.547000 -0.027406 0.384809 0.922589 -1.004700 0.000000 0.000000 0.000000 1.000000
0.998111 0.061303 0.004145 -0.000000 -0.055016 0.921707 -0.383966 10.547000 -0.027359 0.383013 0.923338 -1.004700 0.000000 0.000000 0.000000 1.000000
0.998277 0.058437 0.005301 -0.000000 -0.051992 0.922801 -0.381752 10.547000 -0.027200 0.380819 0.924249 -1.004700 0.000000 0.000000 0.000000 1.000000
0.998439 0.055507 0.006287 0.000000 -0.048987 0.924097 -0.379006 10.547000 -0.026847 0.378106 0.925373 -1.004700 0.000000 0.000000 0.000000 1.000000
0.998595 0.052529 0.007024 -0.000000 -0.046049 0.925635 -0.375605 10.547000 -0.026232 0.374754 0.926753 -1.004700 0.000000 0.000000 0.000000 1.000000
0.998732 0.049816 0.007285 0.000000 -0.043576 0.927809 -0.370502 10.547000 -0.025216 0.369714 0.928803 -1.004700 0.000000 0.000000 0.000000 1.000000
0.998973 0.044642 0.007779 -0.000000 -0.038841 0.931967 -0.360456 10.547000 -0.023341 0.359784 0.932744 -1.004700 0.000000 0.000000 0.000000 1.000000
0.999390 0.033722 0.009096 0.000000 -0.028568 0.939050 -0.342592 10.547000 -0.020094 0.342123 0.939440 -1.004700 0.000000 0.000000 0.000000 1.000000
0.999874 0.010708 0.011751 -0.000000 -0.006519 0.950309 -0.311241 10.547000 -0.014500 0.311125 0.950259 -1.004700 0.000000 0.000000 0.000000 1.000000
0.999224 -0.035305 0.017474 0.000000 0.038692 0.962903 -0.267058 10.547000 -0.007398 0.267527 0.963522 -1.004700 0.000000 0.000000 0.000000 1.000000
0.996499 -0.080237 0.023510 0.000000 0.083526 0.967923 -0.236955 10.547000 -0.003744 0.238089 0.971236 -1.004700 0.000000 0.000000 0.000000 1.000000
0.994621 -0.099407 0.029099 0.000000 0.103408 0.969094 -0.223973 10.547000 -0.005935 0.225777 0.974161 -1.004700 0.000000 0.000000 0.000000 1.000000
0.994917 -0.095115 0.033078 0.000000 0.100075 0.970480 -0.219441 10.547000 -0.011229 0.221636 0.975065 -1.004700 0.000000 0.000000 0.000000 1.000000
0.995808 -0.083929 0.036367 0.000000 0.089892 0.971486 -0.219396 10.547000 -0.016917 0.221746 0.974958 -1.004700 0.000000 0.000000 0.000000 1.000000
0.996185 -0.079617 0.035729 0.000000 0.085645 0.970529 -0.225250 10.547000 -0.016742 0.227450 0.973646 -1.004700 0.000000 0.000000 0.000000 1.000000
0.996202 -0.082139 0.028888 0.000000 0.086624 0.968528 -0.233343 10.547000 -0.008812 0.234959 0.971965 -1.004700 0.000000 0.000000 0.000000 1.000000
0.996329 -0.083000 0.020961 0.000000 0.085605 0.967298 -0.238760 10.547000 -0.000458 0.239678 0.970852 -1.004700 0.000000 0.000000 0.000000 1.000000
0.996647 -0.080192 0.016221 0.000000 0.081735 0.967045 -0.241131 10.547000 0.003650 0.241649 0.970357 -1.004700 0.000000 0.000000 0.000000 1.000000
0.996979 -0.076369 0.014167 0.000000 0.077522 0.967035 -0.242557 10.547000 0.004824 0.242923 0.970034 -1.004700 0.000000 0.000000 0.000000 1.000000
0.997341 -0.071419 0.014530 0.000000 0.072803 0.967036 -0.244010 10.547000 0.003376 0.244419 0.969664 -1.004700 0.000000 0.000000 0.000000 1.000000
0.997808 -0.063342 0.019171 0.000000 0.066117 0.966705 -0.247205 10.547000 -0.002875 0.247931 0.968774 -1.004700 0.000000 0.000000 0.000000 1.000000
0.998157 -0.053624 0.028423 0.000000 0.059058 0.966098 -0.251330 10.547000 -0.013982 0.252546 0.967484 -1.004700 0.000000 0.000000 0.000000 1.000000
0.998274 -0.046634 0.035702 -0.000000 0.054164 0.966035 -0.252669 10.547000 -0.022706 0.254167 0.966894 -1.004700 0.000000 0.000000 0.000000 1.000000
0.998396 -0.043877 0.035781 0.000000 0.051414 0.967269 -0.248490 10.547000 -0.023707 0.249931 0.967973 -1.004700 0.000000 0.000000 0.000000 1.000000
0.998572 -0.042307 0.032614 0.000000 0.048940 0.969262 -0.241112 10.547000 -0.021410 0.242364 0.969949 -1.004700 0.000000 0.000000 0.000000 1.000000
0.998702 -0.039377 0.032307 0.000000 0.045867 0.971082 -0.234300 10.547000 -0.022146 0.235478 0.971627 -1.004700 0.000000 0.000000 0.000000 1.000000
0.998790 -0.034968 0.034582 -0.000000 0.041982 0.972479 -0.229176 10.547000 -0.025616 0.230350 0.972771 -1.004700 0.000000 0.000000 0.000000 1.000000
0.998886 -0.029333 0.036954 0.000000 0.036920 0.973628 -0.225134 10.547000 -0.029375 0.226248 0.973627 -1.004700 0.000000 0.000000 0.000000 1.000000
0.998969 -0.022614 0.039374 -0.000000 0.030789 0.974711 -0.221336 10.547000 -0.033373 0.222320 0.974402 -1.004700 0.000000 0.000000 0.000000 1.000000
0.999000 -0.015853 0.041816 0.000000 0.024601 0.975675 -0.217839 10.547000 -0.037346 0.218650 0.975089 -1.004700 0.000000 0.000000 0.000000 1.000000
0.999019 -0.010249 0.043091 0.000000 0.019255 0.976618 -0.214118 10.547000 -0.039889 0.214738 0.975857 -1.004700 0.000000 0.000000 0.000000 1.000000
0.999068 -0.005658 0.042789 -0.000000 0.014560 0.977440 -0.210710 10.547000 -0.040631 0.211136 0.976612 -1.004700 0.000000 0.000000 0.000000 1.000000
0.999109 -0.000759 0.042189 -0.000000 0.009574 0.977837 -0.209148 10.547000 -0.041095 0.209366 0.976973 -1.004700 0.000000 0.000000 0.000000 1.000000
0.999032 0.005123 0.043696 0.000000 0.004089 0.978086 -0.208162 10.547000 -0.043805 0.208139 0.977118 -1.004700 0.000000 0.000000 0.000000 1.000000
0.998746 0.011482 0.048727 0.000000 -0.001220 0.978635 -0.205601 10.547000 -0.050047 0.205283 0.977422 -1.004700 0.000000 0.000000 0.000000 1.000000
0.998263 0.017568 0.056229 0.000000 -0.005901 0.979515 -0.201283 10.547000 -0.058614 0.200602 0.977918 -1.004700 0.000000 0.000000 0.000000 1.000000
0.997685 0.023292 0.063891 -0.000000 -0.010255 0.980301 -0.197242 10.547000 -0.067226 0.196130 0.978271 -1.004700 0.000000 0.000000 0.000000 1.000000
0.997111 0.028971 0.070212 0.000000 -0.014803 0.980797 -0.194470 10.547000 -0.074497 0.192869 0.978392 -1.004700 0.000000 0.000000 0.000000 1.000000
0.996612 0.034822 0.074513 0.000000 -0.019846 0.980996 -0.193008 10.547000 -0.079817 0.190876 0.978364 -1.004700 0.000000 0.000000 0.000000 1.000000
0.996253 0.041065 0.076112 0.000000 -0.025669 0.980824 -0.193197 10.547000 -0.082587 0.190519 0.978203 -1.004700 0.000000 0.000000 0.000000 1.000000
0.996039 0.047715 0.075027 0.000000 -0.032268 0.980264 -0.195041 10.547000 -0.082852 0.191848 0.977921 -1.004700 0.000000 0.000000 0.000000 1.000000
0.995902 0.054737 0.071988 -0.000000 -0.039508 0.979382 -0.198114 10.547000 -0.081348 0.194458 0.977532 -1.004700 0.000000 0.000000 0.000000 1.000000
0.995763 0.061894 0.068001 -0.000000 -0.047032 0.978308 -0.201746 10.547000 -0.079013 0.197693 0.977074 -1.004700 0.000000 0.000000 0.000000 1.000000
0.995599 0.069070 0.063340 0.000000 -0.054690 0.977059 -0.205825 10.547000 -0.076103 0.201455 0.976537 -1.004700 0.000000 0.000000 0.000000 1.000000
0.995438 0.076161 0.057467 0.000000 -0.062471 0.975538 -0.210768 10.547000 -0.072114 0.206217 0.975845 -1.004700 0.000000 0.000000 0.000000 1.000000
0.995329 0.082088 0.050819 0.000000 -0.069301 0.973952 -0.215904 10.547000 -0.067218 0.211373 0.975091 -1.004700 0.000000 0.000000 0.000000 1.000000
0.995184 0.087472 0.044234 -0.000000 -0.075890 0.973195 -0.217101 10.547000 -0.062039 0.212699 0.975146 -1.004700 0.000000 0.000000 0.000000 1.000000
0.994952 0.092982 0.037751 -0.000000 -0.082694 0.972771 -0.216513 10.547000 -0.056855 0.212299 0.975549 -1.004700 0.000000 0.000000 0.000000 1.000000
0.994659 0.098676 0.030278 0.000000 -0.090031 0.972884 -0.213050 10.547000 -0.050479 0.209186 0.976572 -1.004700 0.000000 0.000000 0.000000 1.000000
0.994308 0.104686 0.019832 0.000000 -0.098505 0.974135 -0.203366 10.547000 -0.040609 0.200255 0.978902 -1.004700 0.000000 0.000000 0.000000 1.000000
0.993876 0.110409 0.004473 0.000000 -0.107622 0.976378 -0.187358 10.547000 -0.025054 0.185730 0.982281 -1.004700 0.000000 0.000000 0.000000 1.000000
0.992971 0.116845 -0.018859 0.000000 -0.118351 0.978610 -0.168271 10.547000 -0.001206 0.169320 0.985560 -1.004700 0.000000 0.000000 0.000000 1.000000
0.991627 0.120795 -0.045652 0.000000 -0.126249 0.981179 -0.146110 10.547000 0.027144 0.150650 0.988214 -1.004700 0.000000 0.000000 0.000000 1.000000
0.990535 0.117953 -0.070192 0.000000 -0.125866 0.984551 -0.121725 10.547000 0.054750 0.129408 0.990079 -1.004700 0.000000 0.000000 0.000000 1.000000
0.991823 0.104763 -0.072885 0.000000 -0.112479 0.987393 -0.111374 10.547000 0.060299 0.118661 0.991102 -1.004700 0.000000 0.000000 0.000000 1.000000
0.993848 0.098628 -0.050392 -0.000000 -0.104081 0.987248 -0.120454 10.547000 0.037869 0.124958 0.991439 -1.004700 0.000000 0.000000 0.000000 1.000000
0.991510 0.127877 -0.023572 0.000000 -0.129832 0.983632 -0.124945 10.547000 0.007208 0.126945 0.991884 -1.004700 0.000000 0.000000 0.000000 1.000000
0.982140 0.187032 -0.020473 0.000000 -0.188094 0.978653 -0.082814 10.547000 0.004547 0.085186 0.996355 -1.004700 0.000000 0.000000 0.000000 1.000000
0.974905 0.222134 -0.014698 0.000000 -0.222519 0.974322 -0.034364 10.547000 0.006687 0.036772 0.999301 -1.004700 0.000000 0.000000 0.000000 1.000000
0.974304 0.225100 -0.007853 0.000000 -0.225220 0.974065 -0.021755 10.547000 0.002752 0.022964 0.999732 -1.004700 0.000000 0.000000 0.000000 1.000000
0.974139 0.225836 -0.007161 -0.000000 -0.225935 0.973953 -0.019201 10.547000 0.002638 0.020322 0.999790 -1.004700 0.000000 0.000000 0.000000 1.000000
0.973287 0.229228 -0.012906 0.000000 -0.229462 0.973087 -0.021190 10.547000 0.007701 0.023585 0.999692 -1.004700 0.000000 0.000000 0.000000 1.000000
0.972203 0.233248 -0.020437 0.000000 -0.233707 0.972010 -0.024043 10.547000 0.014257 0.028151 0.999502 -1.004700 0.000000 0.000000 0.000000 1.000000
0.970932 0.237666 -0.028371 -0.000000 -0.238396 0.970823 -0.025892 10.547000 0.021390 0.031903 0.999262 -1.004700 0.000000 0.000000 0.000000 1.000000
0.969596 0.242035 -0.036086 0.000000 -0.242975 0.969726 -0.024387 10.547000 0.029091 0.032414 0.999051 -1.004700 0.000000 0.000000 0.000000 1.000000
0.969022 0.242759 -0.045439 -0.000000 -0.244111 0.969372 -0.026972 10.547000 0.037499 0.037228 0.998603 -1.004700 0.000000 0.000000 0.000000 1.000000
0.969061 0.240322 -0.056262 0.000000 -0.242397 0.969600 -0.033446 10.547000 0.046514 0.046049 0.997856 -1.004700 0.000000 0.000000 0.000000 1.000000
0.969648 0.235592 -0.065414 0.000000 -0.238356 0.970428 -0.038156 10.547000 0.054491 0.052590 0.997128 -1.004700 0.000000 0.000000 0.000000 1.000000
0.970544 0.230340 -0.070632 0.000000 -0.233306 0.971699 -0.037000 10.547000 0.060110 0.052389 0.996816 -1.004700 0.000000 0.000000 0.000000 1.000000
0.971308 0.226712 -0.071854 -0.000000 -0.229474 0.972764 -0.032731 10.547000 0.062476 0.048281 0.996878 -1.004700 0.000000 0.000000 0.000000 1.000000
