<?xml version="1.0" encoding="utf-8"?>
<COLLADA xmlns="http://www.collada.org/2005/11/COLLADASchema" version="1.4.1">
  <asset>
    <contributor>
      <author>Mixamo</author>
      <authoring_tool>COLLADA Mixamo exporter</authoring_tool>
      <comments/>
    </contributor>
    <created>2025-03-24T19:55:40Z</created>
    <modified>2025-03-24T19:55:40Z</modified>
    <revision/>
    <title/>
    <unit meter="0.010000"/>
    <up_axis>Y_UP</up_axis>
  </asset>
  <library_animations>
    <animation id="mixamorig9_Hips-anim" name="mixamorig9_Hips">
      <source id="mixamorig9_Hips-Matrix-animation-input">
        <float_array id="mixamorig9_Hips-Matrix-animation-input-array" count="45">

0.000000 0.033333 0.066667 0.100000 0.133333 0.166667 0.200000 0.233333 0.266667 0.300000 0.333333 0.366667 0.400000 0.433333 0.466667 0.500000
0.533333 0.566667 0.600000 0.633333 0.666667 0.700000 0.733333 0.766667 0.800000 0.833333 0.866667 0.900000 0.933333 0.966667 1.000000 1.033333
1.066667 1.100000 1.133333 1.166667 1.200000 1.233333 1.266667 1.300000 1.333333 1.366667 1.400000 1.433333 1.466667</float_array>
        <technique_common>
          <accessor source="#mixamorig9_Hips-Matrix-animation-input-array" count="45">
            <param name="TIME" type="float"/>
          </accessor>
        </technique_common>
      </source>
      <source id="mixamorig9_Hips-Matrix-animation-output-transform">
        <float_array id="mixamorig9_Hips-Matrix-animation-output-transform-array" count="720">

0.874481 0.091522 -0.476348 0.270611 -0.050601 0.993893 0.098065 93.628960 0.482414 -0.061653 0.873771 -0.279988 0.000000 0.000000 0.000000 1.000000
0.860415 0.093740 -0.500897 0.713010 -0.051777 0.993930 0.097069 93.493530 0.506956 -0.057585 0.860046 -0.208263 0.000000 0.000000 0.000000 1.000000
0.845111 0.096229 -0.525859 1.083369 -0.054533 0.994052 0.094264 93.297325 0.531802 -0.050987 0.845332 -0.102266 0.000000 0.000000 0.000000 1.000000
0.830412 0.097633 -0.548529 1.403803 -0.058295 0.994348 0.088733 93.055786 0.554092 -0.041709 0.831410 -0.008790 0.000000 0.000000 0.000000 1.000000
0.817721 0.096813 -0.567414 1.710735 -0.062540 0.994862 0.079616 92.797478 0.572207 -0.029618 0.819575 0.069988 0.000000 0.000000 0.000000 1.000000
0.807577 0.093865 -0.582244 1.975626 -0.067713 0.995482 0.066565 92.496384 0.585862 -0.014331 0.810284 0.144243 0.000000 0.000000 0.000000 1.000000
0.799308 0.089545 -0.594212 2.210306 -0.074163 0.995975 0.050329 92.138397 0.596327 0.003840 0.802732 0.212281 0.000000 0.000000 0.000000 1.000000
0.791220 0.083607 -0.605789 2.511204 -0.079902 0.996252 0.033136 91.804405 0.606289 0.022186 0.794935 0.247016 0.000000 0.000000 0.000000 1.000000
0.782179 0.074567 -0.618576 2.807539 -0.080625 0.996579 0.018185 91.555862 0.617815 0.035649 0.785515 0.267658 0.000000 0.000000 0.000000 1.000000
0.773156 0.061878 -0.631190 2.983463 -0.073337 0.997276 0.007934 91.429733 0.629962 0.040155 0.775588 0.331962 0.000000 0.000000 0.000000 1.000000
0.766212 0.047653 -0.640819 3.097429 -0.060014 0.998194 0.002472 91.450432 0.639780 0.036564 0.767688 0.462681 0.000000 0.000000 0.000000 1.000000
0.761478 0.035685 -0.647207 3.192420 -0.046843 0.998902 -0.000037 91.579010 0.646495 0.030345 0.762314 0.624104 0.000000 0.000000 0.000000 1.000000
0.756905 0.028385 -0.652908 3.201639 -0.038450 0.999260 -0.001131 91.769135 0.652393 0.025960 0.757436 0.830686 0.000000 0.000000 0.000000 1.000000
0.751655 0.026089 -0.659041 3.144344 -0.035010 0.999387 -0.000369 92.057487 0.658627 0.023351 0.752107 1.109948 0.000000 0.000000 0.000000 1.000000
0.747013 0.028621 -0.664193 3.143774 -0.034715 0.999389 0.004022 92.428818 0.663902 0.020053 0.747550 1.390970 0.000000 0.000000 0.000000 1.000000
0.743306 0.035165 -0.668026 3.278583 -0.036084 0.999271 0.012452 92.788109 0.667977 0.014849 0.744033 1.642094 0.000000 0.000000 0.000000 1.000000
0.739410 0.043262 -0.671864 3.610075 -0.037881 0.999026 0.022639 93.023438 0.672189 0.008712 0.740328 1.930692 0.000000 0.000000 0.000000 1.000000
0.736217 0.050818 -0.674835 4.068937 -0.039824 0.998702 0.031761 93.186890 0.675573 0.003491 0.737285 2.257457 0.000000 0.000000 0.000000 1.000000
0.737225 0.058097 -0.673145 4.505175 -0.043176 0.998311 0.038875 93.489517 0.674267 0.000404 0.738488 2.569972 0.000000 0.000000 0.000000 1.000000
0.744269 0.066083 -0.664602 4.993396 -0.048779 0.997814 0.044588 93.858414 0.666096 -0.000767 0.745866 2.837737 0.000000 0.000000 0.000000 1.000000
0.755639 0.074170 -0.650775 5.583592 -0.055473 0.997245 0.049245 94.202209 0.652635 -0.001111 0.757672 3.024306 0.000000 0.000000 0.000000 1.000000
0.769036 0.080066 -0.634172 6.190925 -0.060874 0.996789 0.052028 94.483490 0.636301 -0.001407 0.771440 3.102856 0.000000 0.000000 0.000000 1.000000
0.783911 0.081490 -0.615502 6.400798 -0.063080 0.996673 0.051616 94.756454 0.617660 -0.001637 0.786443 3.097982 0.000000 0.000000 0.000000 1.000000
0.800763 0.077802 -0.593907 6.551815 -0.061729 0.996968 0.047374 94.928856 0.595792 -0.001274 0.803138 3.080413 0.000000 0.000000 0.000000 1.000000
0.819375 0.070288 -0.568933 6.660592 -0.057849 0.997527 0.039924 94.914612 0.570332 0.000199 0.821414 3.023364 0.000000 0.000000 0.000000 1.000000
0.838453 0.060675 -0.541586 6.722730 -0.052447 0.998154 0.030630 94.905495 0.542445 0.002723 0.840087 2.963868 0.000000 0.000000 0.000000 1.000000
0.856531 0.049690 -0.513697 6.685977 -0.045546 0.998748 0.020666 94.880180 0.514081 0.005696 0.857723 2.934595 0.000000 0.000000 0.000000 1.000000
0.872494 0.037244 -0.487204 6.462570 -0.036531 0.999272 0.010969 94.773148 0.487258 0.008228 0.873219 2.947747 0.000000 0.000000 0.000000 1.000000
0.885392 0.025188 -0.464163 5.991531 -0.026807 0.999636 0.003111 94.543808 0.464072 0.009689 0.885744 2.911617 0.000000 0.000000 0.000000 1.000000
0.894905 0.018332 -0.445880 5.308201 -0.020824 0.999783 -0.000691 94.312363 0.445771 0.009904 0.895092 2.758225 0.000000 0.000000 0.000000 1.000000
0.902302 0.021365 -0.430576 4.491024 -0.023334 0.999727 0.000708 94.165619 0.430473 0.009408 0.902554 2.529291 0.000000 0.000000 0.000000 1.000000
0.909875 0.035097 -0.413396 3.590292 -0.035823 0.999340 0.005998 94.043022 0.413334 0.009352 0.910532 2.252949 0.000000 0.000000 0.000000 1.000000
0.918660 0.055841 -0.391083 2.630586 -0.055344 0.998388 0.012552 93.908249 0.391154 0.010113 0.920270 1.906188 0.000000 0.000000 0.000000 1.000000
0.927238 0.076953 -0.366480 1.614766 -0.075199 0.996986 0.019085 93.780830 0.366844 0.009863 0.930230 1.520656 0.000000 0.000000 0.000000 1.000000
0.933093 0.093348 -0.347310 0.612900 -0.089750 0.995613 0.026469 93.734238 0.348257 0.006473 0.937377 1.161041 0.000000 0.000000 0.000000 1.000000
0.934631 0.103831 -0.340124 -0.234048 -0.097520 0.994595 0.035647 93.719917 0.341987 -0.000148 0.939705 0.830243 0.000000 0.000000 0.000000 1.000000
0.931982 0.109410 -0.345601 -0.815969 -0.099614 0.993961 0.046037 93.667061 0.348550 -0.008479 0.937252 0.513153 0.000000 0.000000 0.000000 1.000000
0.926614 0.110465 -0.359421 -1.156078 -0.096445 0.993718 0.056767 93.626900 0.363434 -0.017937 0.931447 0.245388 0.000000 0.000000 0.000000 1.000000
0.920232 0.107215 -0.376401 -1.341459 -0.088057 0.993806 0.067794 93.706207 0.381338 -0.029242 0.923973 0.052933 0.000000 0.000000 0.000000 1.000000
0.913865 0.101491 -0.393129 -1.363004 -0.076568 0.993960 0.078612 93.802139 0.398733 -0.041740 0.916117 -0.059933 0.000000 0.000000 0.000000 1.000000
0.907796 0.095949 -0.408290 -1.236017 -0.065684 0.993992 0.087548 93.849747 0.414237 -0.052657 0.908644 -0.149760 0.000000 0.000000 0.000000 1.000000
0.901709 0.092154 -0.422408 -0.986280 -0.057826 0.993948 0.093401 93.876289 0.428459 -0.059794 0.901581 -0.238553 0.000000 0.000000 0.000000 1.000000
0.894783 0.090369 -0.437261 -0.626344 -0.053215 0.993908 0.096515 93.865700 0.443319 -0.063091 0.894141 -0.284531 0.000000 0.000000 0.000000 1.000000
0.885973 0.090285 -0.454863 -0.194098 -0.051037 0.993890 0.097869 93.800926 0.460919 -0.063494 0.885168 -0.296039 0.000000 0.000000 0.000000 1.000000
0.874480 0.091522 -0.476348 0.270613 -0.050601 0.993893 0.098065 93.698631 0.482414 -0.061653 0.873771 -0.279986 0.000000 0.000000 0.000000 1.000000</float_array>
        <technique_common>
          <accessor source="#mixamorig9_Hips-Matrix-animation-output-transform-array" count="45" stride="16">
            <param type="float4x4"/>
          </accessor>
        </technique_common>
      </source>
      <source id="mixamorig9_Hips-Interpolations">
        <Name_array id="mixamorig9_Hips-Interpolations-array" count="45">
 LINEAR LINEAR LINEAR LINEAR LINEAR LINEAR LINEAR LINEAR LINEAR LINEAR LINEAR
LINEAR LINEAR LINEAR LINEAR LINEAR LINEAR LINEAR LINEAR LINEAR LINEAR LINEAR LINEAR
LINEAR LINEAR LINEAR LINEAR LINEAR LINEAR LINEAR LINEAR LINEAR LINEAR LINEAR LINEAR
LINEAR LINEAR LINEAR LINEAR LINEAR LINEAR LINEAR LINEAR LINEAR LINEAR</Name_array>
        <technique_common>
          <accessor source="#mixamorig9_Hips-Interpolations-array" count="45">
            <param type="name"/>
          </accessor>
        </technique_common>
      </source>
      <sampler id="mixamorig9_Hips-Matrix-animation-transform">
        <input semantic="INPUT" source="#mixamorig9_Hips-Matrix-animation-input"/>
        <input semantic="OUTPUT" source="#mixamorig9_Hips-Matrix-animation-output-transform"/>
        <input semantic="INTERPOLATION" source="#mixamorig9_Hips-Interpolations"/>
      </sampler>
      <channel source="#mixamorig9_Hips-Matrix-animation-transform" target="mixamorig9_Hips/matrix"/>
    </animation>
    <animation id="mixamorig9_Spine-anim" name="mixamorig9_Spine">
      <source id="mixamorig9_Spine-Matrix-animation-input">
        <float_array id="mixamorig9_Spine-Matrix-animation-input-array" count="45">

0.000000 0.033333 0.066667 0.100000 0.133333 0.166667 0.200000 0.233333 0.266667 0.300000 0.333333 0.366667 0.400000 0.433333 0.466667 0.500000
0.533333 0.566667 0.600000 0.633333 0.666667 0.700000 0.733333 0.766667 0.800000 0.833333 0.866667 0.900000 0.933333 0.966667 1.000000 1.033333
1.066667 1.100000 1.133333 1.166667 1.200000 1.233333 1.266667 1.300000 1.333333 1.366667 1.400000 1.433333 1.466667</float_array>
        <technique_common>
          <accessor source="#mixamorig9_Spine-Matrix-animation-input-array" count="45">
            <param name="TIME" type="float"/>
          </accessor>
        </technique_common>
      </source>
      <source id="mixamorig9_Spine-Matrix-animation-output-transform">
        <float_array id="mixamorig9_Spine-Matrix-animation-output-transform-array" count="720">

0.989905 -0.028259 0.138885 0.000000 0.042459 0.994044 -0.100369 10.547000 -0.135221 0.105253 0.985209 -1.004700 0.000000 0.000000 0.000000 1.000000
0.987814 -0.024577 0.153688 -0.000000 0.039897 0.994444 -0.097411 10.547000 -0.150440 0.102356 0.983306 -1.004700 0.000000 0.000000 0.000000 1.000000
0.985782 -0.020120 0.166823 -0.000000 0.035983 0.995051 -0.092617 10.547000 -0.164134 0.097303 0.981627 -1.004700 0.000000 0.000000 0.000000 1.000000
0.984403 -0.014831 0.175301 0.000000 0.030307 0.995839 -0.085941 10.547000 -0.173297 0.089913 0.980757 -1.004700 0.000000 0.000000 0.000000 1.000000
0.984092 -0.009499 0.177405 -0.000000 0.023544 0.996735 -0.077232 10.547000 -0.176092 0.080181 0.981103 -1.004700 0.000000 0.000000 0.000000 1.000000
0.984708 -0.005630 0.174122 0.000000 0.017443 0.997642 -0.066385 10.547000 -0.173337 0.068407 0.982484 -1.004700 0.000000 0.000000 0.000000 1.000000
0.985674 -0.003713 0.168621 0.000000 0.013021 0.998449 -0.054127 10.547000 -0.168158 0.055547 0.984194 -1.004700 0.000000 0.000000 0.000000 1.000000
0.986460 -0.001404 0.163996 0.000000 0.008517 0.999053 -0.042676 10.547000 -0.163781 0.043495 0.985537 -1.004700 0.000000 0.000000 0.000000 1.000000
0.986879 0.005457 0.161369 -0.000000 0.000206 0.999385 -0.035058 10.547000 -0.161461 0.034631 0.986271 -1.004700 0.000000 0.000000 0.000000 1.000000
0.986891 0.018990 0.160265 0.000000 -0.013864 0.999358 -0.033039 10.547000 -0.160790 0.030384 0.986521 -1.004700 0.000000 0.000000 0.000000 1.000000
0.986380 0.036960 0.160273 0.000000 -0.031686 0.998873 -0.035341 10.547000 -0.161399 0.029781 0.986440 -1.004700 0.000000 0.000000 0.000000 1.000000
0.985408 0.054457 0.161264 0.000000 -0.048927 0.998076 -0.038074 10.547000 -0.163027 0.029628 0.986177 -1.004700 0.000000 0.000000 0.000000 1.000000
0.984498 0.068154 0.161613 0.000000 -0.062816 0.997305 -0.037916 10.547000 -0.163762 0.027177 0.986126 -1.004700 0.000000 0.000000 0.000000 1.000000
0.984438 0.077704 0.157621 0.000000 -0.073050 0.996710 -0.035114 10.547000 -0.159831 0.023053 0.986875 -1.004700 0.000000 0.000000 0.000000 1.000000
0.985674 0.083998 0.146257 0.000000 -0.080016 0.996250 -0.032909 10.547000 -0.148473 0.020735 0.988699 -1.004700 0.000000 0.000000 0.000000 1.000000
0.987864 0.087456 0.128363 0.000000 -0.083782 0.995912 -0.033756 10.547000 -0.130790 0.022592 0.991153 -1.004700 0.000000 0.000000 0.000000 1.000000
0.990221 0.087970 0.108274 0.000000 -0.084440 0.995750 -0.036778 10.547000 -0.111049 0.027276 0.993441 -1.004700 0.000000 0.000000 0.000000 1.000000
0.992257 0.085395 0.090192 -0.000000 -0.082120 0.995843 -0.039419 10.547000 -0.093183 0.031707 0.995144 -1.004700 0.000000 0.000000 0.000000 1.000000
0.993960 0.079748 0.075389 0.000000 -0.076847 0.996214 -0.040638 10.547000 -0.078344 0.034599 0.996326 -1.004700 0.000000 0.000000 0.000000 1.000000
0.995455 0.071653 0.062723 0.000000 -0.069145 0.996752 -0.041292 10.547000 -0.065478 0.036768 0.997176 -1.004700 0.000000 0.000000 0.000000 1.000000
0.996744 0.062514 0.050922 0.000000 -0.060393 0.997283 -0.042189 10.547000 -0.053422 0.038976 0.997811 -1.004700 0.000000 0.000000 0.000000 1.000000
0.997745 0.054097 0.039720 -0.000000 -0.052371 0.997690 -0.043267 10.547000 -0.041969 0.041090 0.998274 -1.004700 0.000000 0.000000 0.000000 1.000000
0.998432 0.047714 0.029262 0.000000 -0.046389 0.997937 -0.044390 10.547000 -0.031320 0.042963 0.998586 -1.004700 0.000000 0.000000 0.000000 1.000000
0.998862 0.043572 0.019408 -0.000000 -0.042644 0.998036 -0.045888 10.547000 -0.021369 0.045008 0.998758 -1.004700 0.000000 0.000000 0.000000 1.000000
0.999115 0.040858 0.009994 -0.000000 -0.040335 0.998036 -0.047926 10.547000 -0.011932 0.047480 0.998801 -1.004700 0.000000 0.000000 0.000000 1.000000
0.999238 0.038988 0.001565 -0.000000 -0.038863 0.998016 -0.049533 10.547000 -0.003494 0.049434 0.998771 -1.004700 0.000000 0.000000 0.000000 1.000000
0.999248 0.038541 -0.004159 0.000000 -0.038698 0.998061 -0.048754 10.547000 0.002271 0.048879 0.998802 -1.004700 0.000000 0.000000 0.000000 1.000000
0.999152 0.040867 -0.004977 0.000000 -0.041049 0.998162 -0.044579 10.547000 0.003146 0.044745 0.998993 -1.004700 0.000000 0.000000 0.000000 1.000000
0.998994 0.044854 -0.000110 -0.000000 -0.044824 0.998234 -0.038995 10.547000 -0.001639 0.038960 0.999239 -1.004700 0.000000 0.000000 0.000000 1.000000
0.998946 0.045093 0.008622 0.000000 -0.044757 0.998352 -0.035924 10.547000 -0.010227 0.035500 0.999317 -1.004700 0.000000 0.000000 0.000000 1.000000
0.999228 0.035182 0.017458 0.000000 -0.034503 0.998691 -0.037757 10.547000 -0.018764 0.037125 0.999134 -1.004700 0.000000 0.000000 0.000000 1.000000
0.999655 0.013457 0.022537 -0.000000 -0.012462 0.998966 -0.043724 10.547000 -0.023102 0.043428 0.998789 -1.004700 0.000000 0.000000 0.000000 1.000000
0.999634 -0.015159 0.022424 0.000000 0.016293 0.998550 -0.051307 10.547000 -0.021614 0.051653 0.998431 -1.004700 0.000000 0.000000 0.000000 1.000000
0.998927 -0.041982 0.019572 -0.000000 0.043063 0.997357 -0.058523 10.547000 -0.017064 0.059303 0.998094 -1.004700 0.000000 0.000000 0.000000 1.000000
0.997952 -0.061166 0.018737 0.000000 0.062261 0.995951 -0.064847 10.547000 -0.014695 0.065881 0.997719 -1.004700 0.000000 0.000000 0.000000 1.000000
0.997120 -0.072190 0.023242 -0.000000 0.073666 0.994782 -0.070586 10.547000 -0.018025 0.072095 0.997235 -1.004700 0.000000 0.000000 0.000000 1.000000
0.996488 -0.076985 0.032928 0.000000 0.079302 0.993946 -0.076049 10.547000 -0.026874 0.078393 0.996560 -1.004700 0.000000 0.000000 0.000000 1.000000
0.996045 -0.076307 0.045514 -0.000000 0.079832 0.993476 -0.081435 10.547000 -0.039003 0.084746 0.995639 -1.004700 0.000000 0.000000 0.000000 1.000000
0.995798 -0.069988 0.059061 0.000000 0.074973 0.993391 -0.086907 10.547000 -0.052588 0.090970 0.994464 -1.004700 0.000000 0.000000 0.000000 1.000000
0.995571 -0.059537 0.072752 -0.000000 0.066159 0.993533 -0.092276 10.547000 -0.066788 0.096680 0.993072 -1.004700 0.000000 0.000000 0.000000 1.000000
0.995090 -0.048618 0.086210 0.000000 0.056940 0.993668 -0.096856 10.547000 -0.080955 0.101289 0.991558 -1.004700 0.000000 0.000000 0.000000 1.000000
0.994258 -0.040318 0.099128 0.000000 0.050265 0.993718 -0.099987 10.547000 -0.094474 0.104395 0.990039 -1.004700 0.000000 0.000000 0.000000 1.000000
0.993124 -0.035082 0.111683 0.000000 0.046522 0.993744 -0.101533 10.547000 -0.107422 0.106030 0.988543 -1.004700 0.000000 0.000000 0.000000 1.000000
0.991694 -0.031525 0.124696 0.000000 0.044376 0.993829 -0.101664 10.547000 -0.120722 0.106353 0.986973 -1.004700 0.000000 0.000000 0.000000 1.000000
0.989905 -0.028259 0.138885 -0.000000 0.042459 0.994044 -0.100369 10.547000 -0.135221 0.105253 0.985209 -1.004700 0.000000 0.000000 0.000000 1.000000</float_array>
        <technique_common>
          <accessor source="#mixamorig9_Spine-Matrix-animation-output-transform-array" count="45" stride="16">
            <param type="float4x4"/>
          </accessor>
        </technique_common>
      </source>
      <source id="mixamorig9_Spine-Interpolations">
        <Name_array id="mixamorig9_Spine-Interpolations-array" count="45">
 LINEAR LINEAR LINEAR LINEAR LINEAR LINEAR LINEAR LINEAR LINEAR LINEAR LINEAR
LINEAR LINEAR LINEAR LINEAR LINEAR LINEAR LINEAR LINEAR LINEAR LINEAR LINEAR LINEAR
LINEAR LINEAR LINEAR LINEAR LINEAR LINEAR LINEAR LINEAR LINEAR LINEAR LINEAR LINEAR
LINEAR LINEAR LINEAR LINEAR LINEAR LINEAR LINEAR LINEAR LINEAR LINEAR</Name_array>
        <technique_common>
          <accessor source="#mixamorig9_Spine-Interpolations-array" count="45">
            <param type="name"/>
          </accessor>
        </technique_common>
      </source>
      <sampler id="mixamorig9_Spine-Matrix-animation-transform">
        <input semantic="INPUT" source="#mixamorig9_Spine-Matrix-animation-input"/>
        <input semantic="OUTPUT" source="#mixamorig9_Spine-Matrix-animation-output-transform"/>
        <input semantic="INTERPOLATION" source="#mixamorig9_Spine-Interpolations"/>
      </sampler>
      <channel source="#mixamorig9_Spine-Matrix-animation-transform" target="mixamorig9_Spine/matrix"/>
    </animation>
    <animation id="mixamorig9_Spine1-anim" name="mixamorig9_Spine1">
      <source id="mixamorig9_Spine1-Matrix-animation-input">
        <float_array id="mixamorig9_Spine1-Matrix-animation-input-array" count="45">

0.000000 0.033333 0.066667 0.100000 0.133333 0.166667 0.200000 0.233333 0.266667 0.300000 0.333333 0.366667 0.400000 0.433333 0.466667 0.500000
0.533333 0.566667 0.600000 0.633333 0.666667 0.700000 0.733333 0.766667 0.800000 0.833333 0.866667 0.900000 0.933333 0.966667 1.000000 1.033333
1.066667 1.100000 1.133333 1.166667 1.200000 1.233333 1.266667 1.300000 1.333333 1.366667 1.400000 1.433333 1.466667</float_array>
        <technique_common>
          <accessor source="#mixamorig9_Spine1-Matrix-animation-input-array" count="45">
            <param name="TIME" type="float"/>
          </accessor>
        </technique_common>
      </source>
      <source id="mixamorig9_Spine1-Matrix-animation-output-transform">
        <float_array id="mixamorig9_Spine1-Matrix-animation-output-transform-array" count="720">

0.999333 0.002448 0.036428 -0.000000 0.000040 0.997675 -0.068150 12.360600 -0.036510 0.068106 0.997010 0.000000 0.000000 0.000000 0.000000 1.000000
0.999185 0.001808 0.040314 0.000000 0.000951 0.997662 -0.068332 12.360600 -0.040344 0.068314 0.996848 0.000000 0.000000 0.000000 0.000000 1.000000
0.999038 0.001256 0.043837 0.000000 0.001723 0.997693 -0.067859 12.360600 -0.043822 0.067869 0.996731 -0.000000 0.000000 0.000000 0.000000 1.000000
0.998929 0.000750 0.046256 0.000000 0.002326 0.997789 -0.066419 12.360600 -0.046204 0.066455 0.996719 0.000000 0.000000 0.000000 0.000000 1.000000
0.998890 0.000388 0.047105 0.000000 0.002628 0.997950 -0.063947 12.360600 -0.047033 0.064000 0.996841 -0.000000 0.000000 0.000000 0.000000 1.000000
0.998916 0.000336 0.046545 -0.000000 0.002487 0.998160 -0.060583 12.360600 -0.046479 0.060633 0.997077 0.000000 0.000000 0.000000 0.000000 1.000000
0.998973 0.000765 0.045293 -0.000000 0.001802 0.998395 -0.056606 12.360600 -0.045264 0.056630 0.997369 0.000000 0.000000 0.000000 0.000000 1.000000
0.999023 0.001807 0.044150 0.000000 0.000516 0.998619 -0.052541 12.360600 -0.044184 0.052513 0.997642 0.000000 0.000000 0.000000 0.000000 1.000000
0.999046 0.003600 0.043517 0.000000 -0.001453 0.998784 -0.049276 12.360600 -0.043642 0.049166 0.997837 0.000000 0.000000 0.000000 0.000000 1.000000
0.999040 0.006310 0.043357 0.000000 -0.004236 0.998850 -0.047753 12.360600 -0.043608 0.047523 0.997918 0.000000 0.000000 0.000000 0.000000 1.000000
0.999003 0.009903 0.043524 -0.000000 -0.007800 0.998806 -0.048218 12.360600 -0.043950 0.047830 0.997888 -0.000000 0.000000 0.000000 0.000000 1.000000
0.998940 0.013837 0.043896 0.000000 -0.011648 0.998694 -0.049738 12.360600 -0.044527 0.049174 0.997797 0.000000 0.000000 0.000000 0.000000 1.000000
0.998882 0.017178 0.044046 -0.000000 -0.014936 0.998601 -0.050733 12.360600 -0.044856 0.050019 0.997741 0.000000 0.000000 0.000000 0.000000 1.000000
0.998888 0.019139 0.043086 0.000000 -0.016969 0.998596 -0.050177 12.360600 -0.043986 0.049390 0.997811 -0.000000 0.000000 0.000000 0.000000 1.000000
0.999000 0.019444 0.040258 0.000000 -0.017492 0.998681 -0.048274 12.360600 -0.041144 0.047521 0.998022 0.000000 0.000000 0.000000 0.000000 1.000000
0.999195 0.018229 0.035736 -0.000000 -0.016576 0.998803 -0.046011 12.360600 -0.036532 0.045381 0.998302 0.000000 0.000000 0.000000 0.000000 1.000000
0.999406 0.015852 0.030589 -0.000000 -0.014489 0.998915 -0.044270 12.360600 -0.031258 0.043801 0.998551 -0.000000 0.000000 0.000000 0.000000 1.000000
0.999582 0.012841 0.025887 0.000000 -0.011710 0.998989 -0.043403 12.360600 -0.026418 0.043081 0.998722 0.000000 0.000000 0.000000 0.000000 1.000000
0.999711 0.009753 0.021965 0.000000 -0.008794 0.999023 -0.043317 12.360600 -0.022366 0.043112 0.998820 -0.000000 0.000000 0.000000 0.000000 1.000000
0.999804 0.006885 0.018538 -0.000000 -0.006069 0.999026 -0.043712 12.360600 -0.018821 0.043591 0.998872 0.000000 0.000000 0.000000 0.000000 1.000000
0.999874 0.004259 0.015299 0.000000 -0.003579 0.999015 -0.044235 12.360600 -0.015473 0.044175 0.998904 0.000000 0.000000 0.000000 0.000000 1.000000
0.999924 0.001852 0.012194 -0.000000 -0.001307 0.999005 -0.044572 12.360600 -0.012264 0.044553 0.998932 0.000000 0.000000 0.000000 0.000000 1.000000
0.999957 -0.000295 0.009251 0.000000 0.000706 0.999009 -0.044511 12.360600 -0.009229 0.044516 0.998966 -0.000000 0.000000 0.000000 0.000000 1.000000
0.999977 -0.002134 0.006420 0.000000 0.002415 0.999028 -0.044021 12.360600 -0.006320 0.044035 0.999010 -0.000000 0.000000 0.000000 0.000000 1.000000
0.999987 -0.003673 0.003656 -0.000000 0.003828 0.999059 -0.043207 12.360600 -0.003494 0.043220 0.999059 -0.000000 0.000000 0.000000 0.000000 1.000000
0.999987 -0.004967 0.001128 0.000000 0.005011 0.999099 -0.042151 12.360600 -0.000918 0.042156 0.999111 0.000000 0.000000 0.000000 0.000000 1.000000
0.999981 -0.006048 -0.000675 0.000000 0.006015 0.999147 -0.040846 12.360600 0.000921 0.040841 0.999165 0.000000 0.000000 0.000000 0.000000 1.000000
0.999976 -0.006781 -0.001148 -0.000000 0.006730 0.999201 -0.039391 12.360600 0.001414 0.039383 0.999223 0.000000 0.000000 0.000000 0.000000 1.000000
0.999977 -0.006742 -0.000105 -0.000000 0.006733 0.999246 -0.038232 12.360600 0.000363 0.038230 0.999269 -0.000000 0.000000 0.000000 0.000000 1.000000
0.999984 -0.005399 0.001930 0.000000 0.005469 0.999263 -0.037992 12.360600 -0.001723 0.038002 0.999276 -0.000000 0.000000 0.000000 0.000000 1.000000
0.999988 -0.002766 0.003962 -0.000000 0.002918 0.999235 -0.038998 12.360600 -0.003851 0.039009 0.999231 0.000000 0.000000 0.000000 0.000000 1.000000
0.999987 0.000206 0.005043 0.000000 0.000001 0.999159 -0.041007 12.360600 -0.005047 0.041006 0.999146 0.000000 0.000000 0.000000 0.000000 1.000000
0.999985 0.002327 0.004885 -0.000000 -0.002113 0.999057 -0.043376 12.360600 -0.004981 0.043365 0.999047 -0.000000 0.000000 0.000000 0.000000 1.000000
0.999986 0.003355 0.004169 0.000000 -0.003162 0.998956 -0.045579 12.360600 -0.004317 0.045566 0.998952 0.000000 0.000000 0.000000 0.000000 1.000000
0.999983 0.004186 0.004088 0.000000 -0.003987 0.998857 -0.047628 12.360600 -0.004283 0.047611 0.998857 0.000000 0.000000 0.000000 0.000000 1.000000
0.999969 0.005757 0.005423 0.000000 -0.005479 0.998735 -0.049987 12.360600 -0.005704 0.049955 0.998735 0.000000 0.000000 0.000000 0.000000 1.000000
0.999936 0.007959 0.008083 0.000000 -0.007520 0.998565 -0.053021 12.360600 -0.008494 0.052957 0.998561 0.000000 0.000000 0.000000 0.000000 1.000000
0.999886 0.009787 0.011489 0.000000 -0.009122 0.998357 -0.056576 12.360600 -0.012024 0.056465 0.998332 0.000000 0.000000 0.000000 0.000000 1.000000
0.999831 0.010388 0.015167 0.000000 -0.009459 0.998148 -0.060085 12.360600 -0.015763 0.059931 0.998078 0.000000 0.000000 0.000000 0.000000 1.000000
0.999774 0.009703 0.018900 0.000000 -0.008495 0.997977 -0.063006 12.360600 -0.019473 0.062831 0.997834 -0.000000 0.000000 0.000000 0.000000 1.000000
0.999712 0.008203 0.022548 0.000000 -0.006720 0.997857 -0.065091 12.360600 -0.023034 0.064921 0.997625 0.000000 0.000000 0.000000 0.000000 1.000000
0.999641 0.006399 0.026006 0.000000 -0.004660 0.997783 -0.066390 12.360600 -0.026373 0.066245 0.997455 0.000000 0.000000 0.000000 0.000000 1.000000
0.999559 0.004690 0.029321 0.000000 -0.002712 0.997739 -0.067157 12.360600 -0.029570 0.067048 0.997311 0.000000 0.000000 0.000000 0.000000 1.000000
0.999459 0.003355 0.032726 0.000000 -0.001132 0.997705 -0.067698 12.360600 -0.032878 0.067625 0.997169 -0.000000 0.000000 0.000000 0.000000 1.000000
0.999333 0.002448 0.036428 -0.000000 0.000040 0.997675 -0.068150 12.360600 -0.036511 0.068106 0.997010 0.000000 0.000000 0.000000 0.000000 1.000000</float_array>
        <technique_common>
          <accessor source="#mixamorig9_Spine1-Matrix-animation-output-transform-array" count="45" stride="16">
            <param type="float4x4"/>
          </accessor>
        </technique_common>
      </source>
      <source id="mixamorig9_Spine1-Interpolations">
        <Name_array id="mixamorig9_Spine1-Interpolations-array" count="45">
 LINEAR LINEAR LINEAR LINEAR LINEAR LINEAR LINEAR LINEAR LINEAR LINEAR LINEAR
LINEAR LINEAR LINEAR LINEAR LINEAR LINEAR LINEAR LINEAR LINEAR LINEAR LINEAR LINEAR
LINEAR LINEAR LINEAR LINEAR LINEAR LINEAR LINEAR LINEAR LINEAR LINEAR LINEAR LINEAR
LINEAR LINEAR LINEAR LINEAR LINEAR LINEAR LINEAR LINEAR LINEAR LINEAR</Name_array>
        <technique_common>
          <accessor source="#mixamorig9_Spine1-Interpolations-array" count="45">
            <param type="name"/>
          </accessor>
        </technique_common>
      </source>
      <sampler id="mixamorig9_Spine1-Matrix-animation-transform">
        <input semantic="INPUT" source="#mixamorig9_Spine1-Matrix-animation-input"/>
        <input semantic="OUTPUT" source="#mixamorig9_Spine1-Matrix-animation-output-transform"/>
        <input semantic="INTERPOLATION" source="#mixamorig9_Spine1-Interpolations"/>
      </sampler>
      <channel source="#mixamorig9_Spine1-Matrix-animation-transform" target="mixamorig9_Spine1/matrix"/>
    </animation>
    <animation id="mixamorig9_Spine2-anim" name="mixamorig9_Spine2">
      <source id="mixamorig9_Spine2-Matrix-animation-input">
        <float_array id="mixamorig9_Spine2-Matrix-animation-input-array" count="45">

0.000000 0.033333 0.066667 0.100000 0.133333 0.166667 0.200000 0.233333 0.266667 0.300000 0.333333 0.366667 0.400000 0.433333 0.466667 0.500000
0.533333 0.566667 0.600000 0.633333 0.666667 0.700000 0.733333 0.766667 0.800000 0.833333 0.866667 0.900000 0.933333 0.966667 1.000000 1.033333
1.066667 1.100000 1.133333 1.166667 1.200000 1.233333 1.266667 1.300000 1.333333 1.366667 1.400000 1.433333 1.466667</float_array>
        <technique_common>
          <accessor source="#mixamorig9_Spine2-Matrix-animation-input-array" count="45">
            <param name="TIME" type="float"/>
          </accessor>
        </technique_common>
      </source>
      <source id="mixamorig9_Spine2-Matrix-animation-output-transform">
        <float_array id="mixamorig9_Spine2-Matrix-animation-output-transform-array" count="720">

0.999336 0.002594 0.036332 0.000000 -0.000112 0.997675 -0.068145 14.126300 -0.036424 0.068096 0.997014 0.000000 0.000000 0.000000 0.000000 1.000000
0.999188 0.001943 0.040253 0.000000 0.000811 0.997664 -0.068302 14.126300 -0.040292 0.068279 0.996852 0.000000 0.000000 0.000000 0.000000 1.000000
0.999039 0.001370 0.043811 0.000000 0.001605 0.997698 -0.067797 14.126300 -0.043803 0.067802 0.996737 0.000000 0.000000 0.000000 0.000000 1.000000
0.998929 0.000838 0.046262 0.000000 0.002234 0.997796 -0.066319 14.126300 -0.046216 0.066351 0.996725 0.000000 0.000000 0.000000 0.000000 1.000000
0.998888 0.000447 0.047134 0.000000 0.002564 0.997958 -0.063815 14.126300 -0.047067 0.063865 0.996848 0.000000 0.000000 0.000000 0.000000 1.000000
0.998914 0.000365 0.046587 0.000000 0.002454 0.998169 -0.060441 14.126300 -0.046523 0.060489 0.997084 0.000000 0.000000 0.000000 0.000000 1.000000
0.998971 0.000769 0.045339 0.000000 0.001795 0.998402 -0.056482 14.126300 -0.045310 0.056505 0.997374 0.000000 0.000000 0.000000 0.000000 1.000000
0.999021 0.001800 0.044196 -0.000000 0.000521 0.998623 -0.052450 14.126300 -0.044230 0.052422 0.997645 -0.000000 0.000000 0.000000 0.000000 1.000000
0.999044 0.003597 0.043567 0.000000 -0.001450 0.998788 -0.049203 14.126300 -0.043691 0.049092 0.997838 -0.000000 0.000000 0.000000 0.000000 1.000000
0.999037 0.006314 0.043421 0.000000 -0.004241 0.998855 -0.047661 14.126300 -0.043672 0.047431 0.997919 0.000000 0.000000 0.000000 0.000000 1.000000
0.998999 0.009897 0.043615 0.000000 -0.007796 0.998813 -0.048081 14.126300 -0.044039 0.047693 0.997891 0.000000 0.000000 0.000000 0.000000 1.000000
0.998935 0.013797 0.044022 0.000000 -0.011610 0.998704 -0.049553 14.126300 -0.044649 0.048990 0.997801 0.000000 0.000000 0.000000 0.000000 1.000000
0.998876 0.017094 0.044210 0.000000 -0.014853 0.998613 -0.050513 14.126300 -0.045012 0.049800 0.997744 0.000000 0.000000 0.000000 0.000000 1.000000
0.998882 0.019036 0.043282 0.000000 -0.016867 0.998610 -0.049937 14.126300 -0.044172 0.049151 0.997814 0.000000 0.000000 0.000000 0.000000 1.000000
0.998993 0.019371 0.040472 0.000000 -0.017419 0.998694 -0.048031 14.126300 -0.041349 0.047278 0.998026 0.000000 0.000000 0.000000 0.000000 1.000000
0.999187 0.018225 0.035955 -0.000000 -0.016571 0.998814 -0.045783 14.126300 -0.036747 0.045150 0.998304 -0.000000 0.000000 0.000000 0.000000 1.000000
0.999399 0.015916 0.030810 0.000000 -0.014550 0.998923 -0.044069 14.126300 -0.031478 0.043594 0.998553 0.000000 0.000000 0.000000 0.000000 1.000000
0.999575 0.012941 0.026110 0.000000 -0.011804 0.998996 -0.043227 14.126300 -0.026644 0.042900 0.998724 0.000000 0.000000 0.000000 0.000000 1.000000
0.999705 0.009853 0.022187 -0.000000 -0.008888 0.999029 -0.043161 14.126300 -0.022591 0.042952 0.998822 -0.000000 0.000000 0.000000 0.000000 1.000000
0.999800 0.006970 0.018750 -0.000000 -0.006147 0.999031 -0.043576 14.126300 -0.019036 0.043452 0.998874 0.000000 0.000000 0.000000 0.000000 1.000000
0.999871 0.004329 0.015494 -0.000000 -0.003641 0.999019 -0.044123 14.126300 -0.015669 0.044061 0.998906 0.000000 0.000000 0.000000 0.000000 1.000000
0.999922 0.001908 0.012370 -0.000000 -0.001356 0.999009 -0.044485 14.126300 -0.012442 0.044464 0.998933 0.000000 0.000000 0.000000 0.000000 1.000000
0.999956 -0.000252 0.009412 -0.000000 0.000670 0.999012 -0.044447 14.126300 -0.009391 0.044451 0.998967 0.000000 0.000000 0.000000 0.000000 1.000000
0.999976 -0.002104 0.006569 0.000000 0.002391 0.999030 -0.043977 14.126300 -0.006470 0.043992 0.999011 0.000000 0.000000 0.000000 0.000000 1.000000
0.999986 -0.003657 0.003794 0.000000 0.003818 0.999060 -0.043184 14.126300 -0.003632 0.043198 0.999060 -0.000000 0.000000 0.000000 0.000000 1.000000
0.999987 -0.004964 0.001255 -0.000000 0.005013 0.999099 -0.042148 14.126300 -0.001045 0.042154 0.999111 0.000000 0.000000 0.000000 0.000000 1.000000
0.999982 -0.006054 -0.000551 0.000000 0.006026 0.999147 -0.040857 14.126300 0.000798 0.040853 0.999165 0.000000 0.000000 0.000000 0.000000 1.000000
0.999976 -0.006788 -0.001016 -0.000000 0.006743 0.999201 -0.039404 14.126300 0.001283 0.039396 0.999223 -0.000000 0.000000 0.000000 0.000000 1.000000
0.999977 -0.006741 0.000040 0.000000 0.006738 0.999246 -0.038234 14.126300 0.000217 0.038233 0.999269 0.000000 0.000000 0.000000 0.000000 1.000000
0.999983 -0.005384 0.002076 0.000000 0.005459 0.999264 -0.037979 14.126300 -0.001870 0.037990 0.999276 0.000000 0.000000 0.000000 0.000000 1.000000
0.999988 -0.002738 0.004073 0.000000 0.002894 0.999236 -0.038982 14.126300 -0.003963 0.038993 0.999232 0.000000 0.000000 0.000000 0.000000 1.000000
0.999987 0.000239 0.005082 0.000000 -0.000030 0.999159 -0.041003 14.126300 -0.005088 0.041002 0.999146 0.000000 0.000000 0.000000 0.000000 1.000000
0.999986 0.002355 0.004834 -0.000000 -0.002143 0.999056 -0.043392 14.126300 -0.004931 0.043381 0.999046 -0.000000 0.000000 0.000000 0.000000 1.000000
0.999986 0.003375 0.004034 0.000000 -0.003187 0.998954 -0.045612 14.126300 -0.004184 0.045598 0.998951 0.000000 0.000000 0.000000 0.000000 1.000000
0.999984 0.004202 0.003883 0.000000 -0.004012 0.998855 -0.047674 14.126300 -0.004079 0.047658 0.998855 0.000000 0.000000 0.000000 0.000000 1.000000
0.999970 0.005779 0.005153 0.000000 -0.005514 0.998731 -0.050053 14.126300 -0.005436 0.050023 0.998733 0.000000 0.000000 0.000000 0.000000 1.000000
0.999938 0.007992 0.007749 0.000000 -0.007569 0.998559 -0.053121 14.126300 -0.008162 0.053059 0.998558 0.000000 0.000000 0.000000 0.000000 1.000000
0.999890 0.009831 0.011109 0.000000 -0.009185 0.998349 -0.056709 14.126300 -0.011648 0.056600 0.998329 0.000000 0.000000 0.000000 0.000000 1.000000
0.999836 0.010443 0.014785 0.000000 -0.009535 0.998139 -0.060234 14.126300 -0.015387 0.060083 0.998075 0.000000 0.000000 0.000000 0.000000 1.000000
0.999780 0.009773 0.018559 0.000000 -0.008583 0.997967 -0.063145 14.126300 -0.019138 0.062972 0.997832 0.000000 0.000000 0.000000 0.000000 1.000000
0.999718 0.008292 0.022270 0.000000 -0.006824 0.997849 -0.065200 14.126300 -0.022762 0.065029 0.997624 0.000000 0.000000 0.000000 0.000000 1.000000
0.999646 0.006508 0.025786 0.000000 -0.004781 0.997778 -0.066462 14.126300 -0.026162 0.066315 0.997456 0.000000 0.000000 0.000000 0.000000 1.000000
0.999563 0.004819 0.029149 0.000000 -0.002851 0.997736 -0.067197 14.126300 -0.029407 0.067085 0.997314 -0.000000 0.000000 0.000000 0.000000 1.000000
0.999463 0.003498 0.032594 -0.000000 -0.001284 0.997704 -0.067714 14.126300 -0.032756 0.067636 0.997172 -0.000000 0.000000 0.000000 0.000000 1.000000
0.999336 0.002594 0.036332 0.000000 -0.000112 0.997675 -0.068145 14.126300 -0.036424 0.068096 0.997014 0.000000 0.000000 0.000000 0.000000 1.000000</float_array>
        <technique_common>
          <accessor source="#mixamorig9_Spine2-Matrix-animation-output-transform-array" count="45" stride="16">
            <param type="float4x4"/>
          </accessor>
        </technique_common>
      </source>
      <source id="mixamorig9_Spine2-Interpolations">
        <Name_array id="mixamorig9_Spine2-Interpolations-array" count="45">
 LINEAR LINEAR LINEAR LINEAR LINEAR LINEAR LINEAR LINEAR LINEAR LINEAR LINEAR
LINEAR LINEAR LINEAR LINEAR LINEAR LINEAR LINEAR LINEAR LINEAR LINEAR LINEAR LINEAR
LINEAR LINEAR LINEAR LINEAR LINEAR LINEAR LINEAR LINEAR LINEAR LINEAR LINEAR LINEAR
LINEAR LINEAR LINEAR LINEAR LINEAR LINEAR LINEAR LINEAR LINEAR LINEAR</Name_array>
        <technique_common>
          <accessor source="#mixamorig9_Spine2-Interpolations-array" count="45">
            <param type="name"/>
          </accessor>
        </technique_common>
      </source>
      <sampler id="mixamorig9_Spine2-Matrix-animation-transform">
        <input semantic="INPUT" source="#mixamorig9_Spine2-Matrix-animation-input"/>
        <input semantic="OUTPUT" source="#mixamorig9_Spine2-Matrix-animation-output-transform"/>
        <input semantic="INTERPOLATION" source="#mixamorig9_Spine2-Interpolations"/>
      </sampler>
      <channel source="#mixamorig9_Spine2-Matrix-animation-transform" target="mixamorig9_Spine2/matrix"/>
    </animation>
    <animation id="mixamorig9_Neck-anim" name="mixamorig9_Neck">
      <source id="mixamorig9_Neck-Matrix-animation-input">
        <float_array id="mixamorig9_Neck-Matrix-animation-input-array" count="45">

0.000000 0.033333 0.066667 0.100000 0.133333 0.166667 0.200000 0.233333 0.266667 0.300000 0.333333 0.366667 0.400000 0.433333 0.466667 0.500000
0.533333 0.566667 0.600000 0.633333 0.666667 0.700000 0.733333 0.766667 0.800000 0.833333 0.866667 0.900000 0.933333 0.966667 1.000000 1.033333
1.066667 1.100000 1.133333 1.166667 1.200000 1.233333 1.266667 1.300000 1.333333 1.366667 1.400000 1.433333 1.466667</float_array>
        <technique_common>
          <accessor source="#mixamorig9_Neck-Matrix-animation-input-array" count="45">
            <param name="TIME" type="float"/>
          </accessor>
        </technique_common>
      </source>
      <source id="mixamorig9_Neck-Matrix-animation-output-transform">
        <float_array id="mixamorig9_Neck-Matrix-animation-output-transform-array" count="720">

0.999009 -0.004244 0.044303 0.000000 0.006090 0.999116 -0.041604 15.892100 -0.044087 0.041833 0.998151 0.000000 0.000000 0.000000 0.000000 1.000000
0.998981 -0.007031 0.044582 -0.000000 0.008847 0.999133 -0.040686 15.892100 -0.044257 0.041039 0.998177 0.000000 0.000000 0.000000 0.000000 1.000000
0.998937 -0.009948 0.045018 0.000000 0.011724 0.999156 -0.039364 15.892100 -0.044588 0.039850 0.998210 0.000000 0.000000 0.000000 0.000000 1.000000
0.998870 -0.012432 0.045866 -0.000000 0.014157 0.999198 -0.037467 15.892100 -0.045363 0.038074 0.998245 -0.000000 0.000000 0.000000 0.000000 1.000000
0.998786 -0.013767 0.047305 0.000000 0.015436 0.999264 -0.035105 15.892100 -0.046787 0.035793 0.998263 -0.000000 0.000000 0.000000 0.000000 1.000000
0.998702 -0.013438 0.049123 0.000000 0.015042 0.999361 -0.032432 15.892100 -0.048655 0.033129 0.998266 -0.000000 0.000000 0.000000 0.000000 1.000000
0.998640 -0.011345 0.050885 -0.000000 0.012847 0.999488 -0.029296 15.892100 -0.050527 0.029910 0.998275 0.000000 0.000000 0.000000 0.000000 1.000000
0.998594 -0.007605 0.052453 0.000000 0.008940 0.999641 -0.025260 15.892100 -0.052242 0.025693 0.998304 0.000000 0.000000 0.000000 0.000000 1.000000
0.998535 -0.002238 0.054066 -0.000000 0.003327 0.999793 -0.020075 15.892100 -0.054010 0.020226 0.998336 0.000000 0.000000 0.000000 0.000000 1.000000
0.998430 0.004743 0.055817 0.000000 -0.003953 0.999891 -0.014250 15.892100 -0.055878 0.014007 0.998339 0.000000 0.000000 0.000000 0.000000 1.000000
0.998273 0.012790 0.057328 0.000000 -0.012281 0.999882 -0.009216 15.892100 -0.057439 0.008496 0.998313 0.000000 0.000000 0.000000 0.000000 1.000000
0.998088 0.020588 0.058281 0.000000 -0.020228 0.999773 -0.006765 15.892100 -0.058407 0.005573 0.998277 0.000000 0.000000 0.000000 0.000000 1.000000
0.997890 0.026774 0.059147 0.000000 -0.026350 0.999621 -0.007939 15.892100 -0.059337 0.006364 0.998218 0.000000 0.000000 0.000000 0.000000 1.000000
0.997653 0.031085 0.061004 -0.000000 -0.030392 0.999463 -0.012252 15.892100 -0.061352 0.010369 0.998062 0.000000 0.000000 0.000000 0.000000 1.000000
