<?xml version="1.0" encoding="utf-8"?>
<COLLADA xmlns="http://www.collada.org/2005/11/COLLADASchema" version="1.4.1">
  <asset>
    <contributor>
      <author>Mixamo</author>
      <authoring_tool>COLLADA Mixamo exporter</authoring_tool>
      <comments/>
    </contributor>
    <created>2025-03-24T19:55:09Z</created>
    <modified>2025-03-24T19:55:09Z</modified>
    <revision/>
    <title/>
    <unit meter="0.010000"/>
    <up_axis>Y_UP</up_axis>
  </asset>
  <library_animations>
    <animation id="mixamorig9_Hips-anim" name="mixamorig9_Hips">
      <source id="mixamorig9_Hips-Matrix-animation-input">
        <float_array id="mixamorig9_Hips-Matrix-animation-input-array" count="45">

0.000000 0.033333 0.066667 0.100000 0.133333 0.166667 0.200000 0.233333 0.266667 0.300000 0.333333 0.366667 0.400000 0.433333 0.466667 0.500000
0.533333 0.566667 0.600000 0.633333 0.666667 0.700000 0.733333 0.766667 0.800000 0.833333 0.866667 0.900000 0.933333 0.966667 1.000000 1.033333
1.066667 1.100000 1.133333 1.166667 1.200000 1.233333 1.266667 1.300000 1.333333 1.366667 1.400000 1.433333 1.466667</float_array>
        <technique_common>
          <accessor source="#mixamorig9_Hips-Matrix-animation-input-array" count="45">
            <param name="TIME" type="float"/>
          </accessor>
        </technique_common>
      </source>
      <source id="mixamorig9_Hips-Matrix-animation-output-transform">
        <float_array id="mixamorig9_Hips-Matrix-animation-output-transform-array" count="720">

0.783935 -0.082457 0.615343 -0.282990 0.064316 0.996594 0.051609 94.738129 -0.617503 -0.000882 0.786568 -0.062062 0.000000 0.000000 0.000000 1.000000
0.800767 -0.078697 0.593784 -0.439803 0.062848 0.996898 0.047369 94.905045 -0.595670 -0.000614 0.803229 -0.080338 0.000000 0.000000 0.000000 1.000000
0.819365 -0.071070 0.568850 -0.553352 0.058801 0.997471 0.039923 94.880249 -0.570249 0.000738 0.821471 -0.139352 0.000000 0.000000 0.000000 1.000000
0.838432 -0.061359 0.541542 -0.618192 0.053261 0.998111 0.030630 94.855461 -0.542398 0.003162 0.840116 -0.201696 0.000000 0.000000 0.000000 1.000000
0.856512 -0.050165 0.513683 -0.580565 0.046101 0.998723 0.020665 94.816246 -0.514064 0.005981 0.857731 -0.234481 0.000000 0.000000 0.000000 1.000000
0.872484 -0.037488 0.487202 -0.354132 0.036811 0.999262 0.010967 94.699699 -0.487254 0.008366 0.873220 -0.223985 0.000000 0.000000 0.000000 1.000000
0.885389 -0.025308 0.464162 0.118875 0.026944 0.999632 0.003108 94.465118 -0.464070 0.009755 0.885745 -0.261158 0.000000 0.000000 0.000000 1.000000
0.894904 -0.018429 0.445877 0.802282 0.020934 0.999781 -0.000694 94.233147 -0.445767 0.009955 0.895094 -0.414658 0.000000 0.000000 0.000000 1.000000
0.902299 -0.021494 0.430574 1.618735 0.023478 0.999724 0.000705 94.088699 -0.430470 0.009473 0.902555 -0.643427 0.000000 0.000000 0.000000 1.000000
0.909867 -0.035326 0.413393 2.517238 0.036076 0.999331 0.005995 93.971939 -0.413328 0.009458 0.910533 -0.919211 0.000000 0.000000 0.000000 1.000000
0.918645 -0.056141 0.391075 3.475730 0.055671 0.998370 0.012549 93.840332 -0.391143 0.010244 0.920273 -1.265588 0.000000 0.000000 0.000000 1.000000
0.927212 -0.077331 0.366465 4.490288 0.075607 0.996955 0.019080 93.713531 -0.366825 0.010016 0.930236 -1.650640 0.000000 0.000000 0.000000 1.000000
0.933057 -0.093788 0.347288 5.490681 0.090222 0.995570 0.026462 93.663452 -0.348231 0.006642 0.937385 -2.009637 0.000000 0.000000 0.000000 1.000000
0.934582 -0.104364 0.340095 6.335367 0.098091 0.994539 0.035639 93.643494 -0.341957 0.000052 0.939716 -2.339322 0.000000 0.000000 0.000000 1.000000
0.931918 -0.110069 0.345562 6.914736 0.100322 0.993890 0.046028 93.584686 -0.348517 -0.008227 0.937266 -2.654727 0.000000 0.000000 0.000000 1.000000
0.926539 -0.111245 0.359374 7.252897 0.097287 0.993637 0.056757 93.538063 -0.363401 -0.017625 0.931466 -2.920483 0.000000 0.000000 0.000000 1.000000
0.920152 -0.108084 0.376347 7.437432 0.089002 0.993722 0.067783 93.609955 -0.381311 -0.028875 0.923996 -3.110913 0.000000 0.000000 0.000000 1.000000
0.913784 -0.102438 0.393071 7.459445 0.077606 0.993881 0.078600 93.699249 -0.398717 -0.041319 0.916143 -3.221762 0.000000 0.000000 0.000000 1.000000
0.907714 -0.096951 0.408235 7.334619 0.066790 0.993920 0.087536 93.742073 -0.414240 -0.052191 0.908670 -3.309701 0.000000 0.000000 0.000000 1.000000
0.901624 -0.093169 0.422366 7.088409 0.058954 0.993883 0.093390 93.765739 -0.428483 -0.059303 0.901602 -3.396974 0.000000 0.000000 0.000000 1.000000
0.894694 -0.091363 0.437237 6.732689 0.054326 0.993849 0.096505 93.753845 -0.443364 -0.062589 0.894154 -3.441975 0.000000 0.000000 0.000000 1.000000
0.885880 -0.091233 0.454854 6.304803 0.052104 0.993835 0.097860 93.689133 -0.460978 -0.062992 0.885173 -3.453185 0.000000 0.000000 0.000000 1.000000
0.874385 -0.092404 0.476353 5.844248 0.051607 0.993842 0.098057 93.587807 -0.482481 -0.061156 0.873769 -3.437647 0.000000 0.000000 0.000000 1.000000
0.860320 -0.094544 0.500910 5.405421 0.052708 0.993882 0.097062 93.454041 -0.507022 -0.057102 0.860040 -3.367248 0.000000 0.000000 0.000000 1.000000
0.845019 -0.096945 0.525874 5.037745 0.055379 0.994006 0.094258 93.260315 -0.531860 -0.050527 0.845323 -3.263216 0.000000 0.000000 0.000000 1.000000
0.830328 -0.098251 0.548546 4.718857 0.059038 0.994305 0.088727 93.022179 -0.554139 -0.041288 0.831400 -3.172118 0.000000 0.000000 0.000000 1.000000
0.817651 -0.097318 0.567430 4.412179 0.063158 0.994823 0.079611 92.768089 -0.572240 -0.029256 0.819564 -3.095858 0.000000 0.000000 0.000000 1.000000
0.807523 -0.094251 0.582258 4.146383 0.068192 0.995449 0.066560 92.471672 -0.585882 -0.014043 0.810275 -3.023902 0.000000 0.000000 0.000000 1.000000
0.799270 -0.089821 0.594222 3.910028 0.074510 0.995950 0.050324 92.118507 -0.596335 0.004053 0.802725 -2.957713 0.000000 0.000000 0.000000 1.000000
0.791197 -0.083792 0.605794 3.607134 0.080139 0.996233 0.033132 91.789230 -0.606288 0.022334 0.794932 -2.924314 0.000000 0.000000 0.000000 1.000000
0.782168 -0.074689 0.618575 3.308979 0.080783 0.996566 0.018181 91.544701 -0.617809 0.035750 0.785515 -2.904505 0.000000 0.000000 0.000000 1.000000
0.773153 -0.061960 0.631185 3.131690 0.073446 0.997268 0.007930 91.420624 -0.629952 0.040227 0.775591 -2.840625 0.000000 0.000000 0.000000 1.000000
0.766210 -0.047761 0.640813 3.018384 0.060156 0.998186 0.002469 91.443718 -0.639768 0.036657 0.767693 -2.709869 0.000000 0.000000 0.000000 1.000000
0.761478 -0.035835 0.647199 2.924735 0.047041 0.998893 -0.000039 91.573906 -0.646481 0.030475 0.762321 -2.548238 0.000000 0.000000 0.000000 1.000000
0.756910 -0.028557 0.652895 2.916536 0.038678 0.999251 -0.001134 91.765633 -0.652373 0.026111 0.757448 -2.341564 0.000000 0.000000 0.000000 1.000000
0.751665 -0.026282 0.659022 2.974778 0.035269 0.999378 -0.000371 92.055389 -0.658602 0.023522 0.752124 -2.062241 0.000000 0.000000 0.000000 1.000000
0.747029 -0.028844 0.664165 2.976731 0.035015 0.999379 0.004019 92.429909 -0.663869 0.020253 0.747575 -1.781107 0.000000 0.000000 0.000000 1.000000
0.743328 -0.035449 0.667987 2.844234 0.036466 0.999257 0.012450 92.794350 -0.667932 0.015105 0.744069 -1.529555 0.000000 0.000000 0.000000 1.000000
0.739444 -0.043656 0.671801 2.516212 0.038415 0.999005 0.022636 93.037254 -0.672121 0.009069 0.740386 -1.239919 0.000000 0.000000 0.000000 1.000000
0.736275 -0.051391 0.674728 2.061386 0.040605 0.998671 0.031756 93.211288 -0.675463 0.004016 0.737383 -0.911221 0.000000 0.000000 0.000000 1.000000
0.737306 -0.058859 0.672989 1.627562 0.044214 0.998266 0.038868 93.525917 -0.674110 0.001098 0.738630 -0.596253 0.000000 0.000000 0.000000 1.000000
0.744354 -0.066973 0.664419 1.138515 0.049980 0.997755 0.044580 93.903770 -0.665912 0.000025 0.746030 -0.326075 0.000000 0.000000 0.000000 1.000000
0.755706 -0.075124 0.650587 0.544749 0.056741 0.997174 0.049236 94.252518 -0.652448 -0.000293 0.757834 -0.137525 0.000000 0.000000 0.000000 1.000000
0.769079 -0.081053 0.633993 -0.067575 0.062161 0.996710 0.052019 94.536026 -0.636123 -0.000597 0.771587 -0.057572 0.000000 0.000000 0.000000 1.000000
0.783934 -0.082457 0.615344 -0.282990 0.064316 0.996594 0.051609 94.807785 -0.617503 -0.000882 0.786568 -0.062061 0.000000 0.000000 0.000000 1.000000</float_array>
        <technique_common>
          <accessor source="#mixamorig9_Hips-Matrix-animation-output-transform-array" count="45" stride="16">
            <param type="float4x4"/>
          </accessor>
        </technique_common>
      </source>
      <source id="mixamorig9_Hips-Interpolations">
        <Name_array id="mixamorig9_Hips-Interpolations-array" count="45">
 LINEAR LINEAR LINEAR LINEAR LINEAR LINEAR LINEAR LINEAR LINEAR LINEAR LINEAR
LINEAR LINEAR LINEAR LINEAR LINEAR LINEAR LINEAR LINEAR LINEAR LINEAR LINEAR LINEAR
LINEAR LINEAR LINEAR LINEAR LINEAR LINEAR LINEAR LINEAR LINEAR LINEAR LINEAR LINEAR
LINEAR LINEAR LINEAR LINEAR LINEAR LINEAR LINEAR LINEAR LINEAR LINEAR</Name_array>
        <technique_common>
          <accessor source="#mixamorig9_Hips-Interpolations-array" count="45">
            <param type="name"/>
          </accessor>
        </technique_common>
      </source>
      <sampler id="mixamorig9_Hips-Matrix-animation-transform">
        <input semantic="INPUT" source="#mixamorig9_Hips-Matrix-animation-input"/>
        <input semantic="OUTPUT" source="#mixamorig9_Hips-Matrix-animation-output-transform"/>
        <input semantic="INTERPOLATION" source="#mixamorig9_Hips-Interpolations"/>
      </sampler>
      <channel source="#mixamorig9_Hips-Matrix-animation-transform" target="mixamorig9_Hips/matrix"/>
    </animation>
    <animation id="mixamorig9_Spine-anim" name="mixamorig9_Spine">
      <source id="mixamorig9_Spine-Matrix-animation-input">
        <float_array id="mixamorig9_Spine-Matrix-animation-input-array" count="45">

0.000000 0.033333 0.066667 0.100000 0.133333 0.166667 0.200000 0.233333 0.266667 0.300000 0.333333 0.366667 0.400000 0.433333 0.466667 0.500000
0.533333 0.566667 0.600000 0.633333 0.666667 0.700000 0.733333 0.766667 0.800000 0.833333 0.866667 0.900000 0.933333 0.966667 1.000000 1.033333
1.066667 1.100000 1.133333 1.166667 1.200000 1.233333 1.266667 1.300000 1.333333 1.366667 1.400000 1.433333 1.466667</float_array>
        <technique_common>
          <accessor source="#mixamorig9_Spine-Matrix-animation-input-array" count="45">
            <param name="TIME" type="float"/>
          </accessor>
        </technique_common>
      </source>
      <source id="mixamorig9_Spine-Matrix-animation-output-transform">
        <float_array id="mixamorig9_Spine-Matrix-animation-output-transform-array" count="720">

0.998495 -0.046478 -0.029116 0.000000 0.045161 0.997994 -0.044359 10.547000 0.031119 0.042977 0.998591 -1.004700 0.000000 0.000000 0.000000 1.000000
0.998912 -0.042452 -0.019305 0.000000 0.041531 0.998084 -0.045871 10.547000 0.021215 0.045020 0.998761 -1.004700 0.000000 0.000000 0.000000 1.000000
0.999154 -0.039904 -0.009939 -0.000000 0.039385 0.998074 -0.047920 10.547000 0.011832 0.047488 0.998802 -1.004700 0.000000 0.000000 0.000000 1.000000
0.999270 -0.038173 -0.001554 0.000000 0.038049 0.998047 -0.049534 10.547000 0.003442 0.049439 0.998771 -1.004700 0.000000 0.000000 0.000000 1.000000
0.999270 -0.037987 0.004148 -0.000000 0.038144 0.998082 -0.048757 10.547000 -0.002288 0.048880 0.998802 -1.004700 0.000000 0.000000 0.000000 1.000000
0.999164 -0.040587 0.004967 -0.000000 0.040768 0.998174 -0.044578 10.547000 -0.003149 0.044744 0.998994 -1.004700 0.000000 0.000000 0.000000 1.000000
0.999000 -0.044717 0.000107 0.000000 0.044687 0.998240 -0.038992 10.547000 0.001637 0.038957 0.999240 -1.004700 0.000000 0.000000 0.000000 1.000000
0.998951 -0.044984 -0.008622 0.000000 0.044647 0.998357 -0.035920 10.547000 0.010224 0.035497 0.999317 -1.004700 0.000000 0.000000 0.000000 1.000000
0.999233 -0.035038 -0.017462 0.000000 0.034359 0.998696 -0.037752 10.547000 0.018762 0.037123 0.999135 -1.004700 0.000000 0.000000 0.000000 1.000000
0.999659 -0.013204 -0.022544 -0.000000 0.012209 0.998969 -0.043716 10.547000 0.023098 0.043426 0.998790 -1.004700 0.000000 0.000000 0.000000 1.000000
0.999628 0.015486 -0.022432 0.000000 -0.016621 0.998545 -0.051297 10.547000 0.021605 0.051651 0.998431 -1.004700 0.000000 0.000000 0.000000 1.000000
0.998909 0.042391 -0.019580 0.000000 -0.043471 0.997340 -0.058512 10.547000 0.017048 0.059299 0.998095 -1.004700 0.000000 0.000000 0.000000 1.000000
0.997922 0.061639 -0.018744 0.000000 -0.062733 0.995922 -0.064834 10.547000 0.014671 0.065875 0.997720 -1.004700 0.000000 0.000000 0.000000 1.000000
0.997078 0.072762 -0.023250 0.000000 -0.074237 0.994741 -0.070568 10.547000 0.017993 0.072087 0.997236 -1.004700 0.000000 0.000000 0.000000 1.000000
0.996433 0.077694 -0.032940 -0.000000 -0.080009 0.993891 -0.076020 10.547000 0.026833 0.078384 0.996562 -1.004700 0.000000 0.000000 0.000000 1.000000
0.995979 0.077150 -0.045532 0.000000 -0.080672 0.993412 -0.081391 10.547000 0.038952 0.084737 0.995642 -1.004700 0.000000 0.000000 0.000000 1.000000
0.995730 0.070933 -0.059084 0.000000 -0.075915 0.993325 -0.086845 10.547000 0.052530 0.090960 0.994468 -1.004700 0.000000 0.000000 0.000000 1.000000
0.995506 0.060576 -0.072784 0.000000 -0.067193 0.993471 -0.092193 10.547000 0.066724 0.096670 0.993077 -1.004700 0.000000 0.000000 0.000000 1.000000
0.995031 0.049725 -0.086256 -0.000000 -0.058041 0.993615 -0.096752 10.547000 0.080894 0.101278 0.991564 -1.004700 0.000000 0.000000 0.000000 1.000000
0.994205 0.041446 -0.099193 0.000000 -0.051388 0.993673 -0.099866 10.547000 0.094427 0.104385 0.990044 -1.004700 0.000000 0.000000 0.000000 1.000000
0.993075 0.036192 -0.111767 0.000000 -0.047628 0.993705 -0.101400 10.547000 0.107394 0.106021 0.988548 -1.004700 0.000000 0.000000 0.000000 1.000000
0.991647 0.032593 -0.124795 0.000000 -0.045440 0.993795 -0.101522 10.547000 0.120712 0.106344 0.986975 -1.004700 0.000000 0.000000 0.000000 1.000000
0.989861 0.029266 -0.138991 0.000000 -0.043461 0.994016 -0.100220 10.547000 0.135226 0.105245 0.985209 -1.004700 0.000000 0.000000 0.000000 1.000000
0.987774 0.025509 -0.153792 0.000000 -0.040823 0.994422 -0.097259 10.547000 0.150454 0.102348 0.983305 -1.004700 0.000000 0.000000 0.000000 1.000000
0.985748 0.020966 -0.166919 0.000000 -0.036821 0.995035 -0.092468 10.547000 0.164152 0.097296 0.981625 -1.004700 0.000000 0.000000 0.000000 1.000000
0.984377 0.015574 -0.175384 0.000000 -0.031043 0.995828 -0.085802 10.547000 0.173316 0.089906 0.980754 -1.004700 0.000000 0.000000 0.000000 1.000000
0.984074 0.010117 -0.177471 0.000000 -0.024155 0.996730 -0.077116 10.547000 0.176110 0.080174 0.981100 -1.004700 0.000000 0.000000 0.000000 1.000000
0.984697 0.006111 -0.174170 0.000000 -0.017917 0.997639 -0.066295 10.547000 0.173354 0.068401 0.982481 -1.004700 0.000000 0.000000 0.000000 1.000000
0.985667 0.004061 -0.168652 0.000000 -0.013364 0.998448 -0.054062 10.547000 0.168170 0.055542 0.984192 -1.004700 0.000000 0.000000 0.000000 1.000000
0.986457 0.001642 -0.164012 -0.000000 -0.008751 0.999052 -0.042633 10.547000 0.163786 0.043491 0.985537 -1.004700 0.000000 0.000000 0.000000 1.000000
0.986879 -0.005299 -0.161374 0.000000 -0.000362 0.999386 -0.035028 10.547000 0.161460 0.034627 0.986272 -1.004700 0.000000 0.000000 0.000000 1.000000
0.986894 -0.018880 -0.160262 -0.000000 0.013757 0.999360 -0.033019 10.547000 0.160783 0.030381 0.986522 -1.004700 0.000000 0.000000 0.000000 1.000000
0.986386 -0.036818 -0.160270 0.000000 0.031546 0.998878 -0.035315 10.547000 0.161391 0.029779 0.986441 -1.004700 0.000000 0.000000 0.000000 1.000000
0.985419 -0.054259 -0.161261 0.000000 0.048732 0.998087 -0.038040 10.547000 0.163017 0.029627 0.986178 -1.004700 0.000000 0.000000 0.000000 1.000000
0.984515 -0.067925 -0.161604 0.000000 0.062591 0.997320 -0.037878 10.547000 0.163743 0.027176 0.986129 -1.004700 0.000000 0.000000 0.000000 1.000000
0.984461 -0.077445 -0.157606 0.000000 0.072796 0.996730 -0.035072 10.547000 0.159806 0.023054 0.986879 -1.004700 0.000000 0.000000 0.000000 1.000000
0.985703 -0.083699 -0.146230 0.000000 0.079721 0.996275 -0.032864 10.547000 0.148436 0.020737 0.988705 -1.004700 0.000000 0.000000 0.000000 1.000000
0.987903 -0.087074 -0.128322 0.000000 0.083405 0.995946 -0.033707 10.547000 0.130737 0.022597 0.991160 -1.004700 0.000000 0.000000 0.000000 1.000000
0.990276 -0.087438 -0.108208 0.000000 0.083913 0.995796 -0.036721 10.547000 0.110964 0.027284 0.993450 -1.004700 0.000000 0.000000 0.000000 1.000000
0.992334 -0.084615 -0.090078 -0.000000 0.081348 0.995909 -0.039349 10.547000 0.093039 0.031720 0.995157 -1.004700 0.000000 0.000000 0.000000 1.000000
0.994055 -0.078714 -0.075220 -0.000000 0.075822 0.996296 -0.040563 10.547000 0.078134 0.034618 0.996342 -1.004700 0.000000 0.000000 0.000000 1.000000
0.995553 -0.070455 -0.062527 0.000000 0.067956 0.996836 -0.041222 10.547000 0.065234 0.036789 0.997192 -1.004700 0.000000 0.000000 0.000000 1.000000
0.996833 -0.061249 -0.050729 0.000000 0.059137 0.997360 -0.042130 10.547000 0.053175 0.038996 0.997823 -1.004700 0.000000 0.000000 0.000000 1.000000
0.997821 -0.052810 -0.039545 0.000000 0.051094 0.997758 -0.043222 10.547000 0.041739 0.041107 0.998283 -1.004700 0.000000 0.000000 0.000000 1.000000
0.998495 -0.046478 -0.029116 0.000000 0.045162 0.997994 -0.044359 10.547000 0.031119 0.042978 0.998591 -1.004700 0.000000 0.000000 0.000000 1.000000</float_array>
        <technique_common>
          <accessor source="#mixamorig9_Spine-Matrix-animation-output-transform-array" count="45" stride="16">
            <param type="float4x4"/>
          </accessor>
        </technique_common>
      </source>
      <source id="mixamorig9_Spine-Interpolations">
        <Name_array id="mixamorig9_Spine-Interpolations-array" count="45">
 LINEAR LINEAR LINEAR LINEAR LINEAR LINEAR LINEAR LINEAR LINEAR LINEAR LINEAR
LINEAR LINEAR LINEAR LINEAR LINEAR LINEAR LINEAR LINEAR LINEAR LINEAR LINEAR LINEAR
LINEAR LINEAR LINEAR LINEAR LINEAR LINEAR LINEAR LINEAR LINEAR LINEAR LINEAR LINEAR
LINEAR LINEAR LINEAR LINEAR LINEAR LINEAR LINEAR LINEAR LINEAR LINEAR</Name_array>
        <technique_common>
          <accessor source="#mixamorig9_Spine-Interpolations-array" count="45">
            <param type="name"/>
          </accessor>
        </technique_common>
      </source>
      <sampler id="mixamorig9_Spine-Matrix-animation-transform">
        <input semantic="INPUT" source="#mixamorig9_Spine-Matrix-animation-input"/>
        <input semantic="OUTPUT" source="#mixamorig9_Spine-Matrix-animation-output-transform"/>
        <input semantic="INTERPOLATION" source="#mixamorig9_Spine-Interpolations"/>
      </sampler>
      <channel source="#mixamorig9_Spine-Matrix-animation-transform" target="mixamorig9_Spine/matrix"/>
    </animation>
    <animation id="mixamorig9_Spine1-anim" name="mixamorig9_Spine1">
      <source id="mixamorig9_Spine1-Matrix-animation-input">
        <float_array id="mixamorig9_Spine1-Matrix-animation-input-array" count="45">

0.000000 0.033333 0.066667 0.100000 0.133333 0.166667 0.200000 0.233333 0.266667 0.300000 0.333333 0.366667 0.400000 0.433333 0.466667 0.500000
0.533333 0.566667 0.600000 0.633333 0.666667 0.700000 0.733333 0.766667 0.800000 0.833333 0.866667 0.900000 0.933333 0.966667 1.000000 1.033333
1.066667 1.100000 1.133333 1.166667 1.200000 1.233333 1.266667 1.300000 1.333333 1.366667 1.400000 1.433333 1.466667</float_array>
        <technique_common>
          <accessor source="#mixamorig9_Spine1-Matrix-animation-input-array" count="45">
            <param name="TIME" type="float"/>
          </accessor>
        </technique_common>
      </source>
      <source id="mixamorig9_Spine1-Matrix-animation-output-transform">
        <float_array id="mixamorig9_Spine1-Matrix-animation-output-transform-array" count="720">

0.999957 0.000295 -0.009251 0.000000 -0.000706 0.999009 -0.044511 12.360600 0.009229 0.044516 0.998966 0.000000 0.000000 0.000000 0.000000 1.000000
0.999977 0.002134 -0.006420 0.000000 -0.002415 0.999028 -0.044021 12.360600 0.006320 0.044035 0.999010 0.000000 0.000000 0.000000 0.000000 1.000000
0.999987 0.003673 -0.003656 0.000000 -0.003828 0.999059 -0.043207 12.360600 0.003494 0.043220 0.999059 0.000000 0.000000 0.000000 0.000000 1.000000
0.999987 0.004967 -0.001128 0.000000 -0.005011 0.999099 -0.042151 12.360600 0.000918 0.042156 0.999111 0.000000 0.000000 0.000000 0.000000 1.000000
0.999981 0.006048 0.000674 0.000000 -0.006015 0.999147 -0.040846 12.360600 -0.000921 0.040841 0.999165 0.000000 0.000000 0.000000 0.000000 1.000000
0.999976 0.006781 0.001148 -0.000000 -0.006730 0.999201 -0.039391 12.360600 -0.001414 0.039383 0.999223 0.000000 0.000000 0.000000 0.000000 1.000000
0.999977 0.006742 0.000105 0.000000 -0.006733 0.999246 -0.038232 12.360600 -0.000363 0.038230 0.999269 0.000000 0.000000 0.000000 0.000000 1.000000
0.999984 0.005399 -0.001930 0.000000 -0.005469 0.999263 -0.037992 12.360600 0.001723 0.038002 0.999276 0.000000 0.000000 0.000000 0.000000 1.000000
0.999988 0.002766 -0.003962 0.000000 -0.002918 0.999235 -0.038998 12.360600 0.003851 0.039010 0.999231 0.000000 0.000000 0.000000 0.000000 1.000000
0.999987 -0.000206 -0.005043 0.000000 -0.000001 0.999159 -0.041007 12.360600 0.005047 0.041006 0.999146 -0.000000 0.000000 0.000000 0.000000 1.000000
0.999985 -0.002327 -0.004885 0.000000 0.002113 0.999057 -0.043376 12.360600 0.004981 0.043365 0.999047 0.000000 0.000000 0.000000 0.000000 1.000000
0.999986 -0.003355 -0.004168 0.000000 0.003162 0.998956 -0.045579 12.360600 0.004317 0.045566 0.998952 -0.000000 0.000000 0.000000 0.000000 1.000000
0.999983 -0.004186 -0.004088 0.000000 0.003987 0.998857 -0.047628 12.360600 0.004283 0.047611 0.998857 0.000000 0.000000 0.000000 0.000000 1.000000
0.999969 -0.005757 -0.005423 0.000000 0.005479 0.998735 -0.049987 12.360600 0.005704 0.049955 0.998735 0.000000 0.000000 0.000000 0.000000 1.000000
0.999936 -0.007959 -0.008083 0.000000 0.007520 0.998565 -0.053022 12.360600 0.008494 0.052957 0.998561 0.000000 0.000000 0.000000 0.000000 1.000000
0.999886 -0.009787 -0.011489 0.000000 0.009122 0.998357 -0.056576 12.360600 0.012024 0.056465 0.998332 0.000000 0.000000 0.000000 0.000000 1.000000
0.999831 -0.010388 -0.015167 -0.000000 0.009459 0.998148 -0.060085 12.360600 0.015763 0.059931 0.998078 0.000000 0.000000 0.000000 0.000000 1.000000
0.999774 -0.009703 -0.018900 0.000000 0.008495 0.997977 -0.063006 12.360600 0.019473 0.062831 0.997834 0.000000 0.000000 0.000000 0.000000 1.000000
0.999712 -0.008203 -0.022548 0.000000 0.006720 0.997857 -0.065091 12.360600 0.023034 0.064921 0.997625 -0.000000 0.000000 0.000000 0.000000 1.000000
0.999641 -0.006399 -0.026006 -0.000000 0.004660 0.997783 -0.066390 12.360600 0.026373 0.066245 0.997455 0.000000 0.000000 0.000000 0.000000 1.000000
0.999559 -0.004690 -0.029321 0.000000 0.002712 0.997739 -0.067157 12.360600 0.029570 0.067048 0.997311 0.000000 0.000000 0.000000 0.000000 1.000000
0.999459 -0.003355 -0.032726 0.000000 0.001132 0.997705 -0.067698 12.360600 0.032878 0.067625 0.997169 0.000000 0.000000 0.000000 0.000000 1.000000
0.999333 -0.002448 -0.036428 0.000000 -0.000040 0.997675 -0.068150 12.360600 0.036511 0.068106 0.997010 0.000000 0.000000 0.000000 0.000000 1.000000
0.999185 -0.001808 -0.040314 0.000000 -0.000951 0.997662 -0.068332 12.360600 0.040344 0.068314 0.996848 0.000000 0.000000 0.000000 0.000000 1.000000
0.999038 -0.001256 -0.043837 0.000000 -0.001723 0.997693 -0.067859 12.360600 0.043822 0.067869 0.996731 0.000000 0.000000 0.000000 0.000000 1.000000
0.998929 -0.000750 -0.046256 0.000000 -0.002326 0.997789 -0.066419 12.360600 0.046204 0.066455 0.996719 -0.000000 0.000000 0.000000 0.000000 1.000000
0.998890 -0.000388 -0.047105 0.000000 -0.002628 0.997950 -0.063947 12.360600 0.047033 0.063999 0.996841 -0.000000 0.000000 0.000000 0.000000 1.000000
0.998916 -0.000336 -0.046545 -0.000000 -0.002487 0.998160 -0.060583 12.360600 0.046479 0.060633 0.997077 0.000000 0.000000 0.000000 0.000000 1.000000
0.998973 -0.000765 -0.045293 -0.000000 -0.001802 0.998395 -0.056606 12.360600 0.045264 0.056630 0.997369 0.000000 0.000000 0.000000 0.000000 1.000000
0.999023 -0.001807 -0.044151 0.000000 -0.000516 0.998619 -0.052541 12.360600 0.044185 0.052513 0.997642 0.000000 0.000000 0.000000 0.000000 1.000000
0.999046 -0.003600 -0.043517 0.000000 0.001453 0.998784 -0.049276 12.360600 0.043642 0.049166 0.997837 0.000000 0.000000 0.000000 0.000000 1.000000
0.999040 -0.006310 -0.043357 0.000000 0.004236 0.998850 -0.047753 12.360600 0.043608 0.047523 0.997918 0.000000 0.000000 0.000000 0.000000 1.000000
0.999003 -0.009903 -0.043524 -0.000000 0.007800 0.998806 -0.048218 12.360600 0.043950 0.047830 0.997888 -0.000000 0.000000 0.000000 0.000000 1.000000
0.998940 -0.013837 -0.043896 0.000000 0.011648 0.998694 -0.049738 12.360600 0.044527 0.049174 0.997797 -0.000000 0.000000 0.000000 0.000000 1.000000
0.998882 -0.017178 -0.044046 0.000000 0.014936 0.998601 -0.050733 12.360600 0.044856 0.050019 0.997741 0.000000 0.000000 0.000000 0.000000 1.000000
0.998888 -0.019139 -0.043086 0.000000 0.016969 0.998596 -0.050177 12.360600 0.043986 0.049390 0.997811 -0.000000 0.000000 0.000000 0.000000 1.000000
0.999000 -0.019444 -0.040258 0.000000 0.017492 0.998681 -0.048274 12.360600 0.041144 0.047521 0.998023 0.000000 0.000000 0.000000 0.000000 1.000000
0.999195 -0.018229 -0.035736 -0.000000 0.016576 0.998803 -0.046011 12.360600 0.036532 0.045381 0.998302 -0.000000 0.000000 0.000000 0.000000 1.000000
0.999406 -0.015852 -0.030589 0.000000 0.014489 0.998915 -0.044270 12.360600 0.031258 0.043801 0.998551 0.000000 0.000000 0.000000 0.000000 1.000000
0.999582 -0.012841 -0.025887 0.000000 0.011710 0.998989 -0.043403 12.360600 0.026418 0.043081 0.998722 -0.000000 0.000000 0.000000 0.000000 1.000000
0.999711 -0.009753 -0.021965 0.000000 0.008794 0.999023 -0.043317 12.360600 0.022366 0.043112 0.998820 0.000000 0.000000 0.000000 0.000000 1.000000
0.999804 -0.006885 -0.018538 0.000000 0.006069 0.999026 -0.043712 12.360600 0.018821 0.043591 0.998872 0.000000 0.000000 0.000000 0.000000 1.000000
0.999874 -0.004259 -0.015300 -0.000000 0.003579 0.999015 -0.044235 12.360600 0.015473 0.044175 0.998904 -0.000000 0.000000 0.000000 0.000000 1.000000
0.999924 -0.001852 -0.012194 0.000000 0.001307 0.999005 -0.044572 12.360600 0.012264 0.044553 0.998932 0.000000 0.000000 0.000000 0.000000 1.000000
0.999957 0.000295 -0.009251 -0.000000 -0.000706 0.999009 -0.044511 12.360600 0.009229 0.044516 0.998966 0.000000 0.000000 0.000000 0.000000 1.000000</float_array>
        <technique_common>
          <accessor source="#mixamorig9_Spine1-Matrix-animation-output-transform-array" count="45" stride="16">
            <param type="float4x4"/>
          </accessor>
        </technique_common>
      </source>
      <source id="mixamorig9_Spine1-Interpolations">
        <Name_array id="mixamorig9_Spine1-Interpolations-array" count="45">
 LINEAR LINEAR LINEAR LINEAR LINEAR LINEAR LINEAR LINEAR LINEAR LINEAR LINEAR
LINEAR LINEAR LINEAR LINEAR LINEAR LINEAR LINEAR LINEAR LINEAR LINEAR LINEAR LINEAR
LINEAR LINEAR LINEAR LINEAR LINEAR LINEAR LINEAR LINEAR LINEAR LINEAR LINEAR LINEAR
LINEAR LINEAR LINEAR LINEAR LINEAR LINEAR LINEAR LINEAR LINEAR LINEAR</Name_array>
        <technique_common>
          <accessor source="#mixamorig9_Spine1-Interpolations-array" count="45">
            <param type="name"/>
          </accessor>
        </technique_common>
      </source>
      <sampler id="mixamorig9_Spine1-Matrix-animation-transform">
        <input semantic="INPUT" source="#mixamorig9_Spine1-Matrix-animation-input"/>
        <input semantic="OUTPUT" source="#mixamorig9_Spine1-Matrix-animation-output-transform"/>
        <input semantic="INTERPOLATION" source="#mixamorig9_Spine1-Interpolations"/>
      </sampler>
      <channel source="#mixamorig9_Spine1-Matrix-animation-transform" target="mixamorig9_Spine1/matrix"/>
    </animation>
    <animation id="mixamorig9_Spine2-anim" name="mixamorig9_Spine2">
      <source id="mixamorig9_Spine2-Matrix-animation-input">
        <float_array id="mixamorig9_Spine2-Matrix-animation-input-array" count="45">

0.000000 0.033333 0.066667 0.100000 0.133333 0.166667 0.200000 0.233333 0.266667 0.300000 0.333333 0.366667 0.400000 0.433333 0.466667 0.500000
0.533333 0.566667 0.600000 0.633333 0.666667 0.700000 0.733333 0.766667 0.800000 0.833333 0.866667 0.900000 0.933333 0.966667 1.000000 1.033333
1.066667 1.100000 1.133333 1.166667 1.200000 1.233333 1.266667 1.300000 1.333333 1.366667 1.400000 1.433333 1.466667</float_array>
        <technique_common>
          <accessor source="#mixamorig9_Spine2-Matrix-animation-input-array" count="45">
            <param name="TIME" type="float"/>
          </accessor>
        </technique_common>
      </source>
      <source id="mixamorig9_Spine2-Matrix-animation-output-transform">
        <float_array id="mixamorig9_Spine2-Matrix-animation-output-transform-array" count="720">

0.999956 0.000252 -0.009412 -0.000000 -0.000670 0.999012 -0.044447 14.126300 0.009391 0.044451 0.998967 0.000000 0.000000 0.000000 0.000000 1.000000
0.999976 0.002104 -0.006569 0.000000 -0.002391 0.999030 -0.043977 14.126300 0.006470 0.043992 0.999011 0.000000 0.000000 0.000000 0.000000 1.000000
0.999986 0.003657 -0.003794 0.000000 -0.003818 0.999060 -0.043184 14.126300 0.003632 0.043198 0.999060 0.000000 0.000000 0.000000 0.000000 1.000000
0.999987 0.004964 -0.001255 0.000000 -0.005013 0.999099 -0.042148 14.126300 0.001045 0.042154 0.999111 -0.000000 0.000000 0.000000 0.000000 1.000000
0.999982 0.006054 0.000551 0.000000 -0.006026 0.999147 -0.040857 14.126300 -0.000798 0.040853 0.999165 0.000000 0.000000 0.000000 0.000000 1.000000
0.999976 0.006788 0.001016 0.000000 -0.006743 0.999201 -0.039404 14.126300 -0.001283 0.039396 0.999223 0.000000 0.000000 0.000000 0.000000 1.000000
0.999977 0.006741 -0.000040 0.000000 -0.006738 0.999246 -0.038234 14.126300 -0.000217 0.038233 0.999269 0.000000 0.000000 0.000000 0.000000 1.000000
0.999983 0.005384 -0.002076 -0.000000 -0.005459 0.999264 -0.037979 14.126300 0.001870 0.037990 0.999276 0.000000 0.000000 0.000000 0.000000 1.000000
0.999988 0.002738 -0.004073 0.000000 -0.002894 0.999236 -0.038982 14.126300 0.003963 0.038993 0.999232 0.000000 0.000000 0.000000 0.000000 1.000000
0.999987 -0.000239 -0.005082 0.000000 0.000030 0.999159 -0.041003 14.126300 0.005088 0.041002 0.999146 0.000000 0.000000 0.000000 0.000000 1.000000
0.999986 -0.002355 -0.004834 0.000000 0.002143 0.999056 -0.043392 14.126300 0.004932 0.043381 0.999046 0.000000 0.000000 0.000000 0.000000 1.000000
0.999986 -0.003375 -0.004034 0.000000 0.003187 0.998954 -0.045612 14.126300 0.004184 0.045598 0.998951 -0.000000 0.000000 0.000000 0.000000 1.000000
0.999984 -0.004202 -0.003883 0.000000 0.004012 0.998855 -0.047674 14.126300 0.004079 0.047658 0.998855 -0.000000 0.000000 0.000000 0.000000 1.000000
0.999970 -0.005779 -0.005153 0.000000 0.005514 0.998731 -0.050053 14.126300 0.005436 0.050023 0.998733 -0.000000 0.000000 0.000000 0.000000 1.000000
0.999938 -0.007992 -0.007749 0.000000 0.007569 0.998559 -0.053121 14.126300 0.008162 0.053059 0.998558 -0.000000 0.000000 0.000000 0.000000 1.000000
0.999890 -0.009831 -0.011109 0.000000 0.009185 0.998349 -0.056709 14.126300 0.011648 0.056600 0.998329 0.000000 0.000000 0.000000 0.000000 1.000000
0.999836 -0.010443 -0.014785 -0.000000 0.009535 0.998139 -0.060234 14.126300 0.015387 0.060083 0.998075 0.000000 0.000000 0.000000 0.000000 1.000000
0.999780 -0.009773 -0.018559 0.000000 0.008583 0.997967 -0.063145 14.126300 0.019138 0.062972 0.997832 0.000000 0.000000 0.000000 0.000000 1.000000
0.999718 -0.008292 -0.022270 0.000000 0.006824 0.997849 -0.065200 14.126300 0.022762 0.065029 0.997624 0.000000 0.000000 0.000000 0.000000 1.000000
0.999646 -0.006508 -0.025786 0.000000 0.004781 0.997778 -0.066462 14.126300 0.026162 0.066315 0.997456 0.000000 0.000000 0.000000 0.000000 1.000000
0.999563 -0.004819 -0.029149 0.000000 0.002851 0.997736 -0.067197 14.126300 0.029407 0.067085 0.997314 0.000000 0.000000 0.000000 0.000000 1.000000
0.999463 -0.003498 -0.032594 -0.000000 0.001284 0.997704 -0.067715 14.126300 0.032756 0.067636 0.997172 0.000000 0.000000 0.000000 0.000000 1.000000
0.999336 -0.002594 -0.036332 0.000000 0.000112 0.997675 -0.068145 14.126300 0.036424 0.068096 0.997014 -0.000000 0.000000 0.000000 0.000000 1.000000
0.999188 -0.001943 -0.040253 0.000000 -0.000811 0.997664 -0.068302 14.126300 0.040292 0.068279 0.996852 0.000000 0.000000 0.000000 0.000000 1.000000
0.999039 -0.001370 -0.043811 0.000000 -0.001605 0.997698 -0.067797 14.126300 0.043803 0.067802 0.996737 0.000000 0.000000 0.000000 0.000000 1.000000
0.998929 -0.000838 -0.046262 0.000000 -0.002234 0.997796 -0.066319 14.126300 0.046216 0.066351 0.996725 -0.000000 0.000000 0.000000 0.000000 1.000000
0.998888 -0.000447 -0.047135 0.000000 -0.002564 0.997958 -0.063815 14.126300 0.047067 0.063865 0.996848 0.000000 0.000000 0.000000 0.000000 1.000000
0.998914 -0.000365 -0.046587 0.000000 -0.002454 0.998169 -0.060441 14.126300 0.046523 0.060489 0.997084 0.000000 0.000000 0.000000 0.000000 1.000000
0.998971 -0.000769 -0.045339 0.000000 -0.001795 0.998402 -0.056482 14.126300 0.045310 0.056505 0.997374 0.000000 0.000000 0.000000 0.000000 1.000000
0.999021 -0.001800 -0.044196 0.000000 -0.000521 0.998623 -0.052450 14.126300 0.044229 0.052422 0.997645 0.000000 0.000000 0.000000 0.000000 1.000000
0.999044 -0.003597 -0.043567 0.000000 0.001450 0.998788 -0.049203 14.126300 0.043691 0.049093 0.997838 0.000000 0.000000 0.000000 0.000000 1.000000
0.999037 -0.006314 -0.043421 0.000000 0.004241 0.998855 -0.047661 14.126300 0.043672 0.047431 0.997919 -0.000000 0.000000 0.000000 0.000000 1.000000
0.998999 -0.009897 -0.043615 0.000000 0.007796 0.998813 -0.048081 14.126300 0.044039 0.047693 0.997891 -0.000000 0.000000 0.000000 0.000000 1.000000
0.998935 -0.013797 -0.044022 0.000000 0.011610 0.998704 -0.049553 14.126300 0.044649 0.048990 0.997801 -0.000000 0.000000 0.000000 0.000000 1.000000
0.998876 -0.017094 -0.044210 0.000000 0.014853 0.998613 -0.050513 14.126300 0.045012 0.049800 0.997744 0.000000 0.000000 0.000000 0.000000 1.000000
0.998882 -0.019036 -0.043281 -0.000000 0.016867 0.998610 -0.049937 14.126300 0.044172 0.049152 0.997814 0.000000 0.000000 0.000000 0.000000 1.000000
0.998993 -0.019371 -0.040472 0.000000 0.017419 0.998694 -0.048031 14.126300 0.041349 0.047278 0.998026 -0.000000 0.000000 0.000000 0.000000 1.000000
0.999187 -0.018225 -0.035955 0.000000 0.016571 0.998814 -0.045783 14.126300 0.036747 0.045150 0.998304 0.000000 0.000000 0.000000 0.000000 1.000000
0.999399 -0.015916 -0.030810 -0.000000 0.014550 0.998923 -0.044069 14.126300 0.031478 0.043594 0.998553 0.000000 0.000000 0.000000 0.000000 1.000000
0.999575 -0.012941 -0.026110 0.000000 0.011804 0.998996 -0.043227 14.126300 0.026644 0.042900 0.998724 -0.000000 0.000000 0.000000 0.000000 1.000000
0.999705 -0.009853 -0.022187 0.000000 0.008888 0.999029 -0.043161 14.126300 0.022591 0.042952 0.998822 0.000000 0.000000 0.000000 0.000000 1.000000
0.999800 -0.006970 -0.018750 0.000000 0.006147 0.999031 -0.043576 14.126300 0.019036 0.043452 0.998874 0.000000 0.000000 0.000000 0.000000 1.000000
0.999871 -0.004329 -0.015494 0.000000 0.003641 0.999019 -0.044123 14.126300 0.015670 0.044061 0.998906 0.000000 0.000000 0.000000 0.000000 1.000000
0.999922 -0.001908 -0.012370 0.000000 0.001356 0.999009 -0.044485 14.126300 0.012442 0.044464 0.998933 0.000000 0.000000 0.000000 0.000000 1.000000
0.999956 0.000252 -0.009412 -0.000000 -0.000670 0.999012 -0.044447 14.126300 0.009391 0.044451 0.998967 0.000000 0.000000 0.000000 0.000000 1.000000</float_array>
        <technique_common>
          <accessor source="#mixamorig9_Spine2-Matrix-animation-output-transform-array" count="45" stride="16">
            <param type="float4x4"/>
          </accessor>
        </technique_common>
      </source>
      <source id="mixamorig9_Spine2-Interpolations">
        <Name_array id="mixamorig9_Spine2-Interpolations-array" count="45">
 LINEAR LINEAR LINEAR LINEAR LINEAR LINEAR LINEAR LINEAR LINEAR LINEAR LINEAR
LINEAR LINEAR LINEAR LINEAR LINEAR LINEAR LINEAR LINEAR LINEAR LINEAR LINEAR LINEAR
LINEAR LINEAR LINEAR LINEAR LINEAR LINEAR LINEAR LINEAR LINEAR LINEAR LINEAR LINEAR
LINEAR LINEAR LINEAR LINEAR LINEAR LINEAR LINEAR LINEAR LINEAR LINEAR</Name_array>
        <technique_common>
          <accessor source="#mixamorig9_Spine2-Interpolations-array" count="45">
            <param type="name"/>
          </accessor>
        </technique_common>
      </source>
      <sampler id="mixamorig9_Spine2-Matrix-animation-transform">
        <input semantic="INPUT" source="#mixamorig9_Spine2-Matrix-animation-input"/>
        <input semantic="OUTPUT" source="#mixamorig9_Spine2-Matrix-animation-output-transform"/>
        <input semantic="INTERPOLATION" source="#mixamorig9_Spine2-Interpolations"/>
      </sampler>
      <channel source="#mixamorig9_Spine2-Matrix-animation-transform" target="mixamorig9_Spine2/matrix"/>
    </animation>
    <animation id="mixamorig9_Neck-anim" name="mixamorig9_Neck">
      <source id="mixamorig9_Neck-Matrix-animation-input">
        <float_array id="mixamorig9_Neck-Matrix-animation-input-array" count="45">

0.000000 0.033333 0.066667 0.100000 0.133333 0.166667 0.200000 0.233333 0.266667 0.300000 0.333333 0.366667 0.400000 0.433333 0.466667 0.500000
0.533333 0.566667 0.600000 0.633333 0.666667 0.700000 0.733333 0.766667 0.800000 0.833333 0.866667 0.900000 0.933333 0.966667 1.000000 1.033333
1.066667 1.100000 1.133333 1.166667 1.200000 1.233333 1.266667 1.300000 1.333333 1.366667 1.400000 1.433333 1.466667</float_array>
        <technique_common>
          <accessor source="#mixamorig9_Neck-Matrix-animation-input-array" count="45">
            <param name="TIME" type="float"/>
          </accessor>
        </technique_common>
      </source>
      <source id="mixamorig9_Neck-Matrix-animation-output-transform">
        <float_array id="mixamorig9_Neck-Matrix-animation-output-transform-array" count="720">

0.996424 -0.040750 -0.074017 0.000000 0.037726 0.998413 -0.041804 15.892100 0.075603 0.038863 0.996380 0.000000 0.000000 0.000000 0.000000 1.000000
0.996542 -0.039695 -0.072999 0.000000 0.036860 0.998528 -0.039789 15.892100 0.074471 0.036961 0.996538 0.000000 0.000000 0.000000 0.000000 1.000000
0.996653 -0.038766 -0.071978 0.000000 0.036234 0.998689 -0.036143 15.892100 0.073285 0.033414 0.996751 0.000000 0.000000 0.000000 0.000000 1.000000
0.996763 -0.038116 -0.070782 -0.000000 0.035921 0.998841 -0.032026 15.892100 0.071920 0.029380 0.996978 0.000000 0.000000 0.000000 0.000000 1.000000
0.996877 -0.038224 -0.069099 -0.000000 0.036281 0.998916 -0.029159 15.892100 0.070139 0.026561 0.997184 0.000000 0.000000 0.000000 0.000000 1.000000
0.997000 -0.039276 -0.066690 0.000000 0.037443 0.998892 -0.028526 15.892100 0.067736 0.025943 0.997366 -0.000000 0.000000 0.000000 0.000000 1.000000
0.997137 -0.040695 -0.063729 -0.000000 0.038886 0.998812 -0.029375 15.892100 0.064849 0.026813 0.997535 0.000000 0.000000 0.000000 0.000000 1.000000
0.997287 -0.041577 -0.060749 0.000000 0.039812 0.998757 -0.029988 15.892100 0.061920 0.027488 0.997703 0.000000 0.000000 0.000000 0.000000 1.000000
0.997453 -0.041347 -0.058112 0.000000 0.039689 0.998780 -0.029393 15.892100 0.059256 0.027012 0.997877 -0.000000 0.000000 0.000000 0.000000 1.000000
0.997662 -0.039599 -0.055707 -0.000000 0.038092 0.998886 -0.027869 15.892100 0.056749 0.025682 0.998058 0.000000 0.000000 0.000000 0.000000 1.000000
0.997945 -0.035761 -0.053160 -0.000000 0.034406 0.999065 -0.026190 15.892100 0.054047 0.024307 0.998242 0.000000 0.000000 0.000000 0.000000 1.000000
0.998299 -0.029551 -0.050263 0.000000 0.028322 0.999287 -0.024979 15.892100 0.050965 0.023513 0.998424 0.000000 0.000000 0.000000 0.000000 1.000000
0.998644 -0.021820 -0.047266 0.000000 0.020668 0.999481 -0.024727 15.892100 0.047781 0.023717 0.998576 0.000000 0.000000 0.000000 0.000000 1.000000
