<?xml version="1.0" encoding="utf-8"?>
<COLLADA xmlns="http://www.collada.org/2005/11/COLLADASchema" version="1.4.1">
  <asset>
    <contributor>
      <author>Mixamo</author>
      <authoring_tool>COLLADA Mixamo exporter</authoring_tool>
      <comments/>
    </contributor>
    <created>2025-03-24T19:53:35Z</created>
    <modified>2025-03-24T19:53:35Z</modified>
    <revision/>
    <title/>
    <unit meter="0.010000"/>
    <up_axis>Y_UP</up_axis>
  </asset>
  <library_animations>
    <animation id="mixamorig9_Hips-anim" name="mixamorig9_Hips">
      <source id="mixamorig9_Hips-Matrix-animation-input">
        <float_array id="mixamorig9_Hips-Matrix-animation-input-array" count="32">

0.000000 0.033333 0.066667 0.100000 0.133333 0.166667 0.200000 0.233333 0.266667 0.300000 0.333333 0.366667 0.400000 0.433333 0.466667 0.500000
0.533333 0.566667 0.600000 0.633333 0.666667 0.700000 0.733333 0.766667 0.800000 0.833333 0.866667 0.900000 0.933333 0.966667 1.000000 1.033333</float_array>
        <technique_common>
          <accessor source="#mixamorig9_Hips-Matrix-animation-input-array" count="32">
            <param name="TIME" type="float"/>
          </accessor>
        </technique_common>
      </source>
      <source id="mixamorig9_Hips-Matrix-animation-output-transform">
        <float_array id="mixamorig9_Hips-Matrix-animation-output-transform-array" count="512">

0.998600 0.024940 0.046645 -0.169012 -0.024135 0.999551 -0.017755 94.719910 -0.047067 0.016605 0.998754 0.030816 0.000000 0.000000 0.000000 1.000000
0.999404 0.024898 0.023901 -0.268066 -0.024475 0.999542 -0.017806 95.232910 -0.024333 0.017210 0.999556 -0.301030 0.000000 0.000000 0.000000 1.000000
0.999562 0.029205 0.004741 -0.331222 -0.029128 0.999454 -0.015626 95.167755 -0.005195 0.015481 0.999867 -0.690817 0.000000 0.000000 0.000000 1.000000
0.999411 0.033147 -0.008839 -0.333384 -0.033253 0.999374 -0.012072 94.643578 0.008433 0.012359 0.999888 -0.854933 0.000000 0.000000 0.000000 1.000000
0.999235 0.034234 -0.018926 -0.329322 -0.034432 0.999355 -0.010189 93.795074 0.018565 0.010833 0.999769 -1.155351 0.000000 0.000000 0.000000 1.000000
0.998994 0.033474 -0.029850 -0.264134 -0.033829 0.999362 -0.011452 92.802856 0.029448 0.012450 0.999489 -1.484225 0.000000 0.000000 0.000000 1.000000
0.998546 0.032632 -0.042910 -0.109758 -0.033239 0.999356 -0.013510 91.781433 0.042442 0.014917 0.998988 -1.681099 0.000000 0.000000 0.000000 1.000000
0.997934 0.032098 -0.055663 0.150214 -0.032884 0.999371 -0.013259 90.625488 0.055203 0.015062 0.998362 -1.461928 0.000000 0.000000 0.000000 1.000000
0.997432 0.029756 -0.065146 0.620285 -0.030622 0.999455 -0.012331 89.351334 0.064744 0.014294 0.997800 -0.662272 0.000000 0.000000 0.000000 1.000000
0.997330 0.022443 -0.069499 1.087186 -0.023605 0.999594 -0.015937 88.634453 0.069113 0.017535 0.997455 0.281899 0.000000 0.000000 0.000000 1.000000
0.997627 0.012162 -0.067769 1.586596 -0.013814 0.999618 -0.023954 88.444923 0.067451 0.024834 0.997413 0.940400 0.000000 0.000000 0.000000 1.000000
0.998177 0.003001 -0.060279 2.040308 -0.004751 0.999571 -0.028913 88.709679 0.060166 0.029147 0.997763 1.138254 0.000000 0.000000 0.000000 1.000000
0.998657 0.000079 -0.051809 2.514179 -0.001442 0.999654 -0.026274 89.861115 0.051789 0.026314 0.998311 1.168893 0.000000 0.000000 0.000000 1.000000
0.998996 0.004247 -0.044608 2.912425 -0.005130 0.999792 -0.019719 91.572502 0.044515 0.019929 0.998810 1.076339 0.000000 0.000000 0.000000 1.000000
0.999355 0.013968 -0.033079 3.162771 -0.014470 0.999783 -0.014997 93.239799 0.032863 0.015466 0.999340 0.798466 0.000000 0.000000 0.000000 1.000000
0.999655 0.024192 -0.010184 3.364636 -0.024346 0.999588 -0.015214 94.660263 0.009812 0.015457 0.999832 0.603500 0.000000 0.000000 0.000000 1.000000
0.999378 0.027643 0.021894 3.490957 -0.027200 0.999424 -0.020299 95.455765 -0.022443 0.019691 0.999554 0.050964 0.000000 0.000000 0.000000 1.000000
0.998376 0.021166 0.052898 3.541019 -0.019759 0.999441 -0.026984 95.517479 -0.053439 0.025895 0.998235 -0.585587 0.000000 0.000000 0.000000 1.000000
0.997174 0.008611 0.074631 3.553432 -0.006281 0.999487 -0.031410 94.922943 -0.074863 0.030853 0.996716 -0.972518 0.000000 0.000000 0.000000 1.000000
0.996187 -0.004084 0.087152 3.577292 0.006946 0.999446 -0.032551 93.849075 -0.086971 0.033032 0.995663 -1.257722 0.000000 0.000000 0.000000 1.000000
0.995217 -0.014116 0.096665 3.555518 0.017303 0.999331 -0.032212 92.620125 -0.096146 0.033731 0.994796 -1.464437 0.000000 0.000000 0.000000 1.000000
0.993857 -0.020782 0.108706 3.486680 0.024452 0.999171 -0.032543 91.219131 -0.107939 0.035002 0.993541 -1.533872 0.000000 0.000000 0.000000 1.000000
0.992056 -0.023264 0.123624 3.316876 0.027720 0.999022 -0.034451 89.892860 -0.122702 0.037604 0.991731 -1.583368 0.000000 0.000000 0.000000 1.000000
0.990372 -0.019425 0.137060 2.920823 0.024892 0.998957 -0.038287 88.739555 -0.136173 0.041330 0.989823 -1.187868 0.000000 0.000000 0.000000 1.000000
0.989764 -0.008189 0.142481 2.424488 0.014719 0.998886 -0.044839 88.184906 -0.141955 0.046477 0.988781 -0.534336 0.000000 0.000000 0.000000 1.000000
0.990621 0.008437 0.136375 1.877786 -0.001182 0.998584 -0.053193 88.164452 -0.136631 0.052533 0.989228 -0.153393 0.000000 0.000000 0.000000 1.000000
0.991799 0.026941 0.124933 1.378374 -0.019770 0.998104 -0.058290 88.843559 -0.126266 0.055342 0.990451 0.067722 0.000000 0.000000 0.000000 1.000000
0.992353 0.040768 0.116505 0.781094 -0.034557 0.997897 -0.054838 89.953201 -0.118496 0.050393 0.991675 0.080732 0.000000 0.000000 0.000000 1.000000
0.992919 0.044581 0.110109 0.411810 -0.039994 0.998251 -0.043530 91.403831 -0.111857 0.038819 0.992966 0.049621 0.000000 0.000000 0.000000 1.000000
0.994388 0.039679 0.098072 0.159640 -0.036840 0.998853 -0.030587 92.808449 -0.099174 0.026802 0.994709 0.190280 0.000000 0.000000 0.000000 1.000000
0.996592 0.031433 0.076271 -0.031232 -0.029871 0.999322 -0.021534 93.939285 -0.076896 0.019182 0.996855 0.274392 0.000000 0.000000 0.000000 1.000000
0.998600 0.024941 0.046645 -0.169014 -0.024135 0.999551 -0.017755 94.719910 -0.047067 0.016605 0.998754 0.030817 0.000000 0.000000 0.000000 1.000000</float_array>
        <technique_common>
          <accessor source="#mixamorig9_Hips-Matrix-animation-output-transform-array" count="32" stride="16">
            <param type="float4x4"/>
          </accessor>
        </technique_common>
      </source>
      <source id="mixamorig9_Hips-Interpolations">
        <Name_array id="mixamorig9_Hips-Interpolations-array" count="32">
 LINEAR LINEAR LINEAR LINEAR LINEAR LINEAR LINEAR LINEAR LINEAR LINEAR LINEAR
LINEAR LINEAR LINEAR LINEAR LINEAR LINEAR LINEAR LINEAR LINEAR LINEAR LINEAR LINEAR
LINEAR LINEAR LINEAR LINEAR LINEAR LINEAR LINEAR LINEAR LINEAR</Name_array>
        <technique_common>
          <accessor source="#mixamorig9_Hips-Interpolations-array" count="32">
            <param type="name"/>
          </accessor>
        </technique_common>
      </source>
      <sampler id="mixamorig9_Hips-Matrix-animation-transform">
        <input semantic="INPUT" source="#mixamorig9_Hips-Matrix-animation-input"/>
        <input semantic="OUTPUT" source="#mixamorig9_Hips-Matrix-animation-output-transform"/>
        <input semantic="INTERPOLATION" source="#mixamorig9_Hips-Interpolations"/>
      </sampler>
      <channel source="#mixamorig9_Hips-Matrix-animation-transform" target="mixamorig9_Hips/matrix"/>
    </animation>
    <animation id="mixamorig9_Spine-anim" name="mixamorig9_Spine">
      <source id="mixamorig9_Spine-Matrix-animation-input">
        <float_array id="mixamorig9_Spine-Matrix-animation-input-array" count="32">

0.000000 0.033333 0.066667 0.100000 0.133333 0.166667 0.200000 0.233333 0.266667 0.300000 0.333333 0.366667 0.400000 0.433333 0.466667 0.500000
0.533333 0.566667 0.600000 0.633333 0.666667 0.700000 0.733333 0.766667 0.800000 0.833333 0.866667 0.900000 0.933333 0.966667 1.000000 1.033333</float_array>
        <technique_common>
          <accessor source="#mixamorig9_Spine-Matrix-animation-input-array" count="32">
            <param name="TIME" type="float"/>
          </accessor>
        </technique_common>
      </source>
      <source id="mixamorig9_Spine-Matrix-animation-output-transform">
        <float_array id="mixamorig9_Spine-Matrix-animation-output-transform-array" count="512">

0.999975 -0.003355 0.006165 0.000000 0.002777 0.995804 0.091465 10.547000 -0.006446 -0.091445 0.995789 -1.004700 0.000000 0.000000 0.000000 1.000000
0.999933 -0.000755 0.011565 0.000000 -0.000302 0.995840 0.091114 10.547000 -0.011585 -0.091111 0.995773 -1.004700 0.000000 0.000000 0.000000 1.000000
0.999871 0.000067 0.016079 0.000000 -0.001501 0.996014 0.089184 10.547000 -0.016009 -0.089197 0.995885 -1.004700 0.000000 0.000000 0.000000 1.000000
0.999812 -0.000271 0.019409 0.000000 -0.001443 0.996098 0.088238 10.547000 -0.019357 -0.088250 0.995910 -1.004700 0.000000 0.000000 0.000000 1.000000
0.999752 -0.000160 0.022259 0.000000 -0.001776 0.996214 0.086921 10.547000 -0.022189 -0.086939 0.995967 -1.004700 0.000000 0.000000 0.000000 1.000000
0.999676 0.000660 0.025435 0.000000 -0.002863 0.996234 0.086663 10.547000 -0.025282 -0.086708 0.995913 -1.004700 0.000000 0.000000 0.000000 1.000000
0.999574 0.002386 0.029086 0.000000 -0.004905 0.996210 0.086842 10.547000 -0.028769 -0.086947 0.995797 -1.004700 0.000000 0.000000 0.000000 1.000000
0.999456 0.004222 0.032718 0.000000 -0.007063 0.996163 0.087229 10.547000 -0.032224 -0.087413 0.995651 -1.004700 0.000000 0.000000 0.000000 1.000000
0.999350 0.005857 0.035562 0.000000 -0.008980 0.996054 0.088298 10.547000 -0.034904 -0.088560 0.995459 -1.004700 0.000000 0.000000 0.000000 1.000000
0.999291 0.008434 0.036687 0.000000 -0.011783 0.995684 0.092057 10.547000 -0.035752 -0.092425 0.995078 -1.004700 0.000000 0.000000 0.000000 1.000000
0.999292 0.011766 0.035731 -0.000000 -0.015195 0.995144 0.097253 10.547000 -0.034413 -0.097728 0.994618 -1.004700 0.000000 0.000000 0.000000 1.000000
0.999369 0.014572 0.032394 -0.000000 -0.017725 0.994902 0.099278 10.547000 -0.030783 -0.099789 0.994532 -1.004700 0.000000 0.000000 0.000000 1.000000
0.999515 0.014025 0.027790 0.000000 -0.016680 0.995074 0.097723 10.547000 -0.026283 -0.098139 0.994826 -1.004700 0.000000 0.000000 0.000000 1.000000
0.999667 0.012097 0.022779 0.000000 -0.014217 0.995345 0.095319 10.547000 -0.021520 -0.095611 0.995186 -1.004700 0.000000 0.000000 0.000000 1.000000
0.999828 0.008307 0.016601 0.000000 -0.009824 0.995572 0.093484 10.547000 -0.015751 -0.093631 0.995482 -1.004700 0.000000 0.000000 0.000000 1.000000
0.999956 0.003823 0.008605 0.000000 -0.004606 0.995655 0.093002 10.547000 -0.008212 -0.093038 0.995629 -1.004700 0.000000 0.000000 0.000000 1.000000
0.999999 0.001263 -0.000002 -0.000000 -0.001258 0.995736 0.092238 10.547000 0.000118 -0.092238 0.995737 -1.004700 0.000000 0.000000 0.000000 1.000000
0.999974 0.001291 -0.007070 0.000000 -0.000639 0.995805 0.091499 10.547000 0.007159 -0.091492 0.995780 -1.004700 0.000000 0.000000 0.000000 1.000000
0.999929 0.002767 -0.011550 -0.000000 -0.001706 0.995861 0.090868 10.547000 0.011754 -0.090842 0.995796 -1.004700 0.000000 0.000000 0.000000 1.000000
0.999894 0.003488 -0.014162 0.000000 -0.002210 0.996006 0.089261 10.547000 0.014417 -0.089220 0.995908 -1.004700 0.000000 0.000000 0.000000 1.000000
0.999856 0.004597 -0.016320 0.000000 -0.003149 0.996144 0.087678 10.547000 0.016660 -0.087614 0.996015 -1.004700 0.000000 0.000000 0.000000 1.000000
0.999806 0.004491 -0.019173 0.000000 -0.002809 0.996220 0.086821 10.547000 0.019490 -0.086751 0.996039 -1.004700 0.000000 0.000000 0.000000 1.000000
0.999742 0.002690 -0.022539 -0.000000 -0.000727 0.996237 0.086666 10.547000 0.022687 -0.086628 0.995982 -1.004700 0.000000 0.000000 0.000000 1.000000
0.999678 -0.000014 -0.025365 -0.000000 0.002264 0.996057 0.088685 10.547000 0.025263 -0.088714 0.995737 -1.004700 0.000000 0.000000 0.000000 1.000000
0.999648 -0.003307 -0.026308 0.000000 0.005749 0.995621 0.093303 10.547000 0.025885 -0.093422 0.995290 -1.004700 0.000000 0.000000 0.000000 1.000000
0.999695 -0.005800 -0.024018 -0.000000 0.008131 0.995141 0.098119 10.547000 0.023332 -0.098284 0.994885 -1.004700 0.000000 0.000000 0.000000 1.000000
0.999747 -0.009729 -0.020304 -0.000000 0.011723 0.994871 0.100475 10.547000 0.019222 -0.100688 0.994732 -1.004700 0.000000 0.000000 0.000000 1.000000
0.999776 -0.012591 -0.016990 0.000000 0.014217 0.994959 0.099274 10.547000 0.015654 -0.099493 0.994915 -1.004700 0.000000 0.000000 0.000000 1.000000
0.999815 -0.013522 -0.013671 0.000000 0.014776 0.995253 0.096189 10.547000 0.012305 -0.096373 0.995269 -1.004700 0.000000 0.000000 0.000000 1.000000
0.999899 -0.011283 -0.008654 0.000000 0.012044 0.995532 0.093658 10.547000 0.007559 -0.093753 0.995567 -1.004700 0.000000 0.000000 0.000000 1.000000
0.999973 -0.007114 -0.001660 0.000000 0.007237 0.995672 0.092654 10.547000 0.000993 -0.092663 0.995697 -1.004700 0.000000 0.000000 0.000000 1.000000
0.999975 -0.003355 0.006165 0.000000 0.002777 0.995804 0.091465 10.547000 -0.006446 -0.091445 0.995789 -1.004700 0.000000 0.000000 0.000000 1.000000</float_array>
        <technique_common>
          <accessor source="#mixamorig9_Spine-Matrix-animation-output-transform-array" count="32" stride="16">
            <param type="float4x4"/>
          </accessor>
        </technique_common>
      </source>
      <source id="mixamorig9_Spine-Interpolations">
        <Name_array id="mixamorig9_Spine-Interpolations-array" count="32">
 LINEAR LINEAR LINEAR LINEAR LINEAR LINEAR LINEAR LINEAR LINEAR LINEAR LINEAR
LINEAR LINEAR LINEAR LINEAR LINEAR LINEAR LINEAR LINEAR LINEAR LINEAR LINEAR LINEAR
LINEAR LINEAR LINEAR LINEAR LINEAR LINEAR LINEAR LINEAR LINEAR</Name_array>
        <technique_common>
          <accessor source="#mixamorig9_Spine-Interpolations-array" count="32">
            <param type="name"/>
          </accessor>
        </technique_common>
      </source>
      <sampler id="mixamorig9_Spine-Matrix-animation-transform">
        <input semantic="INPUT" source="#mixamorig9_Spine-Matrix-animation-input"/>
        <input semantic="OUTPUT" source="#mixamorig9_Spine-Matrix-animation-output-transform"/>
        <input semantic="INTERPOLATION" source="#mixamorig9_Spine-Interpolations"/>
      </sampler>
      <channel source="#mixamorig9_Spine-Matrix-animation-transform" target="mixamorig9_Spine/matrix"/>
    </animation>
    <animation id="mixamorig9_Spine1-anim" name="mixamorig9_Spine1">
      <source id="mixamorig9_Spine1-Matrix-animation-input">
        <float_array id="mixamorig9_Spine1-Matrix-animation-input-array" count="32">

0.000000 0.033333 0.066667 0.100000 0.133333 0.166667 0.200000 0.233333 0.266667 0.300000 0.333333 0.366667 0.400000 0.433333 0.466667 0.500000
0.533333 0.566667 0.600000 0.633333 0.666667 0.700000 0.733333 0.766667 0.800000 0.833333 0.866667 0.900000 0.933333 0.966667 1.000000 1.033333</float_array>
        <technique_common>
          <accessor source="#mixamorig9_Spine1-Matrix-animation-input-array" count="32">
            <param name="TIME" type="float"/>
          </accessor>
        </technique_common>
      </source>
      <source id="mixamorig9_Spine1-Matrix-animation-output-transform">
        <float_array id="mixamorig9_Spine1-Matrix-animation-output-transform-array" count="512">

0.999889 -0.009779 0.011208 -0.000000 0.009855 0.999929 -0.006716 12.360600 -0.011141 0.006826 0.999915 -0.000000 0.000000 0.000000 0.000000 1.000000
0.999723 -0.004815 0.023024 0.000000 0.004986 0.999960 -0.007390 12.360600 -0.022988 0.007503 0.999708 0.000000 0.000000 0.000000 0.000000 1.000000
0.999450 -0.002385 0.033079 0.000000 0.002759 0.999933 -0.011253 12.360600 -0.033050 0.011339 0.999389 0.000000 0.000000 0.000000 0.000000 1.000000
0.999167 -0.001462 0.040789 -0.000000 0.002001 0.999911 -0.013162 12.360600 -0.040766 0.013233 0.999081 0.000000 0.000000 0.000000 0.000000 1.000000
0.998865 0.000773 0.047626 -0.000000 -0.000017 0.999874 -0.015853 12.360600 -0.047632 0.015835 0.998739 -0.000000 0.000000 0.000000 0.000000 1.000000
0.998454 0.004072 0.055435 -0.000000 -0.003165 0.999860 -0.016442 12.360600 -0.055494 0.016241 0.998327 0.000000 0.000000 0.000000 0.000000 1.000000
0.997879 0.007605 0.064653 -0.000000 -0.006574 0.999848 -0.016137 12.360600 -0.064766 0.015678 0.997777 0.000000 0.000000 0.000000 0.000000 1.000000
0.997228 0.010441 0.073668 0.000000 -0.009332 0.999838 -0.015386 12.360600 -0.073817 0.014656 0.997164 0.000000 0.000000 0.000000 0.000000 1.000000
0.996679 0.012966 0.080390 0.000000 -0.011937 0.999841 -0.013269 12.360600 -0.080550 0.012266 0.996675 0.000000 0.000000 0.000000 0.000000 1.000000
0.996396 0.016359 0.083225 -0.000000 -0.015935 0.999857 -0.005747 12.360600 -0.083307 0.004400 0.996514 0.000000 0.000000 0.000000 0.000000 1.000000
0.996446 0.022587 0.081151 -0.000000 -0.023032 0.999724 0.004555 12.360600 -0.081026 -0.006408 0.996691 0.000000 0.000000 0.000000 0.000000 1.000000
0.996911 0.027419 0.073594 -0.000000 -0.028125 0.999568 0.008570 12.360600 -0.073327 -0.010614 0.997251 0.000000 0.000000 0.000000 0.000000 1.000000
0.997703 0.026476 0.062348 0.000000 -0.026871 0.999624 0.005509 12.360600 -0.062179 -0.007172 0.998039 -0.000000 0.000000 0.000000 0.000000 1.000000
0.998475 0.023282 0.050047 0.000000 -0.023349 0.999727 0.000760 12.360600 -0.050016 -0.001928 0.998747 -0.000000 0.000000 0.000000 0.000000 1.000000
0.999203 0.017263 0.035996 0.000000 -0.017172 0.999849 -0.002839 12.360600 -0.036040 0.002219 0.999348 0.000000 0.000000 0.000000 0.000000 1.000000
0.999763 0.010574 0.019016 -0.000000 -0.010505 0.999938 -0.003733 12.360600 -0.019055 0.003532 0.999812 -0.000000 0.000000 0.000000 0.000000 1.000000
0.999973 0.007327 0.000938 0.000000 -0.007322 0.999960 -0.005199 12.360600 -0.000976 0.005192 0.999986 -0.000000 0.000000 0.000000 0.000000 1.000000
0.999868 0.007928 -0.014189 0.000000 -0.008023 0.999946 -0.006608 12.360600 0.014136 0.006721 0.999878 0.000000 0.000000 0.000000 0.000000 1.000000
0.999659 0.010141 -0.024065 0.000000 -0.010332 0.999916 -0.007817 12.360600 0.023983 0.008063 0.999680 0.000000 0.000000 0.000000 0.000000 1.000000
0.999496 0.009359 -0.030328 0.000000 -0.009698 0.999892 -0.011051 12.360600 0.030222 0.011339 0.999479 0.000000 0.000000 0.000000 0.000000 1.000000
0.999319 0.008078 -0.036016 0.000000 -0.008597 0.999861 -0.014279 12.360600 0.035896 0.014579 0.999249 0.000000 0.000000 0.000000 0.000000 1.000000
0.999040 0.005487 -0.043463 0.000000 -0.006190 0.999852 -0.016054 12.360600 0.043368 0.016308 0.998926 -0.000000 0.000000 0.000000 0.000000 1.000000
0.998636 0.002034 -0.052175 0.000000 -0.002893 0.999862 -0.016389 12.360600 0.052134 0.016518 0.998503 0.000000 0.000000 0.000000 0.000000 1.000000
0.998240 -0.000916 -0.059291 0.000000 0.000187 0.999924 -0.012302 12.360600 0.059298 0.012269 0.998165 0.000000 0.000000 0.000000 0.000000 1.000000
0.998082 -0.005233 -0.061678 0.000000 0.005056 0.999983 -0.003035 12.360600 0.061692 0.002718 0.998092 0.000000 0.000000 0.000000 0.000000 1.000000
0.998264 -0.010929 -0.057883 0.000000 0.011325 0.999915 0.006514 12.360600 0.057807 -0.007158 0.998302 0.000000 0.000000 0.000000 0.000000 1.000000
0.998541 -0.019577 -0.050328 -0.000000 0.020161 0.999735 0.011121 12.360600 0.050097 -0.012119 0.998671 0.000000 0.000000 0.000000 0.000000 1.000000
0.998840 -0.024294 -0.041564 0.000000 0.024677 0.999657 0.008716 12.360600 0.041338 -0.009732 0.999098 0.000000 0.000000 0.000000 0.000000 1.000000
0.999166 -0.025118 -0.032187 -0.000000 0.025214 0.999679 0.002577 12.360600 0.032112 -0.003387 0.999479 0.000000 0.000000 0.000000 0.000000 1.000000
0.999563 -0.021408 -0.020361 0.000000 0.021363 0.999769 -0.002442 12.360600 0.020408 0.002006 0.999790 0.000000 0.000000 0.000000 0.000000 1.000000
0.999866 -0.015438 -0.005457 -0.000000 0.015414 0.999872 -0.004397 12.360600 0.005524 0.004312 0.999975 0.000000 0.000000 0.000000 0.000000 1.000000
0.999889 -0.009779 0.011208 0.000000 0.009855 0.999929 -0.006716 12.360600 -0.011141 0.006826 0.999915 0.000000 0.000000 0.000000 0.000000 1.000000</float_array>
        <technique_common>
          <accessor source="#mixamorig9_Spine1-Matrix-animation-output-transform-array" count="32" stride="16">
            <param type="float4x4"/>
          </accessor>
        </technique_common>
      </source>
      <source id="mixamorig9_Spine1-Interpolations">
        <Name_array id="mixamorig9_Spine1-Interpolations-array" count="32">
 LINEAR LINEAR LINEAR LINEAR LINEAR LINEAR LINEAR LINEAR LINEAR LINEAR LINEAR
LINEAR LINEAR LINEAR LINEAR LINEAR LINEAR LINEAR LINEAR LINEAR LINEAR LINEAR LINEAR
LINEAR LINEAR LINEAR LINEAR LINEAR LINEAR LINEAR LINEAR LINEAR</Name_array>
        <technique_common>
          <accessor source="#mixamorig9_Spine1-Interpolations-array" count="32">
            <param type="name"/>
          </accessor>
        </technique_common>
      </source>
      <sampler id="mixamorig9_Spine1-Matrix-animation-transform">
        <input semantic="INPUT" source="#mixamorig9_Spine1-Matrix-animation-input"/>
        <input semantic="OUTPUT" source="#mixamorig9_Spine1-Matrix-animation-output-transform"/>
        <input semantic="INTERPOLATION" source="#mixamorig9_Spine1-Interpolations"/>
      </sampler>
      <channel source="#mixamorig9_Spine1-Matrix-animation-transform" target="mixamorig9_Spine1/matrix"/>
    </animation>
    <animation id="mixamorig9_Spine2-anim" name="mixamorig9_Spine2">
      <source id="mixamorig9_Spine2-Matrix-animation-input">
        <float_array id="mixamorig9_Spine2-Matrix-animation-input-array" count="32">

0.000000 0.033333 0.066667 0.100000 0.133333 0.166667 0.200000 0.233333 0.266667 0.300000 0.333333 0.366667 0.400000 0.433333 0.466667 0.500000
0.533333 0.566667 0.600000 0.633333 0.666667 0.700000 0.733333 0.766667 0.800000 0.833333 0.866667 0.900000 0.933333 0.966667 1.000000 1.033333</float_array>
        <technique_common>
          <accessor source="#mixamorig9_Spine2-Matrix-animation-input-array" count="32">
            <param name="TIME" type="float"/>
          </accessor>
        </technique_common>
      </source>
      <source id="mixamorig9_Spine2-Matrix-animation-output-transform">
        <float_array id="mixamorig9_Spine2-Matrix-animation-output-transform-array" count="512">

0.999889 -0.009779 0.011208 0.000000 0.009855 0.999929 -0.006716 14.126300 -0.011141 0.006826 0.999915 0.000000 0.000000 0.000000 0.000000 1.000000
0.999723 -0.004815 0.023025 0.000000 0.004986 0.999960 -0.007390 14.126300 -0.022988 0.007503 0.999708 0.000000 0.000000 0.000000 0.000000 1.000000
0.999450 -0.002385 0.033079 0.000000 0.002759 0.999933 -0.011253 14.126300 -0.033050 0.011339 0.999389 -0.000000 0.000000 0.000000 0.000000 1.000000
0.999167 -0.001462 0.040789 0.000000 0.002001 0.999911 -0.013162 14.126300 -0.040766 0.013233 0.999081 0.000000 0.000000 0.000000 0.000000 1.000000
0.998865 0.000773 0.047626 0.000000 -0.000017 0.999874 -0.015853 14.126300 -0.047632 0.015835 0.998739 -0.000000 0.000000 0.000000 0.000000 1.000000
0.998454 0.004072 0.055435 0.000000 -0.003165 0.999860 -0.016442 14.126300 -0.055494 0.016241 0.998327 -0.000000 0.000000 0.000000 0.000000 1.000000
0.997879 0.007605 0.064653 -0.000000 -0.006574 0.999848 -0.016137 14.126300 -0.064766 0.015678 0.997777 0.000000 0.000000 0.000000 0.000000 1.000000
0.997228 0.010441 0.073668 0.000000 -0.009332 0.999838 -0.015386 14.126300 -0.073817 0.014656 0.997164 -0.000000 0.000000 0.000000 0.000000 1.000000
0.996679 0.012966 0.080390 0.000000 -0.011937 0.999841 -0.013269 14.126300 -0.080550 0.012266 0.996675 0.000000 0.000000 0.000000 0.000000 1.000000
0.996396 0.016359 0.083225 0.000000 -0.015935 0.999857 -0.005747 14.126300 -0.083307 0.004400 0.996514 -0.000000 0.000000 0.000000 0.000000 1.000000
0.996446 0.022587 0.081151 0.000000 -0.023032 0.999724 0.004555 14.126300 -0.081026 -0.006408 0.996691 0.000000 0.000000 0.000000 0.000000 1.000000
0.996911 0.027419 0.073594 -0.000000 -0.028125 0.999568 0.008570 14.126300 -0.073327 -0.010614 0.997251 0.000000 0.000000 0.000000 0.000000 1.000000
0.997703 0.026476 0.062348 0.000000 -0.026871 0.999624 0.005509 14.126300 -0.062178 -0.007172 0.998039 0.000000 0.000000 0.000000 0.000000 1.000000
0.998475 0.023282 0.050047 0.000000 -0.023349 0.999727 0.000760 14.126300 -0.050016 -0.001928 0.998747 0.000000 0.000000 0.000000 0.000000 1.000000
0.999203 0.017263 0.035996 -0.000000 -0.017172 0.999849 -0.002839 14.126300 -0.036040 0.002219 0.999348 0.000000 0.000000 0.000000 0.000000 1.000000
0.999763 0.010574 0.019016 0.000000 -0.010505 0.999938 -0.003733 14.126300 -0.019055 0.003532 0.999812 0.000000 0.000000 0.000000 0.000000 1.000000
0.999973 0.007327 0.000938 0.000000 -0.007322 0.999960 -0.005199 14.126300 -0.000976 0.005192 0.999986 0.000000 0.000000 0.000000 0.000000 1.000000
0.999868 0.007928 -0.014189 -0.000000 -0.008023 0.999946 -0.006608 14.126300 0.014136 0.006721 0.999878 0.000000 0.000000 0.000000 0.000000 1.000000
0.999659 0.010141 -0.024065 -0.000000 -0.010332 0.999916 -0.007817 14.126300 0.023983 0.008063 0.999680 0.000000 0.000000 0.000000 0.000000 1.000000
0.999496 0.009359 -0.030328 -0.000000 -0.009698 0.999892 -0.011051 14.126300 0.030222 0.011339 0.999479 0.000000 0.000000 0.000000 0.000000 1.000000
0.999319 0.008078 -0.036016 0.000000 -0.008597 0.999861 -0.014279 14.126300 0.035896 0.014579 0.999249 0.000000 0.000000 0.000000 0.000000 1.000000
0.999040 0.005487 -0.043463 0.000000 -0.006190 0.999852 -0.016054 14.126300 0.043368 0.016308 0.998926 -0.000000 0.000000 0.000000 0.000000 1.000000
0.998636 0.002034 -0.052175 -0.000000 -0.002893 0.999862 -0.016389 14.126300 0.052134 0.016518 0.998503 0.000000 0.000000 0.000000 0.000000 1.000000
0.998240 -0.000916 -0.059291 0.000000 0.000187 0.999924 -0.012302 14.126300 0.059298 0.012269 0.998165 0.000000 0.000000 0.000000 0.000000 1.000000
0.998082 -0.005233 -0.061678 -0.000000 0.005056 0.999983 -0.003035 14.126300 0.061692 0.002718 0.998092 0.000000 0.000000 0.000000 0.000000 1.000000
0.998264 -0.010929 -0.057883 0.000000 0.011325 0.999915 0.006514 14.126300 0.057807 -0.007158 0.998302 0.000000 0.000000 0.000000 0.000000 1.000000
0.998541 -0.019577 -0.050328 0.000000 0.020161 0.999735 0.011121 14.126300 0.050097 -0.012119 0.998671 -0.000000 0.000000 0.000000 0.000000 1.000000
0.998840 -0.024294 -0.041564 0.000000 0.024677 0.999657 0.008716 14.126300 0.041338 -0.009732 0.999098 0.000000 0.000000 0.000000 0.000000 1.000000
0.999166 -0.025118 -0.032187 0.000000 0.025214 0.999679 0.002577 14.126300 0.032112 -0.003387 0.999479 0.000000 0.000000 0.000000 0.000000 1.000000
0.999563 -0.021408 -0.020361 0.000000 0.021363 0.999769 -0.002442 14.126300 0.020408 0.002006 0.999790 0.000000 0.000000 0.000000 0.000000 1.000000
0.999866 -0.015438 -0.005457 0.000000 0.015414 0.999872 -0.004397 14.126300 0.005524 0.004312 0.999975 -0.000000 0.000000 0.000000 0.000000 1.000000
0.999889 -0.009779 0.011208 0.000000 0.009855 0.999929 -0.006716 14.126300 -0.011141 0.006826 0.999915 0.000000 0.000000 0.000000 0.000000 1.000000</float_array>
        <technique_common>
          <accessor source="#mixamorig9_Spine2-Matrix-animation-output-transform-array" count="32" stride="16">
            <param type="float4x4"/>
          </accessor>
        </technique_common>
      </source>
      <source id="mixamorig9_Spine2-Interpolations">
        <Name_array id="mixamorig9_Spine2-Interpolations-array" count="32">
 LINEAR LINEAR LINEAR LINEAR LINEAR LINEAR LINEAR LINEAR LINEAR LINEAR LINEAR
LINEAR LINEAR LINEAR LINEAR LINEAR LINEAR LINEAR LINEAR LINEAR LINEAR LINEAR LINEAR
LINEAR LINEAR LINEAR LINEAR LINEAR LINEAR LINEAR LINEAR LINEAR</Name_array>
        <technique_common>
          <accessor source="#mixamorig9_Spine2-Interpolations-array" count="32">
            <param type="name"/>
          </accessor>
        </technique_common>
      </source>
      <sampler id="mixamorig9_Spine2-Matrix-animation-transform">
        <input semantic="INPUT" source="#mixamorig9_Spine2-Matrix-animation-input"/>
        <input semantic="OUTPUT" source="#mixamorig9_Spine2-Matrix-animation-output-transform"/>
        <input semantic="INTERPOLATION" source="#mixamorig9_Spine2-Interpolations"/>
      </sampler>
      <channel source="#mixamorig9_Spine2-Matrix-animation-transform" target="mixamorig9_Spine2/matrix"/>
    </animation>
    <animation id="mixamorig9_Neck-anim" name="mixamorig9_Neck">
      <source id="mixamorig9_Neck-Matrix-animation-input">
        <float_array id="mixamorig9_Neck-Matrix-animation-input-array" count="32">

0.000000 0.033333 0.066667 0.100000 0.133333 0.166667 0.200000 0.233333 0.266667 0.300000 0.333333 0.366667 0.400000 0.433333 0.466667 0.500000
0.533333 0.566667 0.600000 0.633333 0.666667 0.700000 0.733333 0.766667 0.800000 0.833333 0.866667 0.900000 0.933333 0.966667 1.000000 1.033333</float_array>
        <technique_common>
          <accessor source="#mixamorig9_Neck-Matrix-animation-input-array" count="32">
            <param name="TIME" type="float"/>
          </accessor>
        </technique_common>
      </source>
      <source id="mixamorig9_Neck-Matrix-animation-output-transform">
        <float_array id="mixamorig9_Neck-Matrix-animation-output-transform-array" count="512">

0.999972 0.007031 -0.002654 0.000000 -0.007251 0.995468 -0.094823 15.892100 0.001975 0.094839 0.995491 -0.000000 0.000000 0.000000 0.000000 1.000000
0.999990 0.002713 -0.003587 -0.000000 -0.003051 0.995186 -0.097959 15.892100 0.003305 0.097969 0.995184 0.000000 0.000000 0.000000 0.000000 1.000000
0.999983 -0.003004 -0.004965 -0.000000 0.002502 0.995155 -0.098283 15.892100 0.005236 0.098269 0.995146 0.000000 0.000000 0.000000 0.000000 1.000000
0.999959 -0.006954 -0.005845 -0.000000 0.006310 0.994582 -0.103761 15.892100 0.006535 0.103720 0.994585 0.000000 0.000000 0.000000 0.000000 1.000000
0.999907 -0.011748 -0.006935 -0.000000 0.010941 0.994224 -0.106765 15.892100 0.008150 0.106679 0.994260 0.000000 0.000000 0.000000 0.000000 1.000000
0.999807 -0.017729 -0.008520 0.000000 0.016689 0.993833 -0.109621 15.892100 0.010411 0.109457 0.993937 0.000000 0.000000 0.000000 0.000000 1.000000
0.999653 -0.024153 -0.010514 0.000000 0.022854 0.993691 -0.109797 15.892100 0.013100 0.109519 0.993898 -0.000000 0.000000 0.000000 0.000000 1.000000
0.999523 -0.028413 -0.012131 -0.000000 0.026979 0.994068 -0.105362 15.892100 0.015052 0.104984 0.994360 0.000000 0.000000 0.000000 0.000000 1.000000
0.999509 -0.028705 -0.012556 0.000000 0.027347 0.994856 -0.097533 15.892100 0.015291 0.097142 0.995153 -0.000000 0.000000 0.000000 0.000000 1.000000
0.999575 -0.026631 -0.011818 0.000000 0.025350 0.994882 -0.097811 15.892100 0.014363 0.097470 0.995135 0.000000 0.000000 0.000000 0.000000 1.000000
0.999592 -0.026414 -0.010834 0.000000 0.025168 0.994425 -0.102403 15.892100 0.013478 0.102089 0.994684 0.000000 0.000000 0.000000 0.000000 1.000000
0.999677 -0.023723 -0.009129 -0.000000 0.022679 0.994605 -0.101222 15.892100 0.011481 0.100982 0.994822 -0.000000 0.000000 0.000000 0.000000 1.000000
0.999850 -0.016174 -0.006248 0.000000 0.015469 0.994866 -0.100011 15.892100 0.007834 0.099900 0.994967 0.000000 0.000000 0.000000 0.000000 1.000000
0.999926 -0.011475 -0.003959 0.000000 0.011008 0.994664 -0.102582 15.892100 0.005115 0.102531 0.994717 0.000000 0.000000 0.000000 0.000000 1.000000
0.999971 -0.007448 -0.001836 -0.000000 0.007212 0.994343 -0.105972 15.892100 0.002615 0.105956 0.994367 -0.000000 0.000000 0.000000 0.000000 1.000000
0.999993 -0.003865 0.000132 -0.000000 0.003855 0.993699 -0.112020 15.892100 0.000302 0.112019 0.993706 0.000000 0.000000 0.000000 0.000000 1.000000
0.999996 -0.002498 0.001581 0.000000 0.002661 0.993522 -0.113607 15.892100 -0.001287 0.113610 0.993525 -0.000000 0.000000 0.000000 0.000000 1.000000
0.999994 -0.002061 0.002675 -0.000000 0.002351 0.993552 -0.113352 15.892100 -0.002424 0.113358 0.993551 0.000000 0.000000 0.000000 0.000000 1.000000
0.999993 -0.001242 0.003535 -0.000000 0.001637 0.993474 -0.114044 15.892100 -0.003370 0.114049 0.993469 -0.000000 0.000000 0.000000 0.000000 1.000000
0.999982 0.003600 0.004827 -0.000000 -0.003033 0.993627 -0.112674 15.892100 -0.005202 0.112658 0.993620 -0.000000 0.000000 0.000000 0.000000 1.000000
0.999961 0.006977 0.005468 0.000000 -0.006320 0.993672 -0.112145 15.892100 -0.006216 0.112107 0.993677 0.000000 0.000000 0.000000 0.000000 1.000000
0.999919 0.011140 0.006210 -0.000000 -0.010394 0.993942 -0.109410 15.892100 -0.007391 0.109337 0.993977 0.000000 0.000000 0.000000 0.000000 1.000000
0.999850 0.015732 0.007209 0.000000 -0.014911 0.994629 -0.102420 15.892100 -0.008781 0.102297 0.994715 0.000000 0.000000 0.000000 0.000000 1.000000
0.999819 0.017415 0.007596 0.000000 -0.016607 0.995253 -0.095893 15.892100 -0.009230 0.095749 0.995363 0.000000 0.000000 0.000000 0.000000 1.000000
0.999811 0.017974 0.007456 -0.000000 -0.017180 0.995278 -0.095536 15.892100 -0.009138 0.095390 0.995398 -0.000000 0.000000 0.000000 0.000000 1.000000
0.999864 0.015270 0.006272 0.000000 -0.014609 0.995416 -0.094518 15.892100 -0.007687 0.094414 0.995503 0.000000 0.000000 0.000000 0.000000 1.000000
0.999882 0.014455 0.005177 0.000000 -0.013922 0.995721 -0.091358 15.892100 -0.006475 0.091276 0.995805 0.000000 0.000000 0.000000 0.000000 1.000000
0.999949 0.009671 0.003041 0.000000 -0.009375 0.996276 -0.085708 15.892100 -0.003859 0.085675 0.996316 0.000000 0.000000 0.000000 0.000000 1.000000
0.999979 0.006390 0.001154 -0.000000 -0.006273 0.996551 -0.082748 15.892100 -0.001679 0.082739 0.996570 0.000000 0.000000 0.000000 0.000000 1.000000
0.999993 0.003811 -0.000636 0.000000 -0.003851 0.996371 -0.085034 15.892100 0.000310 0.085036 0.996378 -0.000000 0.000000 0.000000 0.000000 1.000000
0.999992 0.003318 -0.002032 0.000000 -0.003489 0.995841 -0.091044 15.892100 0.001721 0.091050 0.995845 0.000000 0.000000 0.000000 0.000000 1.000000
0.999972 0.007031 -0.002654 0.000000 -0.007251 0.995468 -0.094823 15.892100 0.001975 0.094839 0.995491 0.000000 0.000000 0.000000 0.000000 1.000000</float_array>
        <technique_common>
          <accessor source="#mixamorig9_Neck-Matrix-animation-output-transform-array" count="32" stride="16">
            <param type="float4x4"/>
          </accessor>
        </technique_common>
      </source>
      <source id="mixamorig9_Neck-Interpolations">
        <Name_array id="mixamorig9_Neck-Interpolations-array" count="32">
 LINEAR LINEAR LINEAR LINEAR LINEAR LINEAR LINEAR LINEAR LINEAR LINEAR LINEAR
LINEAR LINEAR LINEAR LINEAR LINEAR LINEAR LINEAR LINEAR LINEAR LINEAR LINEAR LINEAR
LINEAR LINEAR LINEAR LINEAR LINEAR LINEAR LINEAR LINEAR LINEAR</Name_array>
        <technique_common>
          <accessor source="#mixamorig9_Neck-Interpolations-array" count="32">
            <param type="name"/>
          </accessor>
        </technique_common>
      </source>
      <sampler id="mixamorig9_Neck-Matrix-animation-transform">
        <input semantic="INPUT" source="#mixamorig9_Neck-Matrix-animation-input"/>
        <input semantic="OUTPUT" source="#mixamorig9_Neck-Matrix-animation-output-transform"/>
        <input semantic="INTERPOLATION" source="#mixamorig9_Neck-Interpolations"/>
      </sampler>
      <channel source="#mixamorig9_Neck-Matrix-animation-transform" target="mixamorig9_Neck/matrix"/>
    </animation>
    <animation id="mixamorig9_Head-anim" name="mixamorig9_Head">
      <source id="mixamorig9_Head-Matrix-animation-input">
        <float_array id="mixamorig9_Head-Matrix-animation-input-array" count="32">

0.000000 0.033333 0.066667 0.100000 0.133333 0.166667 0.200000 0.233333 0.266667 0.300000 0.333333 0.366667 0.400000 0.433333 0.466667 0.500000
0.533333 0.566667 0.600000 0.633333 0.666667 0.700000 0.733333 0.766667 0.800000 0.833333 0.866667 0.900000 0.933333 0.966667 1.000000 1.033333</float_array>
        <technique_common>
          <accessor source="#mixamorig9_Head-Matrix-animation-input-array" count="32">
            <param name="TIME" type="float"/>
          </accessor>
        </technique_common>
      </source>
      <source id="mixamorig9_Head-Matrix-animation-output-transform">
        <float_array id="mixamorig9_Head-Matrix-animation-output-transform-array" count="512">

0.999972 0.007031 -0.002654 0.000000 -0.007031 0.999975 0.000006 6.594300 0.002654 0.000012 0.999996 1.984900 0.000000 0.000000 0.000000 1.000000
0.999990 0.002713 -0.003587 0.000000 -0.002724 0.999991 -0.003145 6.594300 0.003579 0.003154 0.999989 1.984900 0.000000 0.000000 0.000000 1.000000
0.999983 -0.003004 -0.004965 -0.000000 0.002987 0.999990 -0.003471 6.594300 0.004975 0.003456 0.999982 1.984900 0.000000 0.000000 0.000000 1.000000
0.999959 -0.006954 -0.005845 0.000000 0.006901 0.999936 -0.008978 6.594300 0.005907 0.008937 0.999943 1.984900 0.000000 0.000000 0.000000 1.000000
0.999907 -0.011748 -0.006936 0.000000 0.011665 0.999860 -0.011999 6.594300 0.007076 0.011917 0.999904 1.984900 0.000000 0.000000 0.000000 1.000000
0.999807 -0.017729 -0.008520 -0.000000 0.017601 0.999734 -0.014872 6.594300 0.008781 0.014720 0.999853 1.984900 0.000000 0.000000 0.000000 1.000000
0.999653 -0.024153 -0.010514 0.000000 0.023993 0.999599 -0.015052 6.594300 0.010874 0.014794 0.999831 1.984900 0.000000 0.000000 0.000000 1.000000
0.999523 -0.028413 -0.012131 0.000000 0.028285 0.999544 -0.010592 6.594300 0.012426 0.010244 0.999870 1.984900 0.000000 0.000000 0.000000 1.000000
0.999509 -0.028705 -0.012556 0.000000 0.028673 0.999585 -0.002724 6.594300 0.012629 0.002363 0.999917 1.984900 0.000000 0.000000 0.000000 1.000000
0.999575 -0.026631 -0.011818 0.000000 0.026597 0.999642 -0.003002 6.594300 0.011894 0.002687 0.999926 1.984900 0.000000 0.000000 0.000000 1.000000
0.999592 -0.026414 -0.010834 0.000000 0.026333 0.999624 -0.007617 6.594300 0.011031 0.007328 0.999912 1.984900 0.000000 0.000000 0.000000 1.000000
0.999677 -0.023723 -0.009129 -0.000000 0.023665 0.999699 -0.006427 6.594300 0.009279 0.006209 0.999938 1.984900 0.000000 0.000000 0.000000 1.000000
0.999850 -0.016174 -0.006248 0.000000 0.016142 0.999856 -0.005209 6.594300 0.006332 0.005107 0.999967 1.984900 0.000000 0.000000 0.000000 1.000000
0.999926 -0.011474 -0.003959 0.000000 0.011443 0.999904 -0.007791 6.594300 0.004048 0.007746 0.999962 1.984900 0.000000 0.000000 0.000000 1.000000
0.999971 -0.007448 -0.001836 0.000000 0.007427 0.999910 -0.011199 6.594300 0.001919 0.011185 0.999936 1.984900 0.000000 0.000000 0.000000 1.000000
0.999993 -0.003865 0.000132 0.000000 0.003866 0.999843 -0.017282 6.594300 -0.000065 0.017283 0.999851 1.984900 0.000000 0.000000 0.000000 1.000000
0.999996 -0.002498 0.001581 -0.000000 0.002527 0.999819 -0.018879 6.594300 -0.001534 0.018883 0.999821 1.984900 0.000000 0.000000 0.000000 1.000000
0.999994 -0.002061 0.002675 -0.000000 0.002110 0.999824 -0.018624 6.594300 -0.002636 0.018629 0.999823 1.984900 0.000000 0.000000 0.000000 1.000000
0.999993 -0.001242 0.003535 0.000000 0.001310 0.999812 -0.019320 6.594300 -0.003510 0.019325 0.999807 1.984900 0.000000 0.000000 0.000000 1.000000
0.999982 0.003600 0.004827 0.000000 -0.003513 0.999833 -0.017942 6.594300 -0.004891 0.017925 0.999827 1.984900 0.000000 0.000000 0.000000 1.000000
0.999961 0.006977 0.005468 0.000000 -0.006881 0.999825 -0.017411 6.594300 -0.005589 0.017372 0.999833 1.984900 0.000000 0.000000 0.000000 1.000000
0.999919 0.011140 0.006210 0.000000 -0.011048 0.999832 -0.014659 6.594300 -0.006372 0.014589 0.999873 1.984900 0.000000 0.000000 0.000000 1.000000
0.999850 0.015732 0.007209 0.000000 -0.015677 0.999848 -0.007631 6.594300 -0.007328 0.007517 0.999945 1.984900 0.000000 0.000000 0.000000 1.000000
0.999819 0.017415 0.007596 0.000000 -0.017408 0.999848 -0.001071 6.594300 -0.007614 0.000939 0.999971 1.984900 0.000000 0.000000 0.000000 1.000000
0.999811 0.017974 0.007456 0.000000 -0.017969 0.999838 -0.000712 6.594300 -0.007468 0.000578 0.999972 1.984900 0.000000 0.000000 0.000000 1.000000
