<?xml version="1.0" encoding="utf-8"?>
<COLLADA xmlns="http://www.collada.org/2005/11/COLLADASchema" version="1.4.1">
  <asset>
    <contributor>
      <author>Mixamo</author>
      <authoring_tool>COLLADA Mixamo exporter</authoring_tool>
      <comments/>
    </contributor>
    <created>2025-03-24T19:54:31Z</created>
    <modified>2025-03-24T19:54:31Z</modified>
    <revision/>
    <title/>
    <unit meter="0.010000"/>
    <up_axis>Y_UP</up_axis>
  </asset>
  <library_animations>
    <animation id="mixamorig9_Hips-anim" name="mixamorig9_Hips">
      <source id="mixamorig9_Hips-Matrix-animation-input">
        <float_array id="mixamorig9_Hips-Matrix-animation-input-array" count="38">

0.000000 0.033333 0.066667 0.100000 0.133333 0.166667 0.200000 0.233333 0.266667 0.300000 0.333333 0.366667 0.400000 0.433333 0.466667 0.500000
0.533333 0.566667 0.600000 0.633333 0.666667 0.700000 0.733333 0.766667 0.800000 0.833333 0.866667 0.900000 0.933333 0.966667 1.000000 1.033333
1.066667 1.100000 1.133333 1.166667 1.200000 1.233333</float_array>
        <technique_common>
          <accessor source="#mixamorig9_Hips-Matrix-animation-input-array" count="38">
            <param name="TIME" type="float"/>
          </accessor>
        </technique_common>
      </source>
      <source id="mixamorig9_Hips-Matrix-animation-output-transform">
        <float_array id="mixamorig9_Hips-Matrix-animation-output-transform-array" count="608">

0.999929 -0.006718 -0.009857 -0.032892 0.007376 0.997640 0.068265 94.909340 0.009375 -0.068333 0.997619 -0.280721 0.000000 0.000000 0.000000 1.000000
0.999999 -0.000104 0.001637 -0.160579 -0.000026 0.996853 0.079278 94.919266 -0.001640 -0.079278 0.996851 0.676399 0.000000 0.000000 0.000000 1.000000
0.999913 0.008130 0.010381 -0.220061 -0.008987 0.996312 0.085331 94.737923 -0.009649 -0.085417 0.996299 1.544557 0.000000 0.000000 0.000000 1.000000
0.999714 0.015865 0.017888 -0.158894 -0.017390 0.995914 0.088620 94.396622 -0.016409 -0.088905 0.995905 2.302161 0.000000 0.000000 0.000000 1.000000
0.999426 0.022290 0.025514 0.000553 -0.024443 0.995870 0.087434 93.977531 -0.023460 -0.088007 0.995844 2.866094 0.000000 0.000000 0.000000 1.000000
0.999040 0.024996 0.035974 0.265083 -0.027964 0.996029 0.084527 93.411163 -0.033719 -0.085452 0.995772 3.223700 0.000000 0.000000 0.000000 1.000000
0.998297 0.022201 0.053938 0.691792 -0.026375 0.996609 0.077946 92.673981 -0.052024 -0.079236 0.995497 3.263492 0.000000 0.000000 0.000000 1.000000
0.996776 0.017191 0.078377 1.250026 -0.022094 0.997824 0.062125 91.979828 -0.077138 -0.063656 0.994986 2.841573 0.000000 0.000000 0.000000 1.000000
0.994359 0.009009 0.105680 1.922047 -0.013444 0.999055 0.041330 91.355644 -0.105208 -0.042517 0.993541 1.913475 0.000000 0.000000 0.000000 1.000000
0.991756 -0.005142 0.128041 2.683224 0.002161 0.999724 0.023404 90.926697 -0.128126 -0.022934 0.991493 0.628469 0.000000 0.000000 0.000000 1.000000
0.989938 -0.025082 0.139263 3.494181 0.023805 0.999658 0.010823 90.786499 -0.139487 -0.007399 0.990196 -0.854562 0.000000 0.000000 0.000000 1.000000
0.989613 -0.040669 0.137884 4.074824 0.040335 0.999173 0.005220 90.787598 -0.137982 0.000396 0.990435 -2.340886 0.000000 0.000000 0.000000 1.000000
0.990567 -0.048115 0.128302 4.445480 0.047204 0.998834 0.010129 90.882286 -0.128640 -0.003977 0.991683 -3.503911 0.000000 0.000000 0.000000 1.000000
0.991882 -0.049381 0.117185 4.806787 0.047289 0.998670 0.020564 91.225533 -0.118044 -0.014856 0.992897 -4.165519 0.000000 0.000000 0.000000 1.000000
0.993093 -0.040850 0.109987 5.101647 0.037867 0.998860 0.029074 91.816406 -0.111049 -0.024709 0.993508 -4.350785 0.000000 0.000000 0.000000 1.000000
0.993854 -0.023809 0.108112 5.212906 0.020240 0.999217 0.033991 92.622299 -0.108837 -0.031594 0.993557 -4.190742 0.000000 0.000000 0.000000 1.000000
0.994429 -0.007770 0.105124 5.192719 0.003799 0.999273 0.037922 93.433365 -0.105343 -0.037312 0.993736 -3.798059 0.000000 0.000000 0.000000 1.000000
0.995164 0.000944 0.098222 5.201115 -0.004974 0.999155 0.040796 94.062180 -0.098101 -0.041087 0.994328 -3.287351 0.000000 0.000000 0.000000 1.000000
0.995736 0.003862 0.092166 5.242662 -0.007880 0.999033 0.043266 94.401184 -0.091910 -0.043808 0.994803 -2.628939 0.000000 0.000000 0.000000 1.000000
0.996219 0.002129 0.086854 5.285362 -0.006394 0.998785 0.048855 94.451813 -0.086645 -0.049226 0.995022 -1.824648 0.000000 0.000000 0.000000 1.000000
0.996679 -0.003604 0.081350 5.293785 -0.001035 0.998379 0.056908 94.216484 -0.081424 -0.056804 0.995060 -1.000818 0.000000 0.000000 0.000000 1.000000
0.996898 -0.010149 0.078048 5.206898 0.005104 0.997900 0.064569 93.736122 -0.078540 -0.063970 0.994856 -0.249835 0.000000 0.000000 0.000000 1.000000
0.996947 -0.014997 0.076630 4.975904 0.009940 0.997773 0.065952 93.166916 -0.077448 -0.064989 0.994876 0.355846 0.000000 0.000000 0.000000 1.000000
0.996911 -0.017497 0.076568 4.616968 0.012875 0.998088 0.060449 92.565842 -0.077479 -0.059277 0.995230 0.757085 0.000000 0.000000 0.000000 1.000000
0.997224 -0.017730 0.072315 4.108458 0.013996 0.998559 0.051815 91.909912 -0.073129 -0.050659 0.996035 0.909575 0.000000 0.000000 0.000000 1.000000
0.998203 -0.018178 0.057093 3.506839 0.015918 0.999082 0.039779 91.317207 -0.057764 -0.038799 0.997576 0.807923 0.000000 0.000000 0.000000 1.000000
0.999257 -0.019435 0.033288 2.883653 0.018654 0.999547 0.023629 90.823662 -0.033732 -0.022991 0.999166 0.429093 0.000000 0.000000 0.000000 1.000000
0.999830 -0.017154 0.006787 2.188737 0.017106 0.999829 0.007059 90.420494 -0.006906 -0.006941 0.999952 -0.322053 0.000000 0.000000 0.000000 1.000000
0.999800 -0.009788 -0.017435 1.493901 0.009742 0.999949 -0.002738 90.289406 0.017461 0.002568 0.999844 -1.336107 0.000000 0.000000 0.000000 1.000000
0.999596 -0.001051 -0.028387 0.943941 0.000939 0.999992 -0.003964 90.286255 0.028391 0.003935 0.999589 -2.322879 0.000000 0.000000 0.000000 1.000000
0.999686 0.007022 -0.024056 0.535683 -0.006975 0.999974 0.002054 90.375587 0.024070 -0.001885 0.999709 -3.028862 0.000000 0.000000 0.000000 1.000000
0.999859 0.011030 -0.012638 0.131243 -0.010866 0.999856 0.013019 90.647369 0.012780 -0.012880 0.999835 -3.704461 0.000000 0.000000 0.000000 1.000000
0.999989 0.003852 -0.002654 -0.160826 -0.003775 0.999583 0.028631 91.667007 0.002763 -0.028621 0.999587 -4.090009 0.000000 0.000000 0.000000 1.000000
0.999980 -0.006241 0.001401 -0.306720 0.006174 0.999030 0.043603 92.625725 -0.001672 -0.043594 0.999048 -3.746760 0.000000 0.000000 0.000000 1.000000
0.999948 -0.010199 -0.000182 -0.360464 0.010194 0.998548 0.052895 93.432861 -0.000357 -0.052894 0.998600 -3.033505 0.000000 0.000000 0.000000 1.000000
0.999921 -0.011601 -0.004852 -0.309812 0.011869 0.998160 0.059464 94.057388 0.004153 -0.059517 0.998219 -2.182376 0.000000 0.000000 0.000000 1.000000
0.999891 -0.011759 -0.008879 -0.183634 0.012302 0.997888 0.063790 94.548851 0.008110 -0.063893 0.997924 -1.267137 0.000000 0.000000 0.000000 1.000000
0.999929 -0.006719 -0.009857 -0.032893 0.007376 0.997640 0.068265 94.909348 0.009375 -0.068333 0.997619 -0.280721 0.000000 0.000000 0.000000 1.000000</float_array>
        <technique_common>
          <accessor source="#mixamorig9_Hips-Matrix-animation-output-transform-array" count="38" stride="16">
            <param type="float4x4"/>
          </accessor>
        </technique_common>
      </source>
      <source id="mixamorig9_Hips-Interpolations">
        <Name_array id="mixamorig9_Hips-Interpolations-array" count="38">
 LINEAR LINEAR LINEAR LINEAR LINEAR LINEAR LINEAR LINEAR LINEAR LINEAR LINEAR
LINEAR LINEAR LINEAR LINEAR LINEAR LINEAR LINEAR LINEAR LINEAR LINEAR LINEAR LINEAR
LINEAR LINEAR LINEAR LINEAR LINEAR LINEAR LINEAR LINEAR LINEAR LINEAR LINEAR LINEAR
LINEAR LINEAR LINEAR</Name_array>
        <technique_common>
          <accessor source="#mixamorig9_Hips-Interpolations-array" count="38">
            <param type="name"/>
          </accessor>
        </technique_common>
      </source>
      <sampler id="mixamorig9_Hips-Matrix-animation-transform">
        <input semantic="INPUT" source="#mixamorig9_Hips-Matrix-animation-input"/>
        <input semantic="OUTPUT" source="#mixamorig9_Hips-Matrix-animation-output-transform"/>
        <input semantic="INTERPOLATION" source="#mixamorig9_Hips-Interpolations"/>
      </sampler>
      <channel source="#mixamorig9_Hips-Matrix-animation-transform" target="mixamorig9_Hips/matrix"/>
    </animation>
    <animation id="mixamorig9_Spine-anim" name="mixamorig9_Spine">
      <source id="mixamorig9_Spine-Matrix-animation-input">
        <float_array id="mixamorig9_Spine-Matrix-animation-input-array" count="38">

0.000000 0.033333 0.066667 0.100000 0.133333 0.166667 0.200000 0.233333 0.266667 0.300000 0.333333 0.366667 0.400000 0.433333 0.466667 0.500000
0.533333 0.566667 0.600000 0.633333 0.666667 0.700000 0.733333 0.766667 0.800000 0.833333 0.866667 0.900000 0.933333 0.966667 1.000000 1.033333
1.066667 1.100000 1.133333 1.166667 1.200000 1.233333</float_array>
        <technique_common>
          <accessor source="#mixamorig9_Spine-Matrix-animation-input-array" count="38">
            <param name="TIME" type="float"/>
          </accessor>
        </technique_common>
      </source>
      <source id="mixamorig9_Spine-Matrix-animation-output-transform">
        <float_array id="mixamorig9_Spine-Matrix-animation-output-transform-array" count="608">

0.999432 0.000612 0.033707 0.000000 0.000696 0.999247 -0.038785 10.547000 -0.033706 0.038787 0.998679 -1.004700 0.000000 0.000000 0.000000 1.000000
0.999888 -0.007396 0.012973 0.000000 0.007829 0.999403 -0.033646 10.547000 -0.012716 0.033743 0.999350 -1.004700 0.000000 0.000000 0.000000 1.000000
0.999847 -0.015938 -0.007150 -0.000000 0.015753 0.999558 -0.025229 10.547000 0.007549 0.025112 0.999656 -1.004700 0.000000 0.000000 0.000000 1.000000
0.999320 -0.024296 -0.027730 0.000000 0.023872 0.999595 -0.015510 10.547000 0.028095 0.014838 0.999495 -1.004700 0.000000 0.000000 0.000000 1.000000
0.998344 -0.031050 -0.048432 -0.000000 0.030862 0.999513 -0.004610 10.547000 0.048551 0.003108 0.998816 -1.004700 0.000000 0.000000 0.000000 1.000000
0.997197 -0.034074 -0.066613 0.000000 0.034462 0.999395 0.004683 10.547000 0.066413 -0.006965 0.997768 -1.004700 0.000000 0.000000 0.000000 1.000000
0.995859 -0.033154 -0.084648 0.000000 0.034303 0.999338 0.012154 10.547000 0.084189 -0.015007 0.996337 -1.004700 0.000000 0.000000 0.000000 1.000000
0.994524 -0.030163 -0.100062 0.000000 0.032349 0.999271 0.020295 10.547000 0.099376 -0.023421 0.994774 -1.004700 0.000000 0.000000 0.000000 1.000000
0.993578 -0.023683 -0.110645 0.000000 0.026412 0.999380 0.023268 10.547000 0.110026 -0.026041 0.993588 -1.004700 0.000000 0.000000 0.000000 1.000000
0.993171 -0.012382 -0.116006 0.000000 0.014455 0.999750 0.017046 10.547000 0.115766 -0.018606 0.993102 -1.004700 0.000000 0.000000 0.000000 1.000000
0.993543 0.003212 -0.113410 0.000000 -0.002927 0.999992 0.002675 10.547000 0.113417 -0.002326 0.993545 -1.004700 0.000000 0.000000 0.000000 1.000000
0.994570 0.018349 -0.102442 -0.000000 -0.020486 0.999593 -0.019846 10.547000 0.102036 0.021837 0.994541 -1.004700 0.000000 0.000000 0.000000 1.000000
0.995500 0.027945 -0.090544 0.000000 -0.032305 0.998370 -0.047053 10.547000 0.089081 0.049766 0.994780 -1.004700 0.000000 0.000000 0.000000 1.000000
0.996426 0.029875 -0.079013 0.000000 -0.035348 0.997004 -0.068795 10.547000 0.076721 0.071342 0.994497 -1.004700 0.000000 0.000000 0.000000 1.000000
0.997328 0.021012 -0.069964 0.000000 -0.026555 0.996501 -0.079254 10.547000 0.068053 0.080900 0.994396 -1.004700 0.000000 0.000000 0.000000 1.000000
0.997887 0.005331 -0.064754 -0.000000 -0.010575 0.996666 -0.080907 10.547000 0.064107 0.081421 0.994616 -1.004700 0.000000 0.000000 0.000000 1.000000
0.998469 -0.006809 -0.054894 0.000000 0.002477 0.996903 -0.078598 10.547000 0.055259 0.078342 0.995394 -1.004700 0.000000 0.000000 0.000000 1.000000
0.999191 -0.013259 -0.037974 0.000000 0.010445 0.997249 -0.073385 10.547000 0.038842 0.072929 0.996580 -1.004700 0.000000 0.000000 0.000000 1.000000
0.999653 -0.016772 -0.020290 -0.000000 0.015443 0.997832 -0.063980 10.547000 0.021319 0.063645 0.997745 -1.004700 0.000000 0.000000 0.000000 1.000000
0.999837 -0.017517 -0.004420 0.000000 0.017254 0.998403 -0.053800 10.547000 0.005356 0.053715 0.998542 -1.004700 0.000000 0.000000 0.000000 1.000000
0.999807 -0.014807 0.012942 0.000000 0.015377 0.998860 -0.045191 10.547000 -0.012258 0.045381 0.998895 -1.004700 0.000000 0.000000 0.000000 1.000000
0.999435 -0.009959 0.032109 0.000000 0.011173 0.999221 -0.037845 10.547000 -0.031707 0.038182 0.998768 -1.004700 0.000000 0.000000 0.000000 1.000000
0.998714 -0.004960 0.050460 0.000000 0.006354 0.999601 -0.027515 10.547000 -0.050303 0.027800 0.998347 -1.004700 0.000000 0.000000 0.000000 1.000000
0.997688 -0.001268 0.067945 0.000000 0.002256 0.999893 -0.014459 10.547000 -0.067919 0.014579 0.997584 -1.004700 0.000000 0.000000 0.000000 1.000000
0.996223 0.002376 0.086795 0.000000 -0.002010 0.999989 -0.004296 10.547000 -0.086804 0.004105 0.996217 -1.004700 0.000000 0.000000 0.000000 1.000000
0.994256 0.006882 0.106802 -0.000000 -0.007388 0.999963 0.004345 10.547000 -0.106768 -0.005109 0.994271 -1.004700 0.000000 0.000000 0.000000 1.000000
0.992270 0.010319 0.123666 -0.000000 -0.012055 0.999839 0.013300 10.547000 -0.123509 -0.014688 0.992235 -1.004700 0.000000 0.000000 0.000000 1.000000
0.991051 0.009540 0.133145 0.000000 -0.011899 0.999786 0.016930 10.547000 -0.132955 -0.018363 0.990952 -1.004700 0.000000 0.000000 0.000000 1.000000
0.990868 0.003795 0.134785 0.000000 -0.005205 0.999935 0.010113 10.547000 -0.134738 -0.010722 0.990823 -1.004700 0.000000 0.000000 0.000000 1.000000
0.992015 -0.004270 0.126046 0.000000 0.004767 0.999982 -0.003646 10.547000 -0.126028 0.004218 0.992018 -1.004700 0.000000 0.000000 0.000000 1.000000
0.994199 -0.012175 0.106860 -0.000000 0.014147 0.999743 -0.017712 10.547000 -0.106617 0.019121 0.994116 -1.004700 0.000000 0.000000 0.000000 1.000000
0.996268 -0.012395 0.085417 -0.000000 0.015982 0.999013 -0.041438 10.547000 -0.084819 0.042648 0.995483 -1.004700 0.000000 0.000000 0.000000 1.000000
0.997484 -0.000995 0.070885 -0.000000 0.005833 0.997663 -0.068078 10.547000 -0.070651 0.068320 0.995159 -1.004700 0.000000 0.000000 0.000000 1.000000
0.997949 0.010165 0.063201 0.000000 -0.005409 0.997171 -0.074969 10.547000 -0.063784 0.074474 0.995181 -1.004700 0.000000 0.000000 0.000000 1.000000
0.998327 0.012751 0.056390 -0.000000 -0.008807 0.997533 -0.069646 10.547000 -0.057139 0.069033 0.995977 -1.004700 0.000000 0.000000 0.000000 1.000000
0.998630 0.010975 0.051154 0.000000 -0.007862 0.998128 -0.060656 10.547000 -0.051724 0.060171 0.996847 -1.004700 0.000000 0.000000 0.000000 1.000000
0.998928 0.007695 0.045657 0.000000 -0.005421 0.998749 -0.049719 10.547000 -0.045982 0.049418 0.997719 -1.004700 0.000000 0.000000 0.000000 1.000000
0.999432 0.000612 0.033707 0.000000 0.000696 0.999247 -0.038785 10.547000 -0.033706 0.038787 0.998679 -1.004700 0.000000 0.000000 0.000000 1.000000</float_array>
        <technique_common>
          <accessor source="#mixamorig9_Spine-Matrix-animation-output-transform-array" count="38" stride="16">
            <param type="float4x4"/>
          </accessor>
        </technique_common>
      </source>
      <source id="mixamorig9_Spine-Interpolations">
        <Name_array id="mixamorig9_Spine-Interpolations-array" count="38">
 LINEAR LINEAR LINEAR LINEAR LINEAR LINEAR LINEAR LINEAR LINEAR LINEAR LINEAR
LINEAR LINEAR LINEAR LINEAR LINEAR LINEAR LINEAR LINEAR LINEAR LINEAR LINEAR LINEAR
LINEAR LINEAR LINEAR LINEAR LINEAR LINEAR LINEAR LINEAR LINEAR LINEAR LINEAR LINEAR
LINEAR LINEAR LINEAR</Name_array>
        <technique_common>
          <accessor source="#mixamorig9_Spine-Interpolations-array" count="38">
            <param type="name"/>
          </accessor>
        </technique_common>
      </source>
      <sampler id="mixamorig9_Spine-Matrix-animation-transform">
        <input semantic="INPUT" source="#mixamorig9_Spine-Matrix-animation-input"/>
        <input semantic="OUTPUT" source="#mixamorig9_Spine-Matrix-animation-output-transform"/>
        <input semantic="INTERPOLATION" source="#mixamorig9_Spine-Interpolations"/>
      </sampler>
      <channel source="#mixamorig9_Spine-Matrix-animation-transform" target="mixamorig9_Spine/matrix"/>
    </animation>
    <animation id="mixamorig9_Spine1-anim" name="mixamorig9_Spine1">
      <source id="mixamorig9_Spine1-Matrix-animation-input">
        <float_array id="mixamorig9_Spine1-Matrix-animation-input-array" count="38">

0.000000 0.033333 0.066667 0.100000 0.133333 0.166667 0.200000 0.233333 0.266667 0.300000 0.333333 0.366667 0.400000 0.433333 0.466667 0.500000
0.533333 0.566667 0.600000 0.633333 0.666667 0.700000 0.733333 0.766667 0.800000 0.833333 0.866667 0.900000 0.933333 0.966667 1.000000 1.033333
1.066667 1.100000 1.133333 1.166667 1.200000 1.233333</float_array>
        <technique_common>
          <accessor source="#mixamorig9_Spine1-Matrix-animation-input-array" count="38">
            <param name="TIME" type="float"/>
          </accessor>
        </technique_common>
      </source>
      <source id="mixamorig9_Spine1-Matrix-animation-output-transform">
        <float_array id="mixamorig9_Spine1-Matrix-animation-output-transform-array" count="608">

0.999933 -0.007372 0.008873 0.000000 0.007516 0.999840 -0.016226 12.360600 -0.008752 0.016291 0.999829 0.000000 0.000000 0.000000 0.000000 1.000000
0.999962 -0.008214 0.003017 -0.000000 0.008261 0.999838 -0.016010 12.360600 -0.002885 0.016034 0.999867 0.000000 0.000000 0.000000 0.000000 1.000000
0.999956 -0.008967 -0.002639 0.000000 0.008926 0.999843 -0.015322 12.360600 0.002776 0.015298 0.999879 0.000000 0.000000 0.000000 0.000000 1.000000
0.999921 -0.009328 -0.008391 0.000000 0.009205 0.999851 -0.014595 12.360600 0.008526 0.014517 0.999858 0.000000 0.000000 0.000000 0.000000 1.000000
0.999857 -0.009270 -0.014148 -0.000000 0.009074 0.999863 -0.013839 12.360600 0.014275 0.013709 0.999804 0.000000 0.000000 0.000000 0.000000 1.000000
0.999775 -0.009053 -0.019192 0.000000 0.008799 0.999873 -0.013261 12.360600 0.019310 0.013089 0.999728 0.000000 0.000000 0.000000 0.000000 1.000000
0.999679 -0.007705 -0.024147 0.000000 0.007408 0.999896 -0.012352 12.360600 0.024239 0.012169 0.999632 0.000000 0.000000 0.000000 0.000000 1.000000
0.999581 -0.005911 -0.028343 -0.000000 0.005603 0.999925 -0.010929 12.360600 0.028406 0.010766 0.999538 -0.000000 0.000000 0.000000 0.000000 1.000000
0.999504 -0.004239 -0.031193 -0.000000 0.003928 0.999942 -0.010034 12.360600 0.031233 0.009907 0.999463 -0.000000 0.000000 0.000000 0.000000 1.000000
0.999470 -0.001800 -0.032508 0.000000 0.001443 0.999938 -0.011008 12.360600 0.032526 0.010955 0.999411 0.000000 0.000000 0.000000 0.000000 1.000000
0.999503 0.001236 -0.031485 0.000000 -0.001673 0.999903 -0.013861 12.360600 0.031464 0.013907 0.999408 0.000000 0.000000 0.000000 0.000000 1.000000
0.999600 0.003005 -0.028121 0.000000 -0.003497 0.999842 -0.017454 12.360600 0.028064 0.017545 0.999452 0.000000 0.000000 0.000000 0.000000 1.000000
0.999691 0.004037 -0.024545 0.000000 -0.004562 0.999761 -0.021384 12.360600 0.024453 0.021490 0.999470 0.000000 0.000000 0.000000 0.000000 1.000000
0.999767 0.003829 -0.021228 0.000000 -0.004359 0.999679 -0.024975 12.360600 0.021126 0.025062 0.999463 0.000000 0.000000 0.000000 0.000000 1.000000
0.999819 0.001783 -0.018942 0.000000 -0.002281 0.999651 -0.026313 12.360600 0.018888 0.026352 0.999474 0.000000 0.000000 0.000000 0.000000 1.000000
0.999838 -0.001321 -0.017961 0.000000 0.000874 0.999690 -0.024901 12.360600 0.017988 0.024882 0.999529 0.000000 0.000000 0.000000 0.000000 1.000000
0.999868 -0.004326 -0.015684 0.000000 0.003969 0.999734 -0.022728 12.360600 0.015778 0.022662 0.999619 0.000000 0.000000 0.000000 0.000000 1.000000
0.999917 -0.006244 -0.011277 0.000000 0.006010 0.999768 -0.020673 12.360600 0.011404 0.020603 0.999723 0.000000 0.000000 0.000000 0.000000 1.000000
0.999952 -0.007355 -0.006534 -0.000000 0.007232 0.999801 -0.018596 12.360600 0.006670 0.018548 0.999806 0.000000 0.000000 0.000000 0.000000 1.000000
0.999970 -0.007464 -0.002168 0.000000 0.007426 0.999828 -0.017000 12.360600 0.002294 0.016984 0.999853 0.000000 0.000000 0.000000 0.000000 1.000000
0.999972 -0.007027 0.002704 0.000000 0.007070 0.999845 -0.016099 12.360600 -0.002590 0.016118 0.999867 0.000000 0.000000 0.000000 0.000000 1.000000
0.999943 -0.006935 0.008102 -0.000000 0.007062 0.999851 -0.015768 12.360600 -0.007991 0.015824 0.999843 0.000000 0.000000 0.000000 0.000000 1.000000
0.999889 -0.006679 0.013329 0.000000 0.006877 0.999865 -0.014908 12.360600 -0.013227 0.014998 0.999800 -0.000000 0.000000 0.000000 0.000000 1.000000
0.999810 -0.006560 0.018331 -0.000000 0.006807 0.999887 -0.013425 12.360600 -0.018241 0.013547 0.999742 0.000000 0.000000 0.000000 0.000000 1.000000
0.999694 -0.007072 0.023705 0.000000 0.007360 0.999900 -0.012054 12.360600 -0.023617 0.012225 0.999646 0.000000 0.000000 0.000000 0.000000 1.000000
0.999541 -0.007251 0.029422 -0.000000 0.007583 0.999909 -0.011191 12.360600 -0.029338 0.011409 0.999504 0.000000 0.000000 0.000000 0.000000 1.000000
0.999388 -0.007127 0.034241 -0.000000 0.007506 0.999912 -0.010948 12.360600 -0.034160 0.011199 0.999354 -0.000000 0.000000 0.000000 0.000000 1.000000
0.999290 -0.007566 0.036897 0.000000 0.008000 0.999900 -0.011643 12.360600 -0.036805 0.011930 0.999251 -0.000000 0.000000 0.000000 0.000000 1.000000
0.999269 -0.008638 0.037231 0.000000 0.009157 0.999863 -0.013769 12.360600 -0.037107 0.014100 0.999212 -0.000000 0.000000 0.000000 0.000000 1.000000
0.999351 -0.010099 0.034577 0.000000 0.010690 0.999799 -0.016936 12.360600 -0.034399 0.017294 0.999259 0.000000 0.000000 0.000000 0.000000 1.000000
0.999510 -0.011719 0.029010 0.000000 0.012381 0.999664 -0.022760 12.360600 -0.028734 0.023108 0.999320 0.000000 0.000000 0.000000 0.000000 1.000000
0.999663 -0.012471 0.022777 0.000000 0.013061 0.999578 -0.025961 12.360600 -0.022444 0.026250 0.999403 -0.000000 0.000000 0.000000 0.000000 1.000000
0.999760 -0.011401 0.018699 0.000000 0.011872 0.999611 -0.025256 12.360600 -0.018404 0.025472 0.999506 0.000000 0.000000 0.000000 0.000000 1.000000
0.999813 -0.009545 0.016809 0.000000 0.009977 0.999617 -0.025797 12.360600 -0.016556 0.025960 0.999526 0.000000 0.000000 0.000000 0.000000 1.000000
0.999852 -0.008196 0.015094 -0.000000 0.008555 0.999679 -0.023857 12.360600 -0.014894 0.023983 0.999601 0.000000 0.000000 0.000000 0.000000 1.000000
0.999878 -0.007496 0.013721 0.000000 0.007785 0.999746 -0.021153 12.360600 -0.013559 0.021257 0.999682 0.000000 0.000000 0.000000 0.000000 1.000000
0.999898 -0.007374 0.012223 -0.000000 0.007598 0.999803 -0.018344 12.360600 -0.012085 0.018435 0.999757 -0.000000 0.000000 0.000000 0.000000 1.000000
0.999933 -0.007372 0.008873 -0.000000 0.007516 0.999840 -0.016226 12.360600 -0.008752 0.016291 0.999829 0.000000 0.000000 0.000000 0.000000 1.000000</float_array>
        <technique_common>
          <accessor source="#mixamorig9_Spine1-Matrix-animation-output-transform-array" count="38" stride="16">
            <param type="float4x4"/>
          </accessor>
        </technique_common>
      </source>
      <source id="mixamorig9_Spine1-Interpolations">
        <Name_array id="mixamorig9_Spine1-Interpolations-array" count="38">
 LINEAR LINEAR LINEAR LINEAR LINEAR LINEAR LINEAR LINEAR LINEAR LINEAR LINEAR
LINEAR LINEAR LINEAR LINEAR LINEAR LINEAR LINEAR LINEAR LINEAR LINEAR LINEAR LINEAR
LINEAR LINEAR LINEAR LINEAR LINEAR LINEAR LINEAR LINEAR LINEAR LINEAR LINEAR LINEAR
LINEAR LINEAR LINEAR</Name_array>
        <technique_common>
          <accessor source="#mixamorig9_Spine1-Interpolations-array" count="38">
            <param type="name"/>
          </accessor>
        </technique_common>
      </source>
      <sampler id="mixamorig9_Spine1-Matrix-animation-transform">
        <input semantic="INPUT" source="#mixamorig9_Spine1-Matrix-animation-input"/>
        <input semantic="OUTPUT" source="#mixamorig9_Spine1-Matrix-animation-output-transform"/>
        <input semantic="INTERPOLATION" source="#mixamorig9_Spine1-Interpolations"/>
      </sampler>
      <channel source="#mixamorig9_Spine1-Matrix-animation-transform" target="mixamorig9_Spine1/matrix"/>
    </animation>
    <animation id="mixamorig9_Spine2-anim" name="mixamorig9_Spine2">
      <source id="mixamorig9_Spine2-Matrix-animation-input">
        <float_array id="mixamorig9_Spine2-Matrix-animation-input-array" count="38">

0.000000 0.033333 0.066667 0.100000 0.133333 0.166667 0.200000 0.233333 0.266667 0.300000 0.333333 0.366667 0.400000 0.433333 0.466667 0.500000
0.533333 0.566667 0.600000 0.633333 0.666667 0.700000 0.733333 0.766667 0.800000 0.833333 0.866667 0.900000 0.933333 0.966667 1.000000 1.033333
1.066667 1.100000 1.133333 1.166667 1.200000 1.233333</float_array>
        <technique_common>
          <accessor source="#mixamorig9_Spine2-Matrix-animation-input-array" count="38">
            <param name="TIME" type="float"/>
          </accessor>
        </technique_common>
      </source>
      <source id="mixamorig9_Spine2-Matrix-animation-output-transform">
        <float_array id="mixamorig9_Spine2-Matrix-animation-output-transform-array" count="608">

0.999936 -0.007307 0.008658 0.000000 0.007448 0.999840 -0.016280 14.126300 -0.008538 0.016343 0.999830 -0.000000 0.000000 0.000000 0.000000 1.000000
0.999962 -0.008203 0.002817 -0.000000 0.008247 0.999838 -0.016028 14.126300 -0.002685 0.016050 0.999868 -0.000000 0.000000 0.000000 0.000000 1.000000
0.999955 -0.009007 -0.002812 0.000000 0.008963 0.999843 -0.015304 14.126300 0.002949 0.015278 0.999879 0.000000 0.000000 0.000000 0.000000 1.000000
0.999919 -0.009414 -0.008524 -0.000000 0.009290 0.999851 -0.014542 14.126300 0.008660 0.014461 0.999858 -0.000000 0.000000 0.000000 0.000000 1.000000
0.999855 -0.009396 -0.014235 -0.000000 0.009200 0.999863 -0.013760 14.126300 0.014363 0.013627 0.999804 -0.000000 0.000000 0.000000 0.000000 1.000000
0.999772 -0.009218 -0.019245 0.000000 0.008965 0.999873 -0.013167 14.126300 0.019364 0.012992 0.999728 0.000000 0.000000 0.000000 0.000000 1.000000
0.999677 -0.007895 -0.024167 0.000000 0.007600 0.999896 -0.012269 14.126300 0.024261 0.012082 0.999633 0.000000 0.000000 0.000000 0.000000 1.000000
0.999580 -0.006105 -0.028339 0.000000 0.005798 0.999924 -0.010880 14.126300 0.028403 0.010711 0.999539 0.000000 0.000000 0.000000 0.000000 1.000000
0.999504 -0.004433 -0.031179 0.000000 0.004123 0.999941 -0.010022 14.126300 0.031221 0.009889 0.999464 0.000000 0.000000 0.000000 0.000000 1.000000
0.999470 -0.002023 -0.032479 0.000000 0.001665 0.999938 -0.011052 14.126300 0.032500 0.010992 0.999411 0.000000 0.000000 0.000000 0.000000 1.000000
0.999505 0.000961 -0.031438 0.000000 -0.001401 0.999902 -0.013964 14.126300 0.031422 0.014001 0.999408 0.000000 0.000000 0.000000 0.000000 1.000000
0.999602 0.002695 -0.028087 0.000000 -0.003190 0.999841 -0.017568 14.126300 0.028035 0.017651 0.999451 -0.000000 0.000000 0.000000 0.000000 1.000000
0.999692 0.003709 -0.024527 0.000000 -0.004237 0.999760 -0.021491 14.126300 0.024441 0.021588 0.999468 -0.000000 0.000000 0.000000 0.000000 1.000000
0.999768 0.003500 -0.021232 0.000000 -0.004032 0.999678 -0.025059 14.126300 0.021137 0.025139 0.999460 0.000000 0.000000 0.000000 0.000000 1.000000
0.999819 0.001474 -0.018969 0.000000 -0.001974 0.999650 -0.026363 14.126300 0.018923 0.026395 0.999472 0.000000 0.000000 0.000000 0.000000 1.000000
0.999836 -0.001597 -0.018012 0.000000 0.001148 0.999689 -0.024913 14.126300 0.018047 0.024888 0.999527 -0.000000 0.000000 0.000000 0.000000 1.000000
0.999865 -0.004546 -0.015783 0.000000 0.004187 0.999733 -0.022706 14.126300 0.015882 0.022637 0.999618 0.000000 0.000000 0.000000 0.000000 1.000000
0.999914 -0.006388 -0.011413 0.000000 0.006152 0.999768 -0.020643 14.126300 0.011543 0.020571 0.999722 0.000000 0.000000 0.000000 0.000000 1.000000
0.999950 -0.007431 -0.006688 0.000000 0.007305 0.999801 -0.018577 14.126300 0.006824 0.018527 0.999805 0.000000 0.000000 0.000000 0.000000 1.000000
0.999969 -0.007486 -0.002314 0.000000 0.007446 0.999828 -0.016999 14.126300 0.002441 0.016981 0.999853 -0.000000 0.000000 0.000000 0.000000 1.000000
0.999972 -0.006998 0.002566 -0.000000 0.007038 0.999845 -0.016118 14.126300 -0.002452 0.016136 0.999867 0.000000 0.000000 0.000000 0.000000 1.000000
0.999945 -0.006851 0.007951 0.000000 0.006976 0.999851 -0.015812 14.126300 -0.007842 0.015866 0.999843 -0.000000 0.000000 0.000000 0.000000 1.000000
0.999892 -0.006547 0.013171 0.000000 0.006745 0.999865 -0.014978 14.126300 -0.013071 0.015065 0.999801 0.000000 0.000000 0.000000 0.000000 1.000000
0.999814 -0.006396 0.018168 0.000000 0.006642 0.999886 -0.013523 14.126300 -0.018079 0.013642 0.999743 -0.000000 0.000000 0.000000 0.000000 1.000000
0.999700 -0.006883 0.023522 0.000000 0.007171 0.999900 -0.012199 14.126300 -0.023435 0.012364 0.999649 0.000000 0.000000 0.000000 0.000000 1.000000
0.999548 -0.007032 0.029224 0.000000 0.007367 0.999908 -0.011386 14.126300 -0.029142 0.011596 0.999508 0.000000 0.000000 0.000000 0.000000 1.000000
0.999397 -0.006871 0.034039 0.000000 0.007255 0.999911 -0.011186 14.126300 -0.033959 0.011426 0.999358 0.000000 0.000000 0.000000 0.000000 1.000000
0.999301 -0.007265 0.036684 -0.000000 0.007707 0.999899 -0.011921 14.126300 -0.036594 0.012195 0.999256 -0.000000 0.000000 0.000000 0.000000 1.000000
0.999281 -0.008275 0.036998 0.000000 0.008801 0.999862 -0.014080 14.126300 -0.036876 0.014395 0.999216 0.000000 0.000000 0.000000 0.000000 1.000000
0.999364 -0.009700 0.034320 0.000000 0.010297 0.999798 -0.017251 14.126300 -0.034145 0.017593 0.999262 -0.000000 0.000000 0.000000 0.000000 1.000000
0.999523 -0.011415 0.028707 0.000000 0.012078 0.999662 -0.023035 14.126300 -0.028435 0.023371 0.999322 0.000000 0.000000 0.000000 0.000000 1.000000
0.999674 -0.012200 0.022418 0.000000 0.012786 0.999575 -0.026187 14.126300 -0.022089 0.026465 0.999406 -0.000000 0.000000 0.000000 0.000000 1.000000
0.999771 -0.011077 0.018321 0.000000 0.011542 0.999610 -0.025432 14.126300 -0.018033 0.025638 0.999509 0.000000 0.000000 0.000000 0.000000 1.000000
0.999822 -0.009247 0.016427 0.000000 0.009671 0.999617 -0.025933 14.126300 -0.016181 0.026087 0.999529 0.000000 0.000000 0.000000 0.000000 1.000000
0.999860 -0.007945 0.014759 0.000000 0.008297 0.999678 -0.023961 14.126300 -0.014564 0.024080 0.999604 0.000000 0.000000 0.000000 0.000000 1.000000
0.999883 -0.007291 0.013434 -0.000000 0.007575 0.999746 -0.021238 14.126300 -0.013276 0.021337 0.999684 0.000000 0.000000 0.000000 0.000000 1.000000
0.999903 -0.007149 0.011971 0.000000 0.007369 0.999803 -0.018417 14.126300 -0.011837 0.018503 0.999759 0.000000 0.000000 0.000000 0.000000 1.000000
0.999936 -0.007307 0.008658 -0.000000 0.007448 0.999840 -0.016280 14.126300 -0.008538 0.016343 0.999830 0.000000 0.000000 0.000000 0.000000 1.000000</float_array>
        <technique_common>
          <accessor source="#mixamorig9_Spine2-Matrix-animation-output-transform-array" count="38" stride="16">
            <param type="float4x4"/>
          </accessor>
        </technique_common>
      </source>
      <source id="mixamorig9_Spine2-Interpolations">
        <Name_array id="mixamorig9_Spine2-Interpolations-array" count="38">
 LINEAR LINEAR LINEAR LINEAR LINEAR LINEAR LINEAR LINEAR LINEAR LINEAR LINEAR
LINEAR LINEAR LINEAR LINEAR LINEAR LINEAR LINEAR LINEAR LINEAR LINEAR LINEAR LINEAR
LINEAR LINEAR LINEAR LINEAR LINEAR LINEAR LINEAR LINEAR LINEAR LINEAR LINEAR LINEAR
LINEAR LINEAR LINEAR</Name_array>
        <technique_common>
          <accessor source="#mixamorig9_Spine2-Interpolations-array" count="38">
            <param type="name"/>
          </accessor>
        </technique_common>
      </source>
      <sampler id="mixamorig9_Spine2-Matrix-animation-transform">
        <input semantic="INPUT" source="#mixamorig9_Spine2-Matrix-animation-input"/>
        <input semantic="OUTPUT" source="#mixamorig9_Spine2-Matrix-animation-output-transform"/>
        <input semantic="INTERPOLATION" source="#mixamorig9_Spine2-Interpolations"/>
      </sampler>
      <channel source="#mixamorig9_Spine2-Matrix-animation-transform" target="mixamorig9_Spine2/matrix"/>
    </animation>
    <animation id="mixamorig9_Neck-anim" name="mixamorig9_Neck">
      <source id="mixamorig9_Neck-Matrix-animation-input">
        <float_array id="mixamorig9_Neck-Matrix-animation-input-array" count="38">

0.000000 0.033333 0.066667 0.100000 0.133333 0.166667 0.200000 0.233333 0.266667 0.300000 0.333333 0.366667 0.400000 0.433333 0.466667 0.500000
0.533333 0.566667 0.600000 0.633333 0.666667 0.700000 0.733333 0.766667 0.800000 0.833333 0.866667 0.900000 0.933333 0.966667 1.000000 1.033333
1.066667 1.100000 1.133333 1.166667 1.200000 1.233333</float_array>
        <technique_common>
          <accessor source="#mixamorig9_Neck-Matrix-animation-input-array" count="38">
            <param name="TIME" type="float"/>
          </accessor>
        </technique_common>
      </source>
      <source id="mixamorig9_Neck-Matrix-animation-output-transform">
        <float_array id="mixamorig9_Neck-Matrix-animation-output-transform-array" count="608">

0.999963 -0.004612 -0.007294 0.000000 0.004042 0.997083 -0.076220 15.892100 0.007624 0.076188 0.997064 -0.000000 0.000000 0.000000 0.000000 1.000000
0.999969 -0.005764 -0.005324 -0.000000 0.005338 0.997027 -0.076862 15.892100 0.005752 0.076831 0.997028 0.000000 0.000000 0.000000 0.000000 1.000000
0.999965 -0.007486 -0.003633 0.000000 0.007181 0.996948 -0.077739 15.892100 0.004204 0.077710 0.996967 -0.000000 0.000000 0.000000 0.000000 1.000000
0.999957 -0.009136 -0.001835 -0.000000 0.008963 0.996841 -0.078915 15.892100 0.002550 0.078895 0.996880 0.000000 0.000000 0.000000 0.000000 1.000000
0.999945 -0.010483 -0.000060 0.000000 0.010444 0.996750 -0.079879 15.892100 0.000897 0.079874 0.996805 0.000000 0.000000 0.000000 0.000000 1.000000
0.999942 -0.010633 0.001519 0.000000 0.010721 0.996672 -0.080803 15.892100 -0.000654 0.080815 0.996729 0.000000 0.000000 0.000000 0.000000 1.000000
0.999943 -0.010334 0.002616 0.000000 0.010513 0.996637 -0.081270 15.892100 -0.001767 0.081293 0.996689 0.000000 0.000000 0.000000 0.000000 1.000000
0.999947 -0.009951 0.002796 -0.000000 0.010143 0.996728 -0.080192 15.892100 -0.001989 0.080216 0.996776 0.000000 0.000000 0.000000 0.000000 1.000000
0.999954 -0.009373 0.002208 0.000000 0.009516 0.996952 -0.077437 15.892100 -0.001475 0.077455 0.996995 0.000000 0.000000 0.000000 0.000000 1.000000
0.999954 -0.009522 0.001415 0.000000 0.009601 0.997251 -0.073472 15.892100 -0.000712 0.073482 0.997296 0.000000 0.000000 0.000000 0.000000 1.000000
0.999959 -0.009049 0.000689 -0.000000 0.009075 0.997558 -0.069247 15.892100 -0.000060 0.069250 0.997599 -0.000000 0.000000 0.000000 0.000000 1.000000
0.999966 -0.008116 -0.001155 0.000000 0.008023 0.997839 -0.065211 15.892100 0.001682 0.065200 0.997871 0.000000 0.000000 0.000000 0.000000 1.000000
0.999956 -0.008822 -0.003042 0.000000 0.008614 0.997994 -0.062720 15.892100 0.003590 0.062691 0.998027 0.000000 0.000000 0.000000 0.000000 1.000000
0.999954 -0.008638 -0.004131 -0.000000 0.008359 0.997957 -0.063344 15.892100 0.004670 0.063307 0.997983 0.000000 0.000000 0.000000 0.000000 1.000000
0.999959 -0.007599 -0.004945 -0.000000 0.007255 0.997782 -0.066173 15.892100 0.005437 0.066134 0.997796 0.000000 0.000000 0.000000 0.000000 1.000000
0.999953 -0.007789 -0.005733 -0.000000 0.007377 0.997610 -0.068704 15.892100 0.006254 0.068659 0.997621 0.000000 0.000000 0.000000 0.000000 1.000000
0.999937 -0.008691 -0.007115 0.000000 0.008172 0.997518 -0.069930 15.892100 0.007705 0.069867 0.997527 0.000000 0.000000 0.000000 0.000000 1.000000
0.999922 -0.008748 -0.008970 0.000000 0.008102 0.997536 -0.069689 15.892100 0.009557 0.069611 0.997528 0.000000 0.000000 0.000000 0.000000 1.000000
0.999913 -0.007585 -0.010796 0.000000 0.006820 0.997578 -0.069226 15.892100 0.011295 0.069146 0.997543 0.000000 0.000000 0.000000 0.000000 1.000000
0.999903 -0.006211 -0.012434 0.000000 0.005330 0.997556 -0.069669 15.892100 0.012837 0.069596 0.997493 0.000000 0.000000 0.000000 0.000000 1.000000
0.999888 -0.004661 -0.014215 0.000000 0.003642 0.997480 -0.070848 15.892100 0.014510 0.070788 0.997386 -0.000000 0.000000 0.000000 0.000000 1.000000
0.999863 -0.002870 -0.016299 0.000000 0.001689 0.997403 -0.072000 15.892100 0.016463 0.071963 0.997271 0.000000 0.000000 0.000000 0.000000 1.000000
0.999826 -0.001990 -0.018535 0.000000 0.000630 0.997324 -0.073108 15.892100 0.018631 0.073083 0.997152 -0.000000 0.000000 0.000000 0.000000 1.000000
0.999782 -0.001612 -0.020805 0.000000 0.000068 0.997259 -0.073994 15.892100 0.020867 0.073977 0.997042 0.000000 0.000000 0.000000 0.000000 1.000000
0.999738 -0.001371 -0.022870 -0.000000 -0.000311 0.997305 -0.073372 15.892100 0.022909 0.073360 0.997042 0.000000 0.000000 0.000000 0.000000 1.000000
0.999697 -0.001987 -0.024525 0.000000 0.000223 0.997425 -0.071718 15.892100 0.024604 0.071690 0.997123 0.000000 0.000000 0.000000 0.000000 1.000000
0.999678 -0.002618 -0.025220 0.000000 0.000843 0.997537 -0.070140 15.892100 0.025342 0.070096 0.997218 0.000000 0.000000 0.000000 0.000000 1.000000
0.999693 -0.003199 -0.024569 0.000000 0.001507 0.997643 -0.068606 15.892100 0.024730 0.068548 0.997341 0.000000 0.000000 0.000000 0.000000 1.000000
0.999723 -0.004526 -0.023112 0.000000 0.002963 0.997734 -0.067217 15.892100 0.023363 0.067129 0.997471 -0.000000 0.000000 0.000000 0.000000 1.000000
0.999763 -0.005663 -0.021040 0.000000 0.004250 0.997769 -0.066618 15.892100 0.021371 0.066513 0.997557 0.000000 0.000000 0.000000 0.000000 1.000000
0.999809 -0.006574 -0.018396 0.000000 0.005329 0.997742 -0.066945 15.892100 0.018795 0.066834 0.997587 0.000000 0.000000 0.000000 0.000000 1.000000
0.999840 -0.008076 -0.015961 -0.000000 0.006989 0.997726 -0.067039 15.892100 0.016466 0.066917 0.997623 0.000000 0.000000 0.000000 0.000000 1.000000
0.999851 -0.009246 -0.014601 0.000000 0.008235 0.997666 -0.067782 15.892100 0.015194 0.067652 0.997593 -0.000000 0.000000 0.000000 0.000000 1.000000
0.999859 -0.009373 -0.013915 -0.000000 0.008374 0.997500 -0.070167 15.892100 0.014538 0.070040 0.997438 0.000000 0.000000 0.000000 0.000000 1.000000
0.999883 -0.008573 -0.012690 0.000000 0.007624 0.997297 -0.073074 15.892100 0.013282 0.072968 0.997246 0.000000 0.000000 0.000000 0.000000 1.000000
0.999915 -0.006866 -0.011085 -0.000000 0.006015 0.997159 -0.075080 15.892100 0.011569 0.075006 0.997116 0.000000 0.000000 0.000000 0.000000 1.000000
0.999943 -0.005054 -0.009358 0.000000 0.004327 0.997093 -0.076072 15.892100 0.009715 0.076028 0.997058 0.000000 0.000000 0.000000 0.000000 1.000000
0.999963 -0.004612 -0.007294 0.000000 0.004042 0.997082 -0.076231 15.892100 0.007624 0.076198 0.997064 0.000000 0.000000 0.000000 0.000000 1.000000</float_array>
        <technique_common>
          <accessor source="#mixamorig9_Neck-Matrix-animation-output-transform-array" count="38" stride="16">
            <param type="float4x4"/>
          </accessor>
        </technique_common>
      </source>
      <source id="mixamorig9_Neck-Interpolations">
        <Name_array id="mixamorig9_Neck-Interpolations-array" count="38">
 LINEAR LINEAR LINEAR LINEAR LINEAR LINEAR LINEAR LINEAR LINEAR LINEAR LINEAR
LINEAR LINEAR LINEAR LINEAR LINEAR LINEAR LINEAR LINEAR LINEAR LINEAR LINEAR LINEAR
LINEAR LINEAR LINEAR LINEAR LINEAR LINEAR LINEAR LINEAR LINEAR LINEAR LINEAR LINEAR
LINEAR LINEAR LINEAR</Name_array>
        <technique_common>
          <accessor source="#mixamorig9_Neck-Interpolations-array" count="38">
            <param type="name"/>
          </accessor>
        </technique_common>
      </source>
      <sampler id="mixamorig9_Neck-Matrix-animation-transform">
        <input semantic="INPUT" source="#mixamorig9_Neck-Matrix-animation-input"/>
