<?xml version="1.0" encoding="utf-8"?>
<COLLADA xmlns="http://www.collada.org/2005/11/COLLADASchema" version="1.4.1">
  <asset>
    <contributor>
      <author>Mixamo</author>
      <authoring_tool>COLLADA Mixamo exporter</authoring_tool>
      <comments/>
    </contributor>
    <created>2025-04-29T21:49:15Z</created>
    <modified>2025-04-29T21:49:15Z</modified>
    <revision/>
    <title/>
    <unit meter="0.010000"/>
    <up_axis>Y_UP</up_axis>
  </asset>
  <library_animations>
    <animation id="mixamorig_Hips-anim" name="mixamorig_Hips">
      <source id="mixamorig_Hips-Matrix-animation-input">
        <float_array id="mixamorig_Hips-Matrix-animation-input-array" count="60">

0.000000 0.033333 0.066667 0.100000 0.133333 0.166667 0.200000 0.233333 0.266667 0.300000 0.333333 0.366667 0.400000 0.433333 0.466667 0.500000
0.533333 0.566667 0.600000 0.633333 0.666667 0.700000 0.733333 0.766667 0.800000 0.833333 0.866667 0.900000 0.933333 0.966667 1.000000 1.033333
1.066667 1.100000 1.133333 1.166667 1.200000 1.233333 1.266667 1.300000 1.333333 1.366667 1.400000 1.433333 1.466667 1.500000 1.533333 1.566667
1.600000 1.633333 1.666667 1.700000 1.733333 1.766667 1.800000 1.833333 1.866667 1.900000 1.933333 1.966667</float_array>
        <technique_common>
          <accessor source="#mixamorig_Hips-Matrix-animation-input-array" count="60">
            <param name="TIME" type="float"/>
          </accessor>
        </technique_common>
      </source>
      <source id="mixamorig_Hips-Matrix-animation-output-transform">
        <float_array id="mixamorig_Hips-Matrix-animation-output-transform-array" count="960">

0.925600 -0.157718 -0.344077 -0.337539 0.100451 0.978809 -0.178443 84.725830 0.364930 0.130604 0.921829 1.576038 0.000000 0.000000 0.000000 1.000000
0.925890 -0.162037 -0.341279 -0.743995 0.105271 0.978227 -0.178856 84.889992 0.362830 0.129674 0.922789 1.240310 0.000000 0.000000 0.000000 1.000000
0.926252 -0.167513 -0.337635 -1.074346 0.110549 0.977153 -0.181526 84.961601 0.360328 0.130814 0.923608 0.941732 0.000000 0.000000 0.000000 1.000000
0.926017 -0.170320 -0.336874 -1.289564 0.113427 0.976729 -0.182030 84.868340 0.360038 0.130352 0.923786 0.710629 0.000000 0.000000 0.000000 1.000000
0.925179 -0.172416 -0.338106 -1.416647 0.115564 0.976530 -0.181755 84.605141 0.361508 0.129083 0.923390 0.616421 0.000000 0.000000 0.000000 1.000000
0.924211 -0.174222 -0.339825 -1.519568 0.117439 0.976411 -0.181191 84.256020 0.363377 0.127550 0.922870 0.527928 0.000000 0.000000 0.000000 1.000000
0.923096 -0.175743 -0.342065 -1.595479 0.119037 0.976365 -0.180394 83.838928 0.365683 0.125803 0.922198 0.433182 0.000000 0.000000 0.000000 1.000000
0.921816 -0.177032 -0.344841 -1.646850 0.120393 0.976379 -0.179416 83.372650 0.368458 0.123872 0.921355 0.340445 0.000000 0.000000 0.000000 1.000000
0.920361 -0.177958 -0.348235 -1.669822 0.121335 0.976463 -0.178319 82.864655 0.371772 0.121865 0.920291 0.229562 0.000000 0.000000 0.000000 1.000000
0.918720 -0.178555 -0.352238 -1.648488 0.121885 0.976607 -0.177152 82.336296 0.375629 0.119820 0.918992 0.095409 0.000000 0.000000 0.000000 1.000000
0.916883 -0.178913 -0.356812 -1.584724 0.122128 0.976792 -0.175958 81.817535 0.380012 0.117757 0.917455 -0.060951 0.000000 0.000000 0.000000 1.000000
0.914839 -0.179066 -0.361947 -1.471232 0.122082 0.977008 -0.174787 81.329224 0.384924 0.115715 0.915666 -0.226592 0.000000 0.000000 0.000000 1.000000
0.912559 -0.179211 -0.367586 -1.322198 0.121950 0.977223 -0.173679 80.901176 0.390339 0.113665 0.913628 -0.373002 0.000000 0.000000 0.000000 1.000000
0.909293 -0.179057 -0.375666 -1.085686 0.121125 0.977493 -0.172730 80.668900 0.398140 0.111560 0.910516 -0.438487 0.000000 0.000000 0.000000 1.000000
0.905686 -0.178853 -0.384374 -0.827133 0.120186 0.977777 -0.171778 80.489143 0.406555 0.109381 0.907055 -0.493016 0.000000 0.000000 0.000000 1.000000
0.901767 -0.178562 -0.393614 -0.548945 0.119101 0.978074 -0.170842 80.357758 0.415490 0.107180 0.903261 -0.534225 0.000000 0.000000 0.000000 1.000000
0.897563 -0.178153 -0.403289 -0.253494 0.117837 0.978384 -0.169942 80.270523 0.424847 0.105011 0.899154 -0.559522 0.000000 0.000000 0.000000 1.000000
0.893107 -0.177594 -0.413304 0.056853 0.116363 0.978707 -0.169095 80.222961 0.434533 0.102926 0.894755 -0.566174 0.000000 0.000000 0.000000 1.000000
0.888436 -0.176856 -0.423561 0.379751 0.114646 0.979043 -0.168319 80.210533 0.444452 0.100981 0.890093 -0.551341 0.000000 0.000000 0.000000 1.000000
0.883588 -0.175913 -0.433966 0.712868 0.112655 0.979392 -0.167632 80.228546 0.454511 0.099230 0.885197 -0.512126 0.000000 0.000000 0.000000 1.000000
0.879620 -0.174203 -0.442630 1.004051 0.109516 0.979696 -0.167936 80.325668 0.462898 0.099245 0.880838 -0.432588 0.000000 0.000000 0.000000 1.000000
0.876693 -0.171472 -0.449452 1.234062 0.104801 0.979952 -0.169440 80.503433 0.469495 0.101444 0.877088 -0.312180 0.000000 0.000000 0.000000 1.000000
0.873904 -0.168269 -0.456046 1.447095 0.099347 0.980198 -0.171293 80.708382 0.475839 0.104386 0.873316 -0.169323 0.000000 0.000000 0.000000 1.000000
0.871332 -0.164715 -0.462223 1.643672 0.093319 0.980410 -0.173457 80.938339 0.481739 0.108005 0.869634 -0.010421 0.000000 0.000000 0.000000 1.000000
0.869064 -0.160929 -0.467792 1.824339 0.086892 0.980565 -0.175904 81.190155 0.487009 0.112224 0.866157 0.157657 0.000000 0.000000 0.000000 1.000000
0.867191 -0.157037 -0.472566 1.989620 0.080252 0.980642 -0.178607 81.460098 0.491466 0.116962 0.863007 0.327473 0.000000 0.000000 0.000000 1.000000
0.865810 -0.153167 -0.476355 2.139938 0.073594 0.980625 -0.181548 81.743599 0.494932 0.122129 0.860306 0.490998 0.000000 0.000000 0.000000 1.000000
0.865017 -0.149452 -0.478968 2.275553 0.067128 0.980498 -0.184710 82.035553 0.497233 0.127625 0.858179 0.639757 0.000000 0.000000 0.000000 1.000000
0.864911 -0.146027 -0.480213 2.396519 0.061075 0.980253 -0.188082 82.330452 0.498195 0.133345 0.856750 0.765059 0.000000 0.000000 0.000000 1.000000
0.865591 -0.143033 -0.479888 2.502677 0.055665 0.979883 -0.191653 82.622429 0.497647 0.139180 0.856140 0.858189 0.000000 0.000000 0.000000 1.000000
0.867150 -0.140612 -0.477787 2.593622 0.051142 0.979387 -0.195412 82.905327 0.495415 0.145017 0.856466 0.910844 0.000000 0.000000 0.000000 1.000000
0.871445 -0.139594 -0.470211 2.626610 0.048844 0.978579 -0.199992 83.184601 0.488056 0.151315 0.859596 0.861748 0.000000 0.000000 0.000000 1.000000
0.878229 -0.139834 -0.457340 2.594661 0.048767 0.977499 -0.205227 83.435135 0.475747 0.157933 0.865287 0.740261 0.000000 0.000000 0.000000 1.000000
0.885238 -0.140455 -0.443426 2.541362 0.049686 0.976419 -0.210089 83.548920 0.462477 0.163946 0.871342 0.624378 0.000000 0.000000 0.000000 1.000000
0.892036 -0.141093 -0.429378 2.475716 0.051188 0.975450 -0.214189 83.520248 0.449057 0.169085 0.877358 0.561932 0.000000 0.000000 0.000000 1.000000
0.898234 -0.141475 -0.416126 2.413083 0.052921 0.974703 -0.217147 83.363388 0.436320 0.173027 0.882999 0.560921 0.000000 0.000000 0.000000 1.000000
0.903497 -0.141439 -0.404585 2.356840 0.054636 0.974285 -0.218593 83.083527 0.425099 0.175393 0.887991 0.636615 0.000000 0.000000 0.000000 1.000000
0.908003 -0.140411 -0.394735 2.317555 0.055751 0.974284 -0.218318 82.742218 0.415238 0.176226 0.892481 0.703146 0.000000 0.000000 0.000000 1.000000
0.912220 -0.138915 -0.385432 2.268157 0.056913 0.974608 -0.216563 82.348618 0.405729 0.175617 0.896963 0.757435 0.000000 0.000000 0.000000 1.000000
0.916160 -0.137097 -0.376637 2.210784 0.058081 0.975174 -0.213687 81.924202 0.396583 0.173896 0.901378 0.798461 0.000000 0.000000 0.000000 1.000000
0.919836 -0.135103 -0.368305 2.147857 0.059231 0.975895 -0.210051 81.491318 0.387806 0.171397 0.905665 0.827788 0.000000 0.000000 0.000000 1.000000
0.923263 -0.133060 -0.360388 2.081650 0.060342 0.976686 -0.206017 81.069992 0.379399 0.168461 0.909768 0.849675 0.000000 0.000000 0.000000 1.000000
0.926399 -0.131148 -0.352965 2.031517 0.061429 0.977465 -0.201961 80.696930 0.371498 0.165414 0.913580 0.800469 0.000000 0.000000 0.000000 1.000000
0.929329 -0.129340 -0.345859 1.971840 0.062357 0.978167 -0.198245 80.378014 0.363949 0.162668 0.917104 0.787070 0.000000 0.000000 0.000000 1.000000
0.932121 -0.127544 -0.338945 1.897314 0.062996 0.978765 -0.195063 80.129898 0.356627 0.160471 0.920362 0.842721 0.000000 0.000000 0.000000 1.000000
0.934978 -0.125244 -0.331858 1.781493 0.063175 0.979428 -0.191648 79.948463 0.349034 0.158222 0.923656 1.019487 0.000000 0.000000 0.000000 1.000000
0.937744 -0.122530 -0.324997 1.596208 0.062901 0.980145 -0.188039 79.850891 0.341585 0.155890 0.926832 1.282133 0.000000 0.000000 0.000000 1.000000
0.940268 -0.119721 -0.318690 1.372311 0.062380 0.980864 -0.184431 79.840416 0.334672 0.153535 0.929743 1.596408 0.000000 0.000000 0.000000 1.000000
0.942405 -0.117307 -0.313229 1.157526 0.062013 0.981524 -0.181012 79.908943 0.328676 0.151162 0.932267 1.934697 0.000000 0.000000 0.000000 1.000000
0.943989 -0.115601 -0.309065 0.967428 0.061995 0.982079 -0.177979 80.081345 0.324101 0.148850 0.934239 2.273028 0.000000 0.000000 0.000000 1.000000
0.944927 -0.115088 -0.306379 0.816477 0.062755 0.982476 -0.175509 80.353142 0.321209 0.146617 0.935590 2.544356 0.000000 0.000000 0.000000 1.000000
0.945109 -0.115941 -0.305495 0.721239 0.064372 0.982676 -0.173794 80.703613 0.320352 0.144588 0.936199 2.669798 0.000000 0.000000 0.000000 1.000000
0.944399 -0.118426 -0.306735 0.664073 0.067055 0.982648 -0.172933 81.124107 0.321893 0.142750 0.935953 2.631606 0.000000 0.000000 0.000000 1.000000
0.942855 -0.122378 -0.309918 0.590893 0.070713 0.982415 -0.172800 81.609596 0.325615 0.141010 0.934928 2.507065 0.000000 0.000000 0.000000 1.000000
0.940615 -0.127575 -0.314593 0.466569 0.075246 0.982000 -0.173243 82.153534 0.331032 0.139283 0.933283 2.344281 0.000000 0.000000 0.000000 1.000000
0.937856 -0.133588 -0.320281 0.324406 0.080338 0.981444 -0.174107 82.723236 0.337596 0.137556 0.931186 2.149048 0.000000 0.000000 0.000000 1.000000
0.934765 -0.139881 -0.326569 0.172989 0.085551 0.980803 -0.175234 83.285172 0.344811 0.135864 0.928787 1.962247 0.000000 0.000000 0.000000 1.000000
0.931561 -0.146121 -0.332931 0.012796 0.090676 0.980124 -0.176452 83.811363 0.352097 0.134187 0.926295 1.779687 0.000000 0.000000 0.000000 1.000000
0.928425 -0.152167 -0.338927 -0.158592 0.095701 0.979441 -0.177584 84.297829 0.358982 0.132438 0.923901 1.650228 0.000000 0.000000 0.000000 1.000000
0.925600 -0.157718 -0.344077 -0.337539 0.100451 0.978809 -0.178443 84.725815 0.364930 0.130604 0.921829 1.576037 0.000000 0.000000 0.000000 1.000000</float_array>
        <technique_common>
          <accessor source="#mixamorig_Hips-Matrix-animation-output-transform-array" count="60" stride="16">
            <param type="float4x4"/>
          </accessor>
        </technique_common>
      </source>
      <source id="mixamorig_Hips-Interpolations">
        <Name_array id="mixamorig_Hips-Interpolations-array" count="60">
 LINEAR LINEAR LINEAR LINEAR LINEAR LINEAR LINEAR LINEAR LINEAR LINEAR LINEAR
LINEAR LINEAR LINEAR LINEAR LINEAR LINEAR LINEAR LINEAR LINEAR LINEAR LINEAR LINEAR
LINEAR LINEAR LINEAR LINEAR LINEAR LINEAR LINEAR LINEAR LINEAR LINEAR LINEAR LINEAR
LINEAR LINEAR LINEAR LINEAR LINEAR LINEAR LINEAR LINEAR LINEAR LINEAR LINEAR LINEAR
LINEAR LINEAR LINEAR LINEAR LINEAR LINEAR LINEAR LINEAR LINEAR LINEAR LINEAR LINEAR
LINEAR</Name_array>
        <technique_common>
          <accessor source="#mixamorig_Hips-Interpolations-array" count="60">
            <param type="name"/>
          </accessor>
        </technique_common>
      </source>
      <sampler id="mixamorig_Hips-Matrix-animation-transform">
        <input semantic="INPUT" source="#mixamorig_Hips-Matrix-animation-input"/>
        <input semantic="OUTPUT" source="#mixamorig_Hips-Matrix-animation-output-transform"/>
        <input semantic="INTERPOLATION" source="#mixamorig_Hips-Interpolations"/>
      </sampler>
      <channel source="#mixamorig_Hips-Matrix-animation-transform" target="mixamorig_Hips/matrix"/>
    </animation>
    <animation id="mixamorig_Spine-anim" name="mixamorig_Spine">
      <source id="mixamorig_Spine-Matrix-animation-input">
        <float_array id="mixamorig_Spine-Matrix-animation-input-array" count="60">

0.000000 0.033333 0.066667 0.100000 0.133333 0.166667 0.200000 0.233333 0.266667 0.300000 0.333333 0.366667 0.400000 0.433333 0.466667 0.500000
0.533333 0.566667 0.600000 0.633333 0.666667 0.700000 0.733333 0.766667 0.800000 0.833333 0.866667 0.900000 0.933333 0.966667 1.000000 1.033333
1.066667 1.100000 1.133333 1.166667 1.200000 1.233333 1.266667 1.300000 1.333333 1.366667 1.400000 1.433333 1.466667 1.500000 1.533333 1.566667
1.600000 1.633333 1.666667 1.700000 1.733333 1.766667 1.800000 1.833333 1.866667 1.900000 1.933333 1.966667</float_array>
        <technique_common>
          <accessor source="#mixamorig_Spine-Matrix-animation-input-array" count="60">
            <param name="TIME" type="float"/>
          </accessor>
        </technique_common>
      </source>
      <source id="mixamorig_Spine-Matrix-animation-output-transform">
        <float_array id="mixamorig_Spine-Matrix-animation-output-transform-array" count="960">

0.984531 0.083892 -0.153820 0.000000 -0.121410 0.959629 -0.253715 10.871300 0.126325 0.268466 0.954970 -0.951400 0.000000 0.000000 0.000000 1.000000
0.983953 0.090830 -0.153577 -0.000000 -0.127994 0.958999 -0.252862 10.871300 0.124313 0.268461 0.955236 -0.951400 0.000000 0.000000 0.000000 1.000000
0.983348 0.097527 -0.153346 0.000000 -0.134329 0.958394 -0.251867 10.871300 0.122402 0.268272 0.955535 -0.951400 0.000000 0.000000 0.000000 1.000000
0.982994 0.102138 -0.152615 0.000000 -0.138404 0.958266 -0.250140 10.871300 0.120697 0.267009 0.956106 -0.951400 0.000000 0.000000 0.000000 1.000000
0.982734 0.105861 -0.151748 0.000000 -0.141500 0.958434 -0.247755 10.871300 0.119212 0.264949 0.956865 -0.951400 0.000000 0.000000 0.000000 1.000000
0.982541 0.108995 -0.150777 0.000000 -0.143944 0.958802 -0.244906 10.871300 0.117872 0.262334 0.957751 -0.951400 0.000000 0.000000 0.000000 1.000000
0.982419 0.111586 -0.149674 0.000000 -0.145793 0.959326 -0.241739 10.871300 0.116611 0.259310 0.958728 -0.951400 0.000000 0.000000 0.000000 1.000000
0.982360 0.113727 -0.148440 0.000000 -0.147155 0.959956 -0.238390 10.871300 0.115384 0.256028 0.959758 -0.951400 0.000000 0.000000 0.000000 1.000000
0.982395 0.115332 -0.146961 0.000000 -0.147940 0.960665 -0.235025 10.871300 0.114075 0.252629 0.960815 -0.951400 0.000000 0.000000 0.000000 1.000000
0.982515 0.116468 -0.145259 0.000000 -0.148234 0.961407 -0.231784 10.871300 0.112657 0.249264 0.961861 -0.951400 0.000000 0.000000 0.000000 1.000000
0.982695 0.117248 -0.143399 0.000000 -0.148182 0.962129 -0.228801 10.871300 0.111142 0.246090 0.962854 -0.951400 0.000000 0.000000 0.000000 1.000000
0.982926 0.117735 -0.141401 -0.000000 -0.147866 0.962789 -0.226216 10.871300 0.109506 0.243262 0.963759 -0.951400 0.000000 0.000000 0.000000 1.000000
0.983166 0.118154 -0.139374 -0.000000 -0.147544 0.963321 -0.224148 10.871300 0.107778 0.240939 0.964537 -0.951400 0.000000 0.000000 0.000000 1.000000
0.983533 0.118126 -0.136778 0.000000 -0.146918 0.963342 -0.224470 10.871300 0.105248 0.240869 0.964834 -0.951400 0.000000 0.000000 0.000000 1.000000
0.983923 0.118032 -0.134027 0.000000 -0.146255 0.963220 -0.225423 10.871300 0.102490 0.241402 0.964998 -0.951400 0.000000 0.000000 0.000000 1.000000
0.984338 0.117818 -0.131138 0.000000 -0.145494 0.962983 -0.226927 10.871300 0.099547 0.242453 0.965043 -0.951400 0.000000 0.000000 0.000000 1.000000
0.984771 0.117517 -0.128121 0.000000 -0.144655 0.962645 -0.228886 10.871300 0.096437 0.243934 0.964985 -0.951400 0.000000 0.000000 0.000000 1.000000
0.985230 0.117030 -0.124999 0.000000 -0.143635 0.962240 -0.231221 10.871300 0.093220 0.245761 0.964838 -0.951400 0.000000 0.000000 0.000000 1.000000
0.985713 0.116348 -0.121791 0.000000 -0.142417 0.961787 -0.233843 10.871300 0.089929 0.247847 0.964616 -0.951400 0.000000 0.000000 0.000000 1.000000
0.986219 0.115439 -0.118512 0.000000 -0.140962 0.961312 -0.236664 10.871300 0.086606 0.250108 0.964337 -0.951400 0.000000 0.000000 0.000000 1.000000
0.986767 0.113581 -0.115719 -0.000000 -0.138654 0.961062 -0.239028 10.871300 0.084064 0.251910 0.964093 -0.951400 0.000000 0.000000 0.000000 1.000000
0.987380 0.110612 -0.113339 -0.000000 -0.135305 0.961109 -0.240752 10.871300 0.082301 0.253049 0.963946 -0.951400 0.000000 0.000000 0.000000 1.000000
0.988032 0.107213 -0.110896 0.000000 -0.131504 0.961241 -0.242327 10.871300 0.080618 0.254010 0.963836 -0.951400 0.000000 0.000000 0.000000 1.000000
0.988701 0.103437 -0.108496 0.000000 -0.127331 0.961449 -0.243725 10.871300 0.079103 0.254786 0.963757 -0.951400 0.000000 0.000000 0.000000 1.000000
0.989365 0.099345 -0.106246 0.000000 -0.122871 0.961726 -0.244920 10.871300 0.077848 0.255370 0.963704 -0.951400 0.000000 0.000000 0.000000 1.000000
0.990002 0.095006 -0.104259 -0.000000 -0.118219 0.962062 -0.245889 10.871300 0.076942 0.255756 0.963675 -0.951400 0.000000 0.000000 0.000000 1.000000
0.990592 0.090496 -0.102651 0.000000 -0.113479 0.962451 -0.246600 10.871300 0.076480 0.255929 0.963666 -0.951400 0.000000 0.000000 0.000000 1.000000
0.991116 0.085902 -0.101542 0.000000 -0.108766 0.962878 -0.247054 10.871300 0.076550 0.255903 0.963667 -0.951400 0.000000 0.000000 0.000000 1.000000
0.991552 0.081317 -0.101057 0.000000 -0.104198 0.963345 -0.247204 10.871300 0.077251 0.255645 0.963679 -0.951400 0.000000 0.000000 0.000000 1.000000
0.991881 0.076844 -0.101324 0.000000 -0.099910 0.963835 -0.247064 10.871300 0.078674 0.255182 0.963687 -0.951400 0.000000 0.000000 0.000000 1.000000
0.992083 0.072590 -0.102478 0.000000 -0.096033 0.964349 -0.246593 10.871300 0.080924 0.254482 0.963686 -0.951400 0.000000 0.000000 0.000000 1.000000
0.991959 0.068745 -0.106259 0.000000 -0.093131 0.965021 -0.245076 10.871300 0.085694 0.253001 0.963663 -0.951400 0.000000 0.000000 0.000000 1.000000
0.991490 0.065362 -0.112584 0.000000 -0.091220 0.965822 -0.242626 10.871300 0.092878 0.250831 0.963565 -0.951400 0.000000 0.000000 0.000000 1.000000
0.990865 0.062447 -0.119529 -0.000000 -0.089887 0.966561 -0.240168 10.871300 0.100534 0.248718 0.963344 -0.951400 0.000000 0.000000 0.000000 1.000000
0.990144 0.059860 -0.126617 0.000000 -0.088901 0.967202 -0.237943 10.871300 0.108221 0.246854 0.962991 -0.951400 0.000000 0.000000 0.000000 1.000000
0.989390 0.057537 -0.133407 0.000000 -0.088122 0.967705 -0.236183 10.871300 0.115509 0.245433 0.962507 -0.951400 0.000000 0.000000 0.000000 1.000000
0.988662 0.055512 -0.139520 0.000000 -0.087530 0.968022 -0.235101 10.871300 0.122007 0.244648 0.961905 -0.951400 0.000000 0.000000 0.000000 1.000000
0.988060 0.053272 -0.144568 0.000000 -0.086549 0.968195 -0.234752 10.871300 0.127465 0.244462 0.961245 -0.951400 0.000000 0.000000 0.000000 1.000000
0.987485 0.051111 -0.149203 0.000000 -0.085602 0.968252 -0.234862 10.871300 0.132462 0.244695 0.960509 -0.951400 0.000000 0.000000 0.000000 1.000000
0.986934 0.049023 -0.153484 0.000000 -0.084695 0.968211 -0.235360 10.871300 0.137067 0.245284 0.959713 -0.951400 0.000000 0.000000 0.000000 1.000000
0.986403 0.047002 -0.157479 0.000000 -0.083834 0.968088 -0.236172 10.871300 0.141353 0.246163 0.958866 -0.951400 0.000000 0.000000 0.000000 1.000000
0.985884 0.045035 -0.161256 0.000000 -0.083016 0.967900 -0.237228 10.871300 0.145397 0.247266 0.957977 -0.951400 0.000000 0.000000 0.000000 1.000000
0.985385 0.043201 -0.164771 -0.000000 -0.082296 0.967662 -0.238447 10.871300 0.149142 0.248522 0.957075 -0.951400 0.000000 0.000000 0.000000 1.000000
0.984889 0.041294 -0.168190 0.000000 -0.081509 0.967398 -0.239786 10.871300 0.152805 0.249872 0.956146 -0.951400 0.000000 0.000000 0.000000 1.000000
0.984387 0.039102 -0.171622 0.000000 -0.080479 0.967117 -0.241264 10.871300 0.156545 0.251309 0.955164 -0.951400 0.000000 0.000000 0.000000 1.000000
0.983843 0.036124 -0.175350 0.000000 -0.078847 0.966761 -0.243223 10.871300 0.160735 0.253119 0.953989 -0.951400 0.000000 0.000000 0.000000 1.000000
0.983312 0.032618 -0.178978 -0.000000 -0.076754 0.966333 -0.245578 10.871300 0.164943 0.255217 0.952711 -0.951400 0.000000 0.000000 0.000000 1.000000
0.982826 0.029030 -0.182238 0.000000 -0.074539 0.965852 -0.248141 10.871300 0.168812 0.257463 0.951428 -0.951400 0.000000 0.000000 0.000000 1.000000
0.982404 0.025976 -0.184955 -0.000000 -0.072720 0.965334 -0.250683 10.871300 0.172032 0.259722 0.950237 -0.951400 0.000000 0.000000 0.000000 1.000000
0.982115 0.023932 -0.186754 0.000000 -0.071620 0.964811 -0.253002 10.871300 0.174127 0.261852 0.949270 -0.951400 0.000000 0.000000 0.000000 1.000000
0.981969 0.023478 -0.187580 -0.000000 -0.071741 0.964313 -0.254860 10.871300 0.174902 0.263721 0.948610 -0.951400 0.000000 0.000000 0.000000 1.000000
0.982015 0.024915 -0.187152 0.000000 -0.073259 0.963874 -0.256084 10.871300 0.174010 0.265189 0.948364 -0.951400 0.000000 0.000000 0.000000 1.000000
0.982265 0.028579 -0.185309 -0.000000 -0.076445 0.963484 -0.256622 10.871300 0.171209 0.266237 0.948581 -0.951400 0.000000 0.000000 0.000000 1.000000
0.982660 0.034216 -0.182233 0.000000 -0.081129 0.963095 -0.256643 10.871300 0.166726 0.266978 0.949171 -0.951400 0.000000 0.000000 0.000000 1.000000
0.983114 0.041499 -0.178226 -0.000000 -0.087095 0.962672 -0.256275 10.871300 0.160938 0.267470 0.950031 -0.951400 0.000000 0.000000 0.000000 1.000000
0.983558 0.049877 -0.173566 -0.000000 -0.093913 0.962190 -0.255679 10.871300 0.154251 0.267775 0.951054 -0.951400 0.000000 0.000000 0.000000 1.000000
0.983962 0.058709 -0.168439 0.000000 -0.101034 0.961642 -0.255023 10.871300 0.147006 0.267951 0.952151 -0.951400 0.000000 0.000000 0.000000 1.000000
0.984278 0.067520 -0.163210 0.000000 -0.108114 0.961030 -0.254428 10.871300 0.139671 0.268073 0.953220 -0.951400 0.000000 0.000000 0.000000 1.000000
0.984470 0.076060 -0.158221 0.000000 -0.115013 0.960352 -0.253962 10.871300 0.132631 0.268216 0.954185 -0.951400 0.000000 0.000000 0.000000 1.000000
0.984531 0.083892 -0.153820 0.000000 -0.121410 0.959629 -0.253715 10.871300 0.126326 0.268466 0.954970 -0.951400 0.000000 0.000000 0.000000 1.000000</float_array>
        <technique_common>
          <accessor source="#mixamorig_Spine-Matrix-animation-output-transform-array" count="60" stride="16">
            <param type="float4x4"/>
          </accessor>
        </technique_common>
      </source>
      <source id="mixamorig_Spine-Interpolations">
        <Name_array id="mixamorig_Spine-Interpolations-array" count="60">
 LINEAR LINEAR LINEAR LINEAR LINEAR LINEAR LINEAR LINEAR LINEAR LINEAR LINEAR
LINEAR LINEAR LINEAR LINEAR LINEAR LINEAR LINEAR LINEAR LINEAR LINEAR LINEAR LINEAR
LINEAR LINEAR LINEAR LINEAR LINEAR LINEAR LINEAR LINEAR LINEAR LINEAR LINEAR LINEAR
LINEAR LINEAR LINEAR LINEAR LINEAR LINEAR LINEAR LINEAR LINEAR LINEAR LINEAR LINEAR
LINEAR LINEAR LINEAR LINEAR LINEAR LINEAR LINEAR LINEAR LINEAR LINEAR LINEAR LINEAR
LINEAR</Name_array>
        <technique_common>
          <accessor source="#mixamorig_Spine-Interpolations-array" count="60">
            <param type="name"/>
          </accessor>
        </technique_common>
      </source>
      <sampler id="mixamorig_Spine-Matrix-animation-transform">
        <input semantic="INPUT" source="#mixamorig_Spine-Matrix-animation-input"/>
        <input semantic="OUTPUT" source="#mixamorig_Spine-Matrix-animation-output-transform"/>
        <input semantic="INTERPOLATION" source="#mixamorig_Spine-Interpolations"/>
      </sampler>
      <channel source="#mixamorig_Spine-Matrix-animation-transform" target="mixamorig_Spine/matrix"/>
    </animation>
    <animation id="mixamorig_Spine1-anim" name="mixamorig_Spine1">
      <source id="mixamorig_Spine1-Matrix-animation-input">
        <float_array id="mixamorig_Spine1-Matrix-animation-input-array" count="60">

0.000000 0.033333 0.066667 0.100000 0.133333 0.166667 0.200000 0.233333 0.266667 0.300000 0.333333 0.366667 0.400000 0.433333 0.466667 0.500000
0.533333 0.566667 0.600000 0.633333 0.666667 0.700000 0.733333 0.766667 0.800000 0.833333 0.866667 0.900000 0.933333 0.966667 1.000000 1.033333
1.066667 1.100000 1.133333 1.166667 1.200000 1.233333 1.266667 1.300000 1.333333 1.366667 1.400000 1.433333 1.466667 1.500000 1.533333 1.566667
1.600000 1.633333 1.666667 1.700000 1.733333 1.766667 1.800000 1.833333 1.866667 1.900000 1.933333 1.966667</float_array>
        <technique_common>
          <accessor source="#mixamorig_Spine1-Matrix-animation-input-array" count="60">
            <param name="TIME" type="float"/>
          </accessor>
        </technique_common>
      </source>
      <source id="mixamorig_Spine1-Matrix-animation-output-transform">
        <float_array id="mixamorig_Spine1-Matrix-animation-output-transform-array" count="960">

0.998771 0.033239 -0.036777 0.000000 -0.035903 0.996587 -0.074339 12.731600 0.034180 0.075568 0.996555 0.000000 0.000000 0.000000 0.000000 1.000000
0.998737 0.034339 -0.036681 0.000000 -0.036982 0.996573 -0.073990 12.731600 0.034014 0.075253 0.996584 0.000000 0.000000 0.000000 0.000000 1.000000
0.998709 0.035395 -0.036427 0.000000 -0.038005 0.996560 -0.073652 12.731600 0.033694 0.074941 0.996619 0.000000 0.000000 0.000000 0.000000 1.000000
0.998697 0.036074 -0.036094 0.000000 -0.038646 0.996561 -0.073301 12.731600 0.033326 0.074601 0.996656 0.000000 0.000000 0.000000 0.000000 1.000000
0.998690 0.036603 -0.035757 0.000000 -0.039136 0.996570 -0.072911 12.731600 0.032965 0.074215 0.996697 0.000000 0.000000 0.000000 0.000000 1.000000
0.998685 0.037049 -0.035425 0.000000 -0.039543 0.996585 -0.072487 12.731600 0.032618 0.073793 0.996740 0.000000 0.000000 0.000000 0.000000 1.000000
0.998683 0.037419 -0.035090 0.000000 -0.039873 0.996604 -0.072044 12.731600 0.032275 0.073348 0.996784 0.000000 0.000000 0.000000 0.000000 1.000000
0.998684 0.037718 -0.034744 0.000000 -0.040131 0.996626 -0.071592 12.731600 0.031927 0.072893 0.996829 0.000000 0.000000 0.000000 0.000000 1.000000
0.998688 0.037953 -0.034380 0.000000 -0.040325 0.996650 -0.071147 12.731600 0.031564 0.072440 0.996873 -0.000000 0.000000 0.000000 0.000000 1.000000
0.998696 0.038092 -0.033987 0.000000 -0.040422 0.996677 -0.070720 12.731600 0.031181 0.072002 0.996917 0.000000 0.000000 0.000000 0.000000 1.000000
0.998708 0.038151 -0.033560 0.000000 -0.040438 0.996704 -0.070325 12.731600 0.030766 0.071591 0.996959 0.000000 0.000000 0.000000 0.000000 1.000000
0.998723 0.038179 -0.033087 0.000000 -0.040421 0.996730 -0.069973 12.731600 0.030307 0.071221 0.997000 0.000000 0.000000 0.000000 0.000000 1.000000
0.998740 0.038186 -0.032569 0.000000 -0.040383 0.996752 -0.069675 12.731600 0.029802 0.070902 0.997038 0.000000 0.000000 0.000000 0.000000 1.000000
0.998765 0.038162 -0.031810 -0.000000 -0.040302 0.996760 -0.069602 12.731600 0.029051 0.070798 0.997068 0.000000 0.000000 0.000000 0.000000 1.000000
0.998792 0.038128 -0.030982 0.000000 -0.040210 0.996763 -0.069620 12.731600 0.028227 0.070782 0.997092 -0.000000 0.000000 0.000000 0.000000 1.000000
0.998821 0.038082 -0.030098 -0.000000 -0.040104 0.996762 -0.069688 12.731600 0.027347 0.070813 0.997115 0.000000 0.000000 0.000000 0.000000 1.000000
0.998851 0.038018 -0.029165 0.000000 -0.039975 0.996762 -0.069764 12.731600 0.026418 0.070850 0.997137 0.000000 0.000000 0.000000 0.000000 1.000000
0.998883 0.037916 -0.028199 0.000000 -0.039808 0.996761 -0.069875 12.731600 0.025458 0.070920 0.997157 -0.000000 0.000000 0.000000 0.000000 1.000000
0.998917 0.037746 -0.027211 0.000000 -0.039572 0.996760 -0.070022 12.731600 0.024480 0.071023 0.997174 -0.000000 0.000000 0.000000 0.000000 1.000000
0.998951 0.037545 -0.026212 -0.000000 -0.039305 0.996757 -0.070213 12.731600 0.023490 0.071169 0.997188 0.000000 0.000000 0.000000 0.000000 1.000000
0.998988 0.037103 -0.025429 0.000000 -0.038813 0.996761 -0.070428 12.731600 0.022733 0.071344 0.997193 0.000000 0.000000 0.000000 0.000000 1.000000
0.999030 0.036344 -0.024865 0.000000 -0.038020 0.996776 -0.070661 12.731600 0.022217 0.071538 0.997190 0.000000 0.000000 0.000000 0.000000 1.000000
0.999075 0.035452 -0.024325 -0.000000 -0.037098 0.996793 -0.070903 12.731600 0.021734 0.071740 0.997187 0.000000 0.000000 0.000000 0.000000 1.000000
0.999122 0.034460 -0.023835 0.000000 -0.036078 0.996813 -0.071151 12.731600 0.021307 0.071948 0.997181 0.000000 0.000000 0.000000 0.000000 1.000000
0.999168 0.033398 -0.023420 0.000000 -0.034994 0.996834 -0.071401 12.731600 0.020961 0.072161 0.997173 0.000000 0.000000 0.000000 0.000000 1.000000
0.999211 0.032297 -0.023106 0.000000 -0.033878 0.996854 -0.071649 12.731600 0.020719 0.072376 0.997162 0.000000 0.000000 0.000000 0.000000 1.000000
0.999251 0.031188 -0.022918 0.000000 -0.032762 0.996874 -0.071895 12.731600 0.020604 0.072592 0.997149 0.000000 0.000000 0.000000 0.000000 1.000000
0.999284 0.030102 -0.022912 0.000000 -0.031683 0.996892 -0.072133 12.731600 0.020669 0.072807 0.997132 0.000000 0.000000 0.000000 0.000000 1.000000
0.999312 0.029066 -0.023026 0.000000 -0.030664 0.996907 -0.072362 12.731600 0.020851 0.073019 0.997113 0.000000 0.000000 0.000000 0.000000 1.000000
0.999331 0.028116 -0.023372 0.000000 -0.029746 0.996919 -0.072580 12.731600 0.021259 0.073226 0.997089 0.000000 0.000000 0.000000 0.000000 1.000000
0.999341 0.027281 -0.023948 0.000000 -0.028959 0.996927 -0.072783 12.731600 0.021889 0.073428 0.997060 0.000000 0.000000 0.000000 0.000000 1.000000
0.999325 0.026702 -0.025223 0.000000 -0.028479 0.996929 -0.072948 12.731600 0.023198 0.073617 0.997017 0.000000 0.000000 0.000000 0.000000 1.000000
0.999284 0.026345 -0.027153 -0.000000 -0.028268 0.996926 -0.073077 12.731600 0.025144 0.073792 0.996957 0.000000 0.000000 0.000000 0.000000 1.000000
0.999234 0.026071 -0.029170 0.000000 -0.028147 0.996920 -0.073195 12.731600 0.027171 0.073960 0.996891 0.000000 0.000000 0.000000 0.000000 1.000000
0.999180 0.025867 -0.031148 0.000000 -0.028093 0.996914 -0.073305 12.731600 0.029156 0.074120 0.996823 0.000000 0.000000 0.000000 0.000000 1.000000
0.999125 0.025720 -0.032966 -0.000000 -0.028084 0.996907 -0.073408 12.731600 0.030976 0.074269 0.996757 0.000000 0.000000 0.000000 0.000000 1.000000
0.999076 0.025620 -0.034497 0.000000 -0.028102 0.996899 -0.073507 12.731600 0.032506 0.074409 0.996698 0.000000 0.000000 0.000000 0.000000 1.000000
0.999033 0.025546 -0.035782 -0.000000 -0.028127 0.996891 -0.073604 12.731600 0.033791 0.074540 0.996645 0.000000 0.000000 0.000000 0.000000 1.000000
0.998992 0.025489 -0.036959 0.000000 -0.028161 0.996883 -0.073700 12.731600 0.034965 0.074667 0.996595 0.000000 0.000000 0.000000 0.000000 1.000000
0.998952 0.025434 -0.038042 0.000000 -0.028191 0.996876 -0.073782 12.731600 0.036047 0.074777 0.996549 0.000000 0.000000 0.000000 0.000000 1.000000
0.998915 0.025372 -0.039049 -0.000000 -0.028206 0.996873 -0.073819 12.731600 0.037054 0.074841 0.996507 0.000000 0.000000 0.000000 0.000000 1.000000
0.998880 0.025278 -0.039997 0.000000 -0.028184 0.996871 -0.073846 12.731600 0.038005 0.074891 0.996467 0.000000 0.000000 0.000000 0.000000 1.000000
0.998847 0.025152 -0.040901 -0.000000 -0.028127 0.996872 -0.073863 12.731600 0.038916 0.074928 0.996429 0.000000 0.000000 0.000000 0.000000 1.000000
0.998815 0.024970 -0.041779 0.000000 -0.028011 0.996874 -0.073871 12.731600 0.039804 0.074954 0.996392 0.000000 0.000000 0.000000 0.000000 1.000000
0.998784 0.024704 -0.042669 0.000000 -0.027813 0.996880 -0.073872 12.731600 0.040710 0.074969 0.996355 0.000000 0.000000 0.000000 0.000000 1.000000
0.998751 0.024280 -0.043674 0.000000 -0.027465 0.996890 -0.073865 12.731600 0.041745 0.074973 0.996311 0.000000 0.000000 0.000000 0.000000 1.000000
0.998716 0.023764 -0.044729 -0.000000 -0.027029 0.996903 -0.073854 12.731600 0.042836 0.074968 0.996265 0.000000 0.000000 0.000000 0.000000 1.000000
0.998683 0.023242 -0.045741 0.000000 -0.026583 0.996916 -0.073839 12.731600 0.043884 0.074957 0.996221 0.000000 0.000000 0.000000 0.000000 1.000000
0.998653 0.022801 -0.046618 -0.000000 -0.026207 0.996927 -0.073822 12.731600 0.044791 0.074944 0.996181 0.000000 0.000000 0.000000 0.000000 1.000000
0.998628 0.022525 -0.047267 0.000000 -0.025981 0.996934 -0.073808 12.731600 0.045460 0.074934 0.996152 0.000000 0.000000 0.000000 0.000000 1.000000
0.998613 0.022503 -0.047596 -0.000000 -0.025983 0.996935 -0.073796 12.731600 0.045790 0.074930 0.996137 -0.000000 0.000000 0.000000 0.000000 1.000000
0.998610 0.022820 -0.047513 0.000000 -0.026292 0.996927 -0.073789 12.731600 0.045683 0.074936 0.996141 -0.000000 0.000000 0.000000 0.000000 1.000000
0.998620 0.023520 -0.046952 -0.000000 -0.026949 0.996910 -0.073790 12.731600 0.045071 0.074954 0.996168 0.000000 0.000000 0.000000 0.000000 1.000000
0.998641 0.024539 -0.045973 0.000000 -0.027893 0.996883 -0.073799 12.731600 0.044019 0.074981 0.996213 -0.000000 0.000000 0.000000 0.000000 1.000000
0.998668 0.025804 -0.044674 0.000000 -0.029059 0.996849 -0.073813 12.731600 0.042628 0.075013 0.996271 0.000000 0.000000 0.000000 0.000000 1.000000
0.998697 0.027241 -0.043149 0.000000 -0.030379 0.996808 -0.073827 12.731600 0.041000 0.075042 0.996337 0.000000 0.000000 0.000000 0.000000 1.000000
0.998724 0.028776 -0.041497 0.000000 -0.031788 0.996763 -0.073842 12.731600 0.039238 0.075067 0.996406 0.000000 0.000000 0.000000 0.000000 1.000000
0.998747 0.030336 -0.039812 0.000000 -0.033218 0.996715 -0.073857 12.731600 0.037441 0.075087 0.996474 0.000000 0.000000 0.000000 0.000000 1.000000
0.998763 0.031847 -0.038192 0.000000 -0.034605 0.996667 -0.073871 12.731600 0.035712 0.075101 0.996536 0.000000 0.000000 0.000000 0.000000 1.000000
0.998772 0.033234 -0.036731 0.000000 -0.035880 0.996621 -0.073884 12.731600 0.034152 0.075111 0.996590 0.000000 0.000000 0.000000 0.000000 1.000000</float_array>
        <technique_common>
          <accessor source="#mixamorig_Spine1-Matrix-animation-output-transform-array" count="60" stride="16">
            <param type="float4x4"/>
          </accessor>
        </technique_common>
      </source>
      <source id="mixamorig_Spine1-Interpolations">
        <Name_array id="mixamorig_Spine1-Interpolations-array" count="60">
 LINEAR LINEAR LINEAR LINEAR LINEAR LINEAR LINEAR LINEAR LINEAR LINEAR LINEAR
LINEAR LINEAR LINEAR LINEAR LINEAR LINEAR LINEAR LINEAR LINEAR LINEAR LINEAR LINEAR
LINEAR LINEAR LINEAR LINEAR LINEAR LINEAR LINEAR LINEAR LINEAR LINEAR LINEAR LINEAR
LINEAR LINEAR LINEAR LINEAR LINEAR LINEAR LINEAR LINEAR LINEAR LINEAR LINEAR LINEAR
LINEAR LINEAR LINEAR LINEAR LINEAR LINEAR LINEAR LINEAR LINEAR LINEAR LINEAR LINEAR
LINEAR</Name_array>
        <technique_common>
          <accessor source="#mixamorig_Spine1-Interpolations-array" count="60">
            <param type="name"/>
          </accessor>
        </technique_common>
      </source>
      <sampler id="mixamorig_Spine1-Matrix-animation-transform">
        <input semantic="INPUT" source="#mixamorig_Spine1-Matrix-animation-input"/>
        <input semantic="OUTPUT" source="#mixamorig_Spine1-Matrix-animation-output-transform"/>
        <input semantic="INTERPOLATION" source="#mixamorig_Spine1-Interpolations"/>
      </sampler>
      <channel source="#mixamorig_Spine1-Matrix-animation-transform" target="mixamorig_Spine1/matrix"/>
    </animation>
    <animation id="mixamorig_Spine2-anim" name="mixamorig_Spine2">
      <source id="mixamorig_Spine2-Matrix-animation-input">
        <float_array id="mixamorig_Spine2-Matrix-animation-input-array" count="60">

0.000000 0.033333 0.066667 0.100000 0.133333 0.166667 0.200000 0.233333 0.266667 0.300000 0.333333 0.366667 0.400000 0.433333 0.466667 0.500000
0.533333 0.566667 0.600000 0.633333 0.666667 0.700000 0.733333 0.766667 0.800000 0.833333 0.866667 0.900000 0.933333 0.966667 1.000000 1.033333
1.066667 1.100000 1.133333 1.166667 1.200000 1.233333 1.266667 1.300000 1.333333 1.366667 1.400000 1.433333 1.466667 1.500000 1.533333 1.566667
1.600000 1.633333 1.666667 1.700000 1.733333 1.766667 1.800000 1.833333 1.866667 1.900000 1.933333 1.966667</float_array>
        <technique_common>
          <accessor source="#mixamorig_Spine2-Matrix-animation-input-array" count="60">
            <param name="TIME" type="float"/>
          </accessor>
        </technique_common>
      </source>
      <source id="mixamorig_Spine2-Matrix-animation-output-transform">
        <float_array id="mixamorig_Spine2-Matrix-animation-output-transform-array" count="960">

0.998864 0.031712 -0.035566 0.000000 -0.034319 0.996572 -0.075270 14.550400 0.033057 0.076405 0.996529 0.000000 0.000000 0.000000 0.000000 1.000000
0.998831 0.032858 -0.035466 -0.000000 -0.035444 0.996557 -0.074948 14.550400 0.032881 0.076117 0.996557 -0.000000 0.000000 0.000000 0.000000 1.000000
0.998798 0.033942 -0.035371 0.000000 -0.036509 0.996543 -0.074623 14.550400 0.032716 0.075824 0.996584 0.000000 0.000000 0.000000 0.000000 1.000000
0.998784 0.034649 -0.035085 0.000000 -0.037180 0.996544 -0.074276 14.550400 0.032390 0.075490 0.996620 0.000000 0.000000 0.000000 0.000000 1.000000
0.998775 0.035208 -0.034781 0.000000 -0.037703 0.996554 -0.073885 14.550400 0.032060 0.075106 0.996660 0.000000 0.000000 0.000000 0.000000 1.000000
0.998768 0.035687 -0.034476 0.000000 -0.038144 0.996568 -0.073459 14.550400 0.031736 0.074684 0.996702 0.000000 0.000000 0.000000 0.000000 1.000000
0.998764 0.036091 -0.034160 0.000000 -0.038510 0.996587 -0.073012 14.550400 0.031409 0.074237 0.996746 0.000000 0.000000 0.000000 0.000000 1.000000
0.998764 0.036426 -0.033829 0.000000 -0.038805 0.996609 -0.072555 14.550400 0.031071 0.073778 0.996791 0.000000 0.000000 0.000000 0.000000 1.000000
0.998771 0.036585 -0.033449 0.000000 -0.038921 0.996637 -0.072105 14.550400 0.030698 0.073318 0.996836 0.000000 0.000000 0.000000 0.000000 1.000000
0.998781 0.036681 -0.033037 0.000000 -0.038974 0.996667 -0.071671 14.550400 0.030298 0.072871 0.996881 0.000000 0.000000 0.000000 0.000000 1.000000
0.998793 0.036744 -0.032590 0.000000 -0.038992 0.996695 -0.071265 14.550400 0.029864 0.072450 0.996925 0.000000 0.000000 0.000000 0.000000 1.000000
0.998807 0.036802 -0.032108 -0.000000 -0.039004 0.996721 -0.070899 14.550400 0.029393 0.072067 0.996967 0.000000 0.000000 0.000000 0.000000 1.000000
0.998821 0.036870 -0.031582 0.000000 -0.039025 0.996742 -0.070586 14.550400 0.028877 0.071735 0.997006 0.000000 0.000000 0.000000 0.000000 1.000000
0.998843 0.036914 -0.030829 -0.000000 -0.039013 0.996748 -0.070514 14.550400 0.028126 0.071635 0.997034 0.000000 0.000000 0.000000 0.000000 1.000000
0.998867 0.036950 -0.030006 0.000000 -0.038990 0.996749 -0.070509 14.550400 0.027303 0.071599 0.997060 -0.000000 0.000000 0.000000 0.000000 1.000000
0.998893 0.036938 -0.029127 -0.000000 -0.038916 0.996750 -0.070534 14.550400 0.026427 0.071589 0.997084 0.000000 0.000000 0.000000 0.000000 1.000000
0.998921 0.036897 -0.028201 0.000000 -0.038810 0.996751 -0.070574 14.550400 0.025505 0.071593 0.997108 0.000000 0.000000 0.000000 0.000000 1.000000
0.998950 0.036834 -0.027239 0.000000 -0.038679 0.996752 -0.070632 14.550400 0.024549 0.071612 0.997130 0.000000 0.000000 0.000000 0.000000 1.000000
0.998980 0.036748 -0.026255 -0.000000 -0.038525 0.996750 -0.070749 14.550400 0.023569 0.071688 0.997149 -0.000000 0.000000 0.000000 0.000000 1.000000
0.999009 0.036637 -0.025257 0.000000 -0.038346 0.996747 -0.070893 14.550400 0.022578 0.071791 0.997164 0.000000 0.000000 0.000000 0.000000 1.000000
0.999043 0.036239 -0.024481 0.000000 -0.037898 0.996750 -0.071080 14.550400 0.021825 0.071939 0.997170 0.000000 0.000000 0.000000 0.000000 1.000000
0.999084 0.035489 -0.023926 0.000000 -0.037114 0.996765 -0.071291 14.550400 0.021319 0.072114 0.997169 0.000000 0.000000 0.000000 0.000000 1.000000
0.999128 0.034592 -0.023397 -0.000000 -0.036185 0.996783 -0.071515 14.550400 0.020848 0.072299 0.997165 0.000000 0.000000 0.000000 0.000000 1.000000
0.999173 0.033583 -0.022917 0.000000 -0.035149 0.996803 -0.071746 14.550400 0.020435 0.072492 0.997160 -0.000000 0.000000 0.000000 0.000000 1.000000
