<?xml version="1.0" encoding="utf-8"?>
<COLLADA xmlns="http://www.collada.org/2005/11/COLLADASchema" version="1.4.1">
  <asset>
    <contributor>
      <author>Mixamo</author>
      <authoring_tool>COLLADA Mixamo exporter</authoring_tool>
      <comments/>
    </contributor>
    <created>2025-04-11T16:02:09Z</created>
    <modified>2025-04-11T16:02:09Z</modified>
    <revision/>
    <title/>
    <unit meter="0.010000"/>
    <up_axis>Y_UP</up_axis>
  </asset>
  <library_animations>
    <animation id="mixamorig_Hips-anim" name="mixamorig_Hips">
      <source id="mixamorig_Hips-Matrix-animation-input">
        <float_array id="mixamorig_Hips-Matrix-animation-input-array" count="25">

0.000000 0.033333 0.066667 0.100000 0.133333 0.166667 0.200000 0.233333 0.266667 0.300000 0.333333 0.366667 0.400000 0.433333 0.466667 0.500000
0.533333 0.566667 0.600000 0.633333 0.666667 0.700000 0.733333 0.766667 0.800000</float_array>
        <technique_common>
          <accessor source="#mixamorig_Hips-Matrix-animation-input-array" count="25">
            <param name="TIME" type="float"/>
          </accessor>
        </technique_common>
      </source>
      <source id="mixamorig_Hips-Matrix-animation-output-transform">
        <float_array id="mixamorig_Hips-Matrix-animation-output-transform-array" count="400">

0.998629 -0.039496 -0.034344 0.199343 0.041070 0.998077 0.046417 88.733200 0.032445 -0.047764 0.998332 -0.399710 0.000000 0.000000 0.000000 1.000000
0.995121 -0.060974 -0.077562 0.070238 0.063045 0.997709 0.024530 89.582199 0.075888 -0.029300 0.996686 -0.915974 0.000000 0.000000 0.000000 1.000000
0.990403 -0.080564 -0.112299 0.273216 0.080431 0.996744 -0.005727 90.628601 0.112395 -0.003361 0.993658 -1.173047 0.000000 0.000000 0.000000 1.000000
0.986831 -0.091137 -0.133639 0.714733 0.086042 0.995345 -0.043426 91.793350 0.136975 0.031355 0.990078 -0.924447 0.000000 0.000000 0.000000 1.000000
0.985598 -0.092285 -0.141706 1.366208 0.080143 0.992790 -0.089132 92.788567 0.148910 0.076492 0.985888 -0.075935 0.000000 0.000000 0.000000 1.000000
0.985661 -0.088597 -0.143604 2.204217 0.072013 0.990537 -0.116838 93.261757 0.152596 0.104822 0.982714 1.324863 0.000000 0.000000 0.000000 1.000000
0.985371 -0.083656 -0.148480 3.111086 0.065457 0.990185 -0.123491 93.064995 0.157353 0.111966 0.981175 2.742399 0.000000 0.000000 0.000000 1.000000
0.984094 -0.079686 -0.158777 4.085124 0.062471 0.991898 -0.110615 92.209160 0.166305 0.098937 0.981098 3.806671 0.000000 0.000000 0.000000 1.000000
0.983268 -0.076819 -0.165173 5.137709 0.063169 0.994259 -0.086368 91.134331 0.170860 0.074489 0.982476 4.078621 0.000000 0.000000 0.000000 1.000000
0.985647 -0.075126 -0.151179 6.231251 0.065909 0.995700 -0.065092 90.185318 0.155419 0.054194 0.986361 3.876887 0.000000 0.000000 0.000000 1.000000
0.991832 -0.073786 -0.104038 7.199078 0.067580 0.995787 -0.061973 89.255600 0.108173 0.054436 0.992641 2.752448 0.000000 0.000000 0.000000 1.000000
0.997270 -0.068965 -0.026385 8.111898 0.067726 0.996677 -0.045258 88.316368 0.029418 0.043348 0.998627 1.504750 0.000000 0.000000 0.000000 1.000000
0.996677 -0.058383 0.056809 8.601330 0.060151 0.997741 -0.029925 88.098526 -0.054933 0.033243 0.997936 -0.139218 0.000000 0.000000 0.000000 1.000000
0.991860 -0.044817 0.119187 8.887823 0.046558 0.998845 -0.011867 88.424522 -0.118517 0.017320 0.992801 -1.384839 0.000000 0.000000 0.000000 1.000000
0.988252 -0.031768 0.149495 8.867087 0.031719 0.999493 0.002717 89.220482 -0.149505 0.002057 0.988759 -2.207643 0.000000 0.000000 0.000000 1.000000
0.989062 -0.020252 0.146103 8.547247 0.018515 0.999741 0.013237 90.370644 -0.146333 -0.010387 0.989181 -2.376902 0.000000 0.000000 0.000000 1.000000
0.990581 -0.014334 0.136174 7.988827 0.011065 0.999633 0.024733 91.358566 -0.136479 -0.022993 0.990376 -1.870782 0.000000 0.000000 0.000000 1.000000
0.991377 -0.013713 0.130319 7.050526 0.009045 0.999298 0.036343 91.845375 -0.130726 -0.034851 0.990806 -0.735782 0.000000 0.000000 0.000000 1.000000
0.991548 -0.014586 0.128918 5.883581 0.009535 0.999166 0.039711 91.653954 -0.129390 -0.038146 0.990860 0.601915 0.000000 0.000000 0.000000 1.000000
0.992199 -0.014026 0.123876 4.541893 0.007589 0.998603 0.052283 90.672569 -0.124436 -0.050935 0.990919 1.757037 0.000000 0.000000 0.000000 1.000000
0.993943 -0.011275 0.109320 3.163195 0.004527 0.998079 0.061783 89.512222 -0.109806 -0.060914 0.992085 2.098848 0.000000 0.000000 0.000000 1.000000
0.996350 -0.007431 0.085042 1.841313 0.002147 0.998071 0.062047 88.543007 -0.085339 -0.061638 0.994444 1.974036 0.000000 0.000000 0.000000 1.000000
0.998623 -0.008675 0.051739 0.972878 0.005455 0.998057 0.062062 88.189262 -0.052177 -0.061694 0.996730 1.280140 0.000000 0.000000 0.000000 1.000000
0.999755 -0.019243 0.010911 0.385846 0.018559 0.998044 0.059703 88.237770 -0.012039 -0.059486 0.998157 0.456601 0.000000 0.000000 0.000000 1.000000
0.998672 -0.038432 -0.034323 0.197446 0.040027 0.998090 0.047065 88.732719 0.032449 -0.048376 0.998302 -0.396105 0.000000 0.000000 0.000000 1.000000</float_array>
        <technique_common>
          <accessor source="#mixamorig_Hips-Matrix-animation-output-transform-array" count="25" stride="16">
            <param type="float4x4"/>
          </accessor>
        </technique_common>
      </source>
      <source id="mixamorig_Hips-Interpolations">
        <Name_array id="mixamorig_Hips-Interpolations-array" count="25">
 LINEAR LINEAR LINEAR LINEAR LINEAR LINEAR LINEAR LINEAR LINEAR LINEAR LINEAR
LINEAR LINEAR LINEAR LINEAR LINEAR LINEAR LINEAR LINEAR LINEAR LINEAR LINEAR LINEAR
LINEAR LINEAR</Name_array>
        <technique_common>
          <accessor source="#mixamorig_Hips-Interpolations-array" count="25">
            <param type="name"/>
          </accessor>
        </technique_common>
      </source>
      <sampler id="mixamorig_Hips-Matrix-animation-transform">
        <input semantic="INPUT" source="#mixamorig_Hips-Matrix-animation-input"/>
        <input semantic="OUTPUT" source="#mixamorig_Hips-Matrix-animation-output-transform"/>
        <input semantic="INTERPOLATION" source="#mixamorig_Hips-Interpolations"/>
      </sampler>
      <channel source="#mixamorig_Hips-Matrix-animation-transform" target="mixamorig_Hips/matrix"/>
    </animation>
    <animation id="mixamorig_Spine-anim" name="mixamorig_Spine">
      <source id="mixamorig_Spine-Matrix-animation-input">
        <float_array id="mixamorig_Spine-Matrix-animation-input-array" count="25">

0.000000 0.033333 0.066667 0.100000 0.133333 0.166667 0.200000 0.233333 0.266667 0.300000 0.333333 0.366667 0.400000 0.433333 0.466667 0.500000
0.533333 0.566667 0.600000 0.633333 0.666667 0.700000 0.733333 0.766667 0.800000</float_array>
        <technique_common>
          <accessor source="#mixamorig_Spine-Matrix-animation-input-array" count="25">
            <param name="TIME" type="float"/>
          </accessor>
        </technique_common>
      </source>
      <source id="mixamorig_Spine-Matrix-animation-output-transform">
        <float_array id="mixamorig_Spine-Matrix-animation-output-transform-array" count="400">

0.989465 -0.141457 0.030793 -0.023000 0.126728 0.743501 -0.656617 13.157000 0.069989 0.653602 0.753595 0.957400 0.000000 0.000000 0.000000 1.000000
0.992916 -0.093860 0.072851 -0.023000 0.118718 0.758989 -0.640189 13.157000 0.004795 0.644303 0.764755 0.957400 0.000000 0.000000 0.000000 1.000000
0.992936 -0.042512 0.110773 -0.023000 0.101705 0.785781 -0.610086 13.157000 -0.061107 0.617042 0.784554 0.957400 0.000000 0.000000 0.000000 1.000000
0.989527 0.006624 0.144195 -0.023000 0.076998 0.820737 -0.566093 13.157000 -0.122096 0.571267 0.811632 0.957400 0.000000 0.000000 0.000000 1.000000
0.983170 0.053325 0.174736 -0.023000 0.043507 0.860595 -0.507429 13.157000 -0.177436 0.506491 0.843791 0.957400 0.000000 0.000000 0.000000 1.000000
0.974174 0.103650 0.200603 -0.023000 0.000079 0.888261 -0.459340 13.157000 -0.225799 0.447493 0.865312 0.957400 0.000000 0.000000 0.000000 1.000000
0.962929 0.157670 0.218880 -0.023000 -0.049476 0.900864 -0.431272 13.157000 -0.265180 0.404455 0.875269 0.957400 0.000000 0.000000 0.000000 1.000000
0.951049 0.209722 0.226984 -0.023000 -0.095285 0.897697 -0.430187 13.157000 -0.293983 0.387501 0.873738 0.957400 0.000000 0.000000 0.000000 1.000000
0.941688 0.251706 0.223312 -0.023000 -0.127257 0.880770 -0.456125 13.157000 -0.311496 0.401110 0.861442 0.957400 0.000000 0.000000 0.000000 1.000000
0.940195 0.274152 0.202174 -0.023000 -0.142782 0.856036 -0.496805 13.157000 -0.309268 0.438226 0.843985 0.957400 0.000000 0.000000 0.000000 1.000000
0.950316 0.267172 0.159745 -0.023000 -0.145683 0.835231 -0.530251 13.157000 -0.275092 0.480634 0.832656 0.957400 0.000000 0.000000 0.000000 1.000000
0.969432 0.224275 0.099514 -0.023000 -0.129179 0.811346 -0.570115 13.157000 -0.208603 0.539832 0.815516 0.957400 0.000000 0.000000 0.000000 1.000000
0.987439 0.152754 0.040386 -0.023000 -0.098642 0.795658 -0.597660 13.157000 -0.123429 0.586169 0.800732 0.957400 0.000000 0.000000 0.000000 1.000000
0.997099 0.075615 -0.008748 -0.023000 -0.064753 0.782176 -0.619683 13.157000 -0.040015 0.618452 0.784803 0.957400 0.000000 0.000000 0.000000 1.000000
0.998800 0.009995 -0.047952 -0.023000 -0.038088 0.774020 -0.632014 13.157000 0.030799 0.633082 0.773472 0.957400 0.000000 0.000000 0.000000 1.000000
0.995892 -0.039091 -0.081671 -0.023000 -0.021112 0.776884 -0.629289 13.157000 0.088048 0.628429 0.772868 0.957400 0.000000 0.000000 0.000000 1.000000
0.989554 -0.085991 -0.115708 -0.023000 -0.003225 0.789217 -0.614106 13.157000 0.144126 0.608065 0.780695 0.957400 0.000000 0.000000 0.000000 1.000000
0.980861 -0.131017 -0.144038 -0.023000 0.020392 0.804804 -0.593190 13.157000 0.193640 0.578899 0.792073 0.957400 0.000000 0.000000 0.000000 1.000000
0.972351 -0.169564 -0.160569 -0.023000 0.048702 0.819709 -0.570705 13.157000 0.228391 0.547106 0.805303 0.957400 0.000000 0.000000 0.000000 1.000000
0.967042 -0.198280 -0.159732 -0.023000 0.073486 0.817998 -0.570508 13.157000 0.243781 0.539967 0.805609 0.957400 0.000000 0.000000 0.000000 1.000000
0.966799 -0.212771 -0.141518 -0.023000 0.091255 0.804764 -0.586539 13.157000 0.238687 0.554151 0.797462 0.957400 0.000000 0.000000 0.000000 1.000000
0.970920 -0.213427 -0.108456 -0.023000 0.104735 0.786050 -0.609225 13.157000 0.215277 0.580150 0.785546 0.957400 0.000000 0.000000 0.000000 1.000000
0.977440 -0.201255 -0.064092 -0.023000 0.115453 0.763193 -0.635773 13.157000 0.176868 0.614030 0.769211 0.957400 0.000000 0.000000 0.000000 1.000000
0.984212 -0.176323 -0.015377 -0.023000 0.123264 0.745196 -0.655354 13.157000 0.127013 0.643112 0.755166 0.957400 0.000000 0.000000 0.000000 1.000000
0.989465 -0.141459 0.030794 -0.023000 0.126729 0.743502 -0.656616 13.157000 0.069989 0.653601 0.753596 0.957400 0.000000 0.000000 0.000000 1.000000</float_array>
        <technique_common>
          <accessor source="#mixamorig_Spine-Matrix-animation-output-transform-array" count="25" stride="16">
            <param type="float4x4"/>
          </accessor>
        </technique_common>
      </source>
      <source id="mixamorig_Spine-Interpolations">
        <Name_array id="mixamorig_Spine-Interpolations-array" count="25">
 LINEAR LINEAR LINEAR LINEAR LINEAR LINEAR LINEAR LINEAR LINEAR LINEAR LINEAR
LINEAR LINEAR LINEAR LINEAR LINEAR LINEAR LINEAR LINEAR LINEAR LINEAR LINEAR LINEAR
LINEAR LINEAR</Name_array>
        <technique_common>
          <accessor source="#mixamorig_Spine-Interpolations-array" count="25">
            <param type="name"/>
          </accessor>
        </technique_common>
      </source>
      <sampler id="mixamorig_Spine-Matrix-animation-transform">
        <input semantic="INPUT" source="#mixamorig_Spine-Matrix-animation-input"/>
        <input semantic="OUTPUT" source="#mixamorig_Spine-Matrix-animation-output-transform"/>
        <input semantic="INTERPOLATION" source="#mixamorig_Spine-Interpolations"/>
      </sampler>
      <channel source="#mixamorig_Spine-Matrix-animation-transform" target="mixamorig_Spine/matrix"/>
    </animation>
    <animation id="mixamorig_Spine1-anim" name="mixamorig_Spine1">
      <source id="mixamorig_Spine1-Matrix-animation-input">
        <float_array id="mixamorig_Spine1-Matrix-animation-input-array" count="25">

0.000000 0.033333 0.066667 0.100000 0.133333 0.166667 0.200000 0.233333 0.266667 0.300000 0.333333 0.366667 0.400000 0.433333 0.466667 0.500000
0.533333 0.566667 0.600000 0.633333 0.666667 0.700000 0.733333 0.766667 0.800000</float_array>
        <technique_common>
          <accessor source="#mixamorig_Spine1-Matrix-animation-input-array" count="25">
            <param name="TIME" type="float"/>
          </accessor>
        </technique_common>
      </source>
      <source id="mixamorig_Spine1-Matrix-animation-output-transform">
        <float_array id="mixamorig_Spine1-Matrix-animation-output-transform-array" count="400">

0.999098 -0.037342 -0.020216 -0.000000 0.034775 0.992741 -0.115139 9.894900 0.024369 0.114332 0.993144 -0.000000 0.000000 0.000000 0.000000 1.000000
0.999644 -0.026016 -0.005894 0.000000 0.025261 0.994243 -0.104124 9.894900 0.008569 0.103938 0.994547 0.000000 0.000000 0.000000 0.000000 1.000000
0.999900 -0.011910 0.007636 0.000000 0.012567 0.995602 -0.092840 9.894900 -0.006496 0.092926 0.995652 0.000000 0.000000 0.000000 0.000000 1.000000
0.999786 0.003789 0.020349 0.000000 -0.002108 0.996631 -0.081992 9.894900 -0.020591 0.081931 0.996425 0.000000 0.000000 0.000000 0.000000 1.000000
0.999298 0.018622 0.032506 0.000000 -0.016203 0.997189 -0.073160 9.894900 -0.033777 0.072582 0.996790 0.000000 0.000000 0.000000 0.000000 1.000000
0.998577 0.030650 0.043637 0.000000 -0.027567 0.997196 -0.069576 9.894900 -0.045647 0.068274 0.996622 0.000000 0.000000 0.000000 0.000000 1.000000
0.997880 0.038809 0.052251 0.000000 -0.034899 0.996665 -0.073765 9.894900 -0.054939 0.071785 0.995906 0.000000 0.000000 0.000000 0.000000 1.000000
0.997445 0.042965 0.057070 0.000000 -0.038044 0.995682 -0.084678 9.894900 -0.060462 0.082290 0.994773 0.000000 0.000000 0.000000 0.000000 1.000000
0.997471 0.042510 0.056964 0.000000 -0.036715 0.994392 -0.099182 9.894900 -0.060860 0.096840 0.993438 0.000000 0.000000 0.000000 0.000000 1.000000
0.998051 0.036564 0.050572 0.000000 -0.030621 0.993047 -0.113670 9.894900 -0.054376 0.111900 0.992231 0.000000 0.000000 0.000000 0.000000 1.000000
0.998983 0.025178 0.037413 -0.000000 -0.020266 0.991785 -0.126297 9.894900 -0.040286 0.125410 0.991287 0.000000 0.000000 0.000000 0.000000 1.000000
0.999756 0.011042 0.019113 -0.000000 -0.008308 0.990446 -0.137649 9.894900 -0.020451 0.137457 0.990297 0.000000 0.000000 0.000000 0.000000 1.000000
0.999997 -0.002271 -0.000470 -0.000000 0.002177 0.989100 -0.147231 9.894900 0.000799 0.147229 0.989102 0.000000 0.000000 0.000000 0.000000 1.000000
0.999742 -0.012592 -0.018926 0.000000 0.009559 0.988245 -0.152578 9.894900 0.020625 0.152358 0.988110 -0.000000 0.000000 0.000000 0.000000 1.000000
0.999183 -0.018233 -0.036064 0.000000 0.012504 0.988126 -0.153135 9.894900 0.038428 0.152559 0.987547 0.000000 0.000000 0.000000 0.000000 1.000000
0.998465 -0.018877 -0.052062 -0.000000 0.010863 0.988609 -0.150113 9.894900 0.054302 0.149317 0.987297 0.000000 0.000000 0.000000 0.000000 1.000000
0.997497 -0.018809 -0.068155 0.000000 0.008719 0.989332 -0.145418 9.894900 0.070163 0.144460 0.987020 -0.000000 0.000000 0.000000 0.000000 1.000000
0.996416 -0.020455 -0.082078 0.000000 0.008739 0.990021 -0.140648 9.894900 0.084136 0.139427 0.986652 0.000000 0.000000 0.000000 0.000000 1.000000
0.995625 -0.024700 -0.090117 0.000000 0.012111 0.990405 -0.137660 9.894900 0.092653 0.135967 0.986371 -0.000000 0.000000 0.000000 0.000000 1.000000
0.995451 -0.030977 -0.090094 0.000000 0.018416 0.990394 -0.137043 9.894900 0.093474 0.134760 0.986459 -0.000000 0.000000 0.000000 0.000000 1.000000
0.995847 -0.038080 -0.082694 0.000000 0.026409 0.990093 -0.137905 9.894900 0.087126 0.135149 0.986987 0.000000 0.000000 0.000000 0.000000 1.000000
0.996608 -0.043890 -0.069612 0.000000 0.033984 0.989905 -0.137595 9.894900 0.074948 0.134763 0.988039 0.000000 0.000000 0.000000 0.000000 1.000000
0.997505 -0.046807 -0.052844 0.000000 0.039380 0.990232 -0.133755 9.894900 0.058588 0.131340 0.989605 0.000000 0.000000 0.000000 0.000000 1.000000
0.998346 -0.045317 -0.035383 0.000000 0.040528 0.991205 -0.125976 9.894900 0.040781 0.124334 0.991402 -0.000000 0.000000 0.000000 0.000000 1.000000
0.999098 -0.037342 -0.020216 0.000000 0.034775 0.992740 -0.115139 9.894900 0.024369 0.114332 0.993144 -0.000000 0.000000 0.000000 0.000000 1.000000</float_array>
        <technique_common>
          <accessor source="#mixamorig_Spine1-Matrix-animation-output-transform-array" count="25" stride="16">
            <param type="float4x4"/>
          </accessor>
        </technique_common>
      </source>
      <source id="mixamorig_Spine1-Interpolations">
        <Name_array id="mixamorig_Spine1-Interpolations-array" count="25">
 LINEAR LINEAR LINEAR LINEAR LINEAR LINEAR LINEAR LINEAR LINEAR LINEAR LINEAR
LINEAR LINEAR LINEAR LINEAR LINEAR LINEAR LINEAR LINEAR LINEAR LINEAR LINEAR LINEAR
LINEAR LINEAR</Name_array>
        <technique_common>
          <accessor source="#mixamorig_Spine1-Interpolations-array" count="25">
            <param type="name"/>
          </accessor>
        </technique_common>
      </source>
      <sampler id="mixamorig_Spine1-Matrix-animation-transform">
        <input semantic="INPUT" source="#mixamorig_Spine1-Matrix-animation-input"/>
        <input semantic="OUTPUT" source="#mixamorig_Spine1-Matrix-animation-output-transform"/>
        <input semantic="INTERPOLATION" source="#mixamorig_Spine1-Interpolations"/>
      </sampler>
      <channel source="#mixamorig_Spine1-Matrix-animation-transform" target="mixamorig_Spine1/matrix"/>
    </animation>
    <animation id="mixamorig_Spine2-anim" name="mixamorig_Spine2">
      <source id="mixamorig_Spine2-Matrix-animation-input">
        <float_array id="mixamorig_Spine2-Matrix-animation-input-array" count="25">

0.000000 0.033333 0.066667 0.100000 0.133333 0.166667 0.200000 0.233333 0.266667 0.300000 0.333333 0.366667 0.400000 0.433333 0.466667 0.500000
0.533333 0.566667 0.600000 0.633333 0.666667 0.700000 0.733333 0.766667 0.800000</float_array>
        <technique_common>
          <accessor source="#mixamorig_Spine2-Matrix-animation-input-array" count="25">
            <param name="TIME" type="float"/>
          </accessor>
        </technique_common>
      </source>
      <source id="mixamorig_Spine2-Matrix-animation-output-transform">
        <float_array id="mixamorig_Spine2-Matrix-animation-output-transform-array" count="400">

0.999250 -0.034265 -0.018063 0.000000 0.031537 0.990450 -0.134215 10.500200 0.022489 0.133545 0.990788 0.000000 0.000000 0.000000 0.000000 1.000000
0.999724 -0.023124 -0.004100 0.000000 0.022443 0.992134 -0.123156 10.500200 0.006915 0.123030 0.992379 -0.000000 0.000000 0.000000 0.000000 1.000000
0.999919 -0.009263 0.008727 0.000000 0.010181 0.993674 -0.111841 10.500200 -0.007636 0.111921 0.993688 0.000000 0.000000 0.000000 0.000000 1.000000
0.999772 0.006094 0.020465 0.000000 -0.003996 0.994878 -0.101005 10.500200 -0.020976 0.100900 0.994675 0.000000 0.000000 0.000000 0.000000 1.000000
0.999286 0.020582 0.031682 0.000000 -0.017580 0.995579 -0.092264 10.500200 -0.033441 0.091641 0.995230 0.000000 0.000000 0.000000 0.000000 1.000000
0.998590 0.032282 0.042151 0.000000 -0.028437 0.995641 -0.088829 10.500200 -0.044835 0.087505 0.995155 -0.000000 0.000000 0.000000 0.000000 1.000000
0.997918 0.040133 0.050482 0.000000 -0.035305 0.995027 -0.093140 10.500200 -0.053969 0.091164 0.994372 0.000000 0.000000 0.000000 0.000000 1.000000
0.997489 0.044162 0.055372 -0.000000 -0.038225 0.993840 -0.104028 10.500200 -0.059625 0.101650 0.993032 0.000000 0.000000 0.000000 0.000000 1.000000
0.997479 0.043961 0.055708 0.000000 -0.037128 0.992289 -0.118255 10.500200 -0.060477 0.115888 0.991419 0.000000 0.000000 0.000000 0.000000 1.000000
0.997992 0.038674 0.050155 -0.000000 -0.031744 0.990707 -0.132260 10.500200 -0.054804 0.130402 0.989945 0.000000 0.000000 0.000000 0.000000 1.000000
0.998877 0.028151 0.038117 -0.000000 -0.022370 0.989265 -0.144408 10.500200 -0.041773 0.143393 0.988784 0.000000 0.000000 0.000000 0.000000 1.000000
0.999668 0.014959 0.020958 0.000000 -0.011521 0.987770 -0.155493 10.500200 -0.023027 0.155200 0.987615 0.000000 0.000000 0.000000 0.000000 1.000000
0.999994 0.002732 0.002247 0.000000 -0.002323 0.986270 -0.165127 10.500200 -0.002667 0.165121 0.986270 0.000000 0.000000 0.000000 0.000000 1.000000
0.999852 -0.006574 -0.015886 -0.000000 0.003765 0.985299 -0.170799 10.500200 0.016776 0.170714 0.985178 -0.000000 0.000000 0.000000 0.000000 1.000000
0.999372 -0.011641 -0.033475 0.000000 0.005724 0.985131 -0.171712 10.500200 0.034976 0.171412 0.984578 0.000000 0.000000 0.000000 0.000000 1.000000
0.998642 -0.012093 -0.050671 -0.000000 0.003366 0.985628 -0.168896 10.500200 0.051985 0.168496 0.984331 -0.000000 0.000000 0.000000 0.000000 1.000000
0.997617 -0.012182 -0.067908 0.000000 0.000866 0.986422 -0.164228 10.500200 0.068987 0.163778 0.984082 0.000000 0.000000 0.000000 0.000000 1.000000
0.996485 -0.014096 -0.082573 0.000000 0.000751 0.987203 -0.159464 10.500200 0.083765 0.158841 0.983744 0.000000 0.000000 0.000000 0.000000 1.000000
0.995671 -0.018609 -0.091066 0.000000 0.004145 0.987668 -0.156508 10.500200 0.092856 0.155453 0.983469 0.000000 0.000000 0.000000 0.000000 1.000000
0.995503 -0.025302 -0.091284 0.000000 0.010808 0.987712 -0.155908 10.500200 0.094107 0.154221 0.983545 0.000000 0.000000 0.000000 0.000000 1.000000
0.995936 -0.033152 -0.083741 -0.000000 0.019687 0.987437 -0.156781 10.500200 0.087886 0.154495 0.984077 0.000000 0.000000 0.000000 0.000000 1.000000
0.996750 -0.039841 -0.070012 0.000000 0.028468 0.987266 -0.156513 10.500200 0.075356 0.154011 0.985191 -0.000000 0.000000 0.000000 0.000000 1.000000
0.997702 -0.043285 -0.052128 0.000000 0.034864 0.987640 -0.152812 10.500200 0.058098 0.150644 0.986879 0.000000 0.000000 0.000000 0.000000 1.000000
0.998555 -0.041977 -0.033546 0.000000 0.036688 0.988730 -0.145143 10.500200 0.039261 0.143703 0.988842 0.000000 0.000000 0.000000 0.000000 1.000000
0.999250 -0.034265 -0.018063 0.000000 0.031537 0.990450 -0.134215 10.500200 0.022489 0.133544 0.990788 -0.000000 0.000000 0.000000 0.000000 1.000000</float_array>
        <technique_common>
          <accessor source="#mixamorig_Spine2-Matrix-animation-output-transform-array" count="25" stride="16">
            <param type="float4x4"/>
          </accessor>
        </technique_common>
      </source>
      <source id="mixamorig_Spine2-Interpolations">
        <Name_array id="mixamorig_Spine2-Interpolations-array" count="25">
 LINEAR LINEAR LINEAR LINEAR LINEAR LINEAR LINEAR LINEAR LINEAR LINEAR LINEAR
LINEAR LINEAR LINEAR LINEAR LINEAR LINEAR LINEAR LINEAR LINEAR LINEAR LINEAR LINEAR
LINEAR LINEAR</Name_array>
        <technique_common>
          <accessor source="#mixamorig_Spine2-Interpolations-array" count="25">
            <param type="name"/>
          </accessor>
        </technique_common>
      </source>
      <sampler id="mixamorig_Spine2-Matrix-animation-transform">
        <input semantic="INPUT" source="#mixamorig_Spine2-Matrix-animation-input"/>
        <input semantic="OUTPUT" source="#mixamorig_Spine2-Matrix-animation-output-transform"/>
        <input semantic="INTERPOLATION" source="#mixamorig_Spine2-Interpolations"/>
      </sampler>
      <channel source="#mixamorig_Spine2-Matrix-animation-transform" target="mixamorig_Spine2/matrix"/>
    </animation>
    <animation id="mixamorig_Neck-anim" name="mixamorig_Neck">
      <source id="mixamorig_Neck-Matrix-animation-input">
        <float_array id="mixamorig_Neck-Matrix-animation-input-array" count="25">

0.000000 0.033333 0.066667 0.100000 0.133333 0.166667 0.200000 0.233333 0.266667 0.300000 0.333333 0.366667 0.400000 0.433333 0.466667 0.500000
0.533333 0.566667 0.600000 0.633333 0.666667 0.700000 0.733333 0.766667 0.800000</float_array>
        <technique_common>
          <accessor source="#mixamorig_Neck-Matrix-animation-input-array" count="25">
            <param name="TIME" type="float"/>
          </accessor>
        </technique_common>
      </source>
      <source id="mixamorig_Neck-Matrix-animation-output-transform">
        <float_array id="mixamorig_Neck-Matrix-animation-output-transform-array" count="400">

0.998135 0.035698 0.049528 0.000000 -0.040520 0.994157 0.100049 26.776300 -0.045668 -0.101869 0.993749 -4.691200 0.000000 0.000000 0.000000 1.000000
0.997917 0.049251 0.041667 0.000000 -0.052423 0.995511 0.078803 26.776300 -0.037598 -0.080823 0.996019 -4.691200 0.000000 0.000000 0.000000 1.000000
0.997530 0.061818 0.033358 0.000000 -0.063677 0.996291 0.057879 26.776300 -0.029656 -0.059860 0.997766 -4.691200 0.000000 0.000000 0.000000 1.000000
0.996962 0.073661 0.025326 -0.000000 -0.074678 0.996328 0.041885 26.776300 -0.022148 -0.043649 0.998801 -4.691200 0.000000 0.000000 0.000000 1.000000
0.996157 0.085751 0.017838 0.000000 -0.086313 0.995702 0.033573 26.776300 -0.014882 -0.034984 0.999277 -4.691200 0.000000 0.000000 0.000000 1.000000
0.995023 0.099000 0.011305 -0.000000 -0.099334 0.994459 0.034409 26.776300 -0.007836 -0.035360 0.999344 -4.691200 0.000000 0.000000 0.000000 1.000000
0.993528 0.113417 0.006173 -0.000000 -0.113580 0.992504 0.045110 26.776300 -0.001010 -0.045519 0.998963 -4.691200 0.000000 0.000000 0.000000 1.000000
0.991801 0.127783 0.001684 -0.000000 -0.127636 0.989832 0.062775 26.776300 0.006355 -0.062475 0.998026 -4.691200 0.000000 0.000000 0.000000 1.000000
0.990038 0.140773 -0.002933 0.000000 -0.140059 0.986726 0.082197 26.776300 0.014466 -0.080968 0.996612 -4.691200 0.000000 0.000000 0.000000 1.000000
0.988579 0.150551 -0.006836 0.000000 -0.149182 0.984010 0.097313 26.776300 0.021377 -0.095182 0.995230 -4.691200 0.000000 0.000000 0.000000 1.000000
0.987884 0.154960 -0.008554 0.000000 -0.153260 0.982755 0.103458 26.776300 0.024438 -0.100894 0.994597 -4.691200 0.000000 0.000000 0.000000 1.000000
0.988491 0.151056 -0.008270 0.000000 -0.149508 0.983785 0.099064 26.776300 0.023101 -0.096688 0.995047 -4.691200 0.000000 0.000000 0.000000 1.000000
0.990326 0.138580 -0.007021 0.000000 -0.137481 0.986805 0.085525 26.776300 0.018781 -0.083732 0.996311 -4.691200 0.000000 0.000000 0.000000 1.000000
0.992658 0.120876 -0.004453 0.000000 -0.120352 0.990695 0.063548 26.776300 0.012093 -0.062546 0.997969 -4.691200 0.000000 0.000000 0.000000 1.000000
0.994908 0.100787 0.000848 -0.000000 -0.100748 0.994211 0.037332 26.776300 0.002919 -0.037227 0.999303 -4.691200 0.000000 0.000000 0.000000 1.000000
0.996828 0.078896 0.010409 0.000000 -0.079049 0.996756 0.015154 26.776300 -0.009180 -0.015929 0.999831 -4.691200 0.000000 0.000000 0.000000 1.000000
0.997993 0.059116 0.022698 0.000000 -0.059081 0.998251 -0.002215 26.776300 -0.022789 0.000870 0.999740 -4.691200 0.000000 0.000000 0.000000 1.000000
0.998428 0.043114 0.035813 0.000000 -0.042906 0.999058 -0.006547 26.776300 -0.036061 0.005000 0.999337 -4.691200 0.000000 0.000000 0.000000 1.000000
0.998376 0.030991 0.047795 -0.000000 -0.031365 0.999483 0.007102 26.776300 -0.047550 -0.008590 0.998832 -4.691200 0.000000 0.000000 0.000000 1.000000
0.998112 0.022153 0.057289 0.000000 -0.024273 0.999036 0.036586 26.776300 -0.056423 -0.037908 0.997687 -4.691200 0.000000 0.000000 0.000000 1.000000
0.997840 0.016779 0.063510 -0.000000 -0.021413 0.997101 0.073017 26.776300 -0.062101 -0.074219 0.995307 -4.691200 0.000000 0.000000 0.000000 1.000000
0.997742 0.015443 0.065363 -0.000000 -0.022206 0.994325 0.104043 26.776300 -0.063385 -0.105260 0.992423 -4.691200 0.000000 0.000000 0.000000 1.000000
0.997880 0.018646 0.062353 -0.000000 -0.026031 0.992455 0.119811 26.776300 -0.059648 -0.121180 0.990837 -4.691200 0.000000 0.000000 0.000000 1.000000
0.998085 0.025906 0.056165 -0.000000 -0.032376 0.992541 0.117535 26.776300 -0.052701 -0.119129 0.991479 -4.691200 0.000000 0.000000 0.000000 1.000000
0.998135 0.035698 0.049528 0.000000 -0.040520 0.994157 0.100049 26.776300 -0.045668 -0.101869 0.993749 -4.691200 0.000000 0.000000 0.000000 1.000000</float_array>
        <technique_common>
          <accessor source="#mixamorig_Neck-Matrix-animation-output-transform-array" count="25" stride="16">
            <param type="float4x4"/>
          </accessor>
        </technique_common>
      </source>
      <source id="mixamorig_Neck-Interpolations">
        <Name_array id="mixamorig_Neck-Interpolations-array" count="25">
 LINEAR LINEAR LINEAR LINEAR LINEAR LINEAR LINEAR LINEAR LINEAR LINEAR LINEAR
LINEAR LINEAR LINEAR LINEAR LINEAR LINEAR LINEAR LINEAR LINEAR LINEAR LINEAR LINEAR
LINEAR LINEAR</Name_array>
        <technique_common>
          <accessor source="#mixamorig_Neck-Interpolations-array" count="25">
            <param type="name"/>
          </accessor>
        </technique_common>
      </source>
      <sampler id="mixamorig_Neck-Matrix-animation-transform">
        <input semantic="INPUT" source="#mixamorig_Neck-Matrix-animation-input"/>
        <input semantic="OUTPUT" source="#mixamorig_Neck-Matrix-animation-output-transform"/>
        <input semantic="INTERPOLATION" source="#mixamorig_Neck-Interpolations"/>
      </sampler>
      <channel source="#mixamorig_Neck-Matrix-animation-transform" target="mixamorig_Neck/matrix"/>
    </animation>
    <animation id="mixamorig_Head-anim" name="mixamorig_Head">
      <source id="mixamorig_Head-Matrix-animation-input">
        <float_array id="mixamorig_Head-Matrix-animation-input-array" count="25">

0.000000 0.033333 0.066667 0.100000 0.133333 0.166667 0.200000 0.233333 0.266667 0.300000 0.333333 0.366667 0.400000 0.433333 0.466667 0.500000
0.533333 0.566667 0.600000 0.633333 0.666667 0.700000 0.733333 0.766667 0.800000</float_array>
        <technique_common>
          <accessor source="#mixamorig_Head-Matrix-animation-input-array" count="25">
            <param name="TIME" type="float"/>
          </accessor>
        </technique_common>
      </source>
      <source id="mixamorig_Head-Matrix-animation-output-transform">
        <float_array id="mixamorig_Head-Matrix-animation-output-transform-array" count="400">

0.950375 0.087936 0.298420 0.000000 -0.248543 0.791544 0.558287 14.063200 -0.187118 -0.604752 0.774120 3.449300 0.000000 0.000000 0.000000 1.000000
0.960289 0.103502 0.259098 0.000000 -0.237801 0.789335 0.566040 14.063200 -0.145929 -0.605176 0.782603 3.449300 0.000000 0.000000 0.000000 1.000000
0.971410 0.103860 0.213486 -0.000000 -0.210597 0.792100 0.572911 14.063200 -0.109600 -0.601491 0.791326 3.449300 0.000000 0.000000 0.000000 1.000000
0.983428 0.085492 0.159877 0.000000 -0.163011 0.802936 0.573342 14.063200 -0.079355 -0.589902 0.803566 3.449300 0.000000 0.000000 0.000000 1.000000
0.994059 0.049648 0.096855 0.000000 -0.095921 0.820132 0.564076 14.063200 -0.051428 -0.570016 0.820023 3.449300 0.000000 0.000000 0.000000 1.000000
0.999639 0.003153 0.026670 -0.000000 -0.017263 0.836202 0.548149 14.063200 -0.020573 -0.548412 0.835955 3.449300 0.000000 0.000000 0.000000 1.000000
0.998116 -0.042566 -0.044195 0.000000 0.059651 0.841966 0.536223 14.063200 0.014386 -0.537849 0.842919 3.449300 0.000000 0.000000 0.000000 1.000000
0.991319 -0.076235 -0.107119 -0.000000 0.122285 0.833900 0.538198 14.063200 0.048297 -0.546625 0.835983 3.449300 0.000000 0.000000 0.000000 1.000000
0.983534 -0.092634 -0.155175 0.000000 0.164588 0.813757 0.557414 14.063200 0.074640 -0.573776 0.815604 3.449300 0.000000 0.000000 0.000000 1.000000
0.978387 -0.095237 -0.183548 0.000000 0.187159 0.785274 0.590184 14.063200 0.087928 -0.611780 0.786126 3.449300 0.000000 0.000000 0.000000 1.000000
0.977060 -0.092816 -0.191673 0.000000 0.194769 0.753453 0.627992 14.063200 0.086129 -0.650918 0.754247 3.449300 0.000000 0.000000 0.000000 1.000000
0.978980 -0.091485 -0.182287 0.000000 0.190947 0.725201 0.661531 14.063200 0.071675 -0.682432 0.727426 3.449300 0.000000 0.000000 0.000000 1.000000
0.983456 -0.089602 -0.157437 -0.000000 0.174345 0.704138 0.688327 14.063200 0.049182 -0.704387 0.708110 3.449300 0.000000 0.000000 0.000000 1.000000
0.989662 -0.082998 -0.116961 -0.000000 0.141817 0.687841 0.711873 14.063200 0.021367 -0.721101 0.692500 3.449300 0.000000 0.000000 0.000000 1.000000
0.995813 -0.069630 -0.059222 -0.000000 0.090748 0.675304 0.731935 14.063200 -0.010972 -0.734245 0.678795 3.449300 0.000000 0.000000 0.000000 1.000000
0.998593 -0.048804 0.020726 0.000000 0.017455 0.671690 0.740627 14.063200 -0.050067 -0.739223 0.671597 3.449300 0.000000 0.000000 0.000000 1.000000
0.993462 -0.024529 0.111501 -0.000000 -0.065369 0.678493 0.731693 14.063200 -0.093601 -0.734197 0.672453 3.449300 0.000000 0.000000 0.000000 1.000000
0.979682 -0.001538 0.200550 -0.000000 -0.142791 0.696832 0.702877 14.063200 -0.140831 -0.717233 0.682454 3.449300 0.000000 0.000000 0.000000 1.000000
0.961293 0.014843 0.275127 0.000000 -0.200119 0.723982 0.660154 14.063200 -0.189388 -0.689660 0.698929 3.449300 0.000000 0.000000 0.000000 1.000000
0.944309 0.023261 0.328237 0.000000 -0.232511 0.753018 0.615551 14.063200 -0.232850 -0.657589 0.716490 3.449300 0.000000 0.000000 0.000000 1.000000
0.933000 0.027546 0.358820 0.000000 -0.245965 0.776645 0.579935 14.063200 -0.262701 -0.629336 0.731385 3.449300 0.000000 0.000000 0.000000 1.000000
0.929370 0.034227 0.367560 0.000000 -0.250084 0.790768 0.558698 14.063200 -0.271532 -0.611158 0.743476 3.449300 0.000000 0.000000 0.000000 1.000000
0.932971 0.048100 0.356723 -0.000000 -0.251738 0.795545 0.551123 14.063200 -0.257280 -0.603982 0.754329 3.449300 0.000000 0.000000 0.000000 1.000000
0.940894 0.068250 0.331753 0.000000 -0.252527 0.794109 0.552830 14.063200 -0.225717 -0.603931 0.764407 3.449300 0.000000 0.000000 0.000000 1.000000
0.950375 0.087936 0.298420 0.000000 -0.248543 0.791544 0.558287 14.063200 -0.187118 -0.604752 0.774120 3.449300 0.000000 0.000000 0.000000 1.000000</float_array>
        <technique_common>
          <accessor source="#mixamorig_Head-Matrix-animation-output-transform-array" count="25" stride="16">
            <param type="float4x4"/>
          </accessor>
        </technique_common>
      </source>
      <source id="mixamorig_Head-Interpolations">
        <Name_array id="mixamorig_Head-Interpolations-array" count="25">
 LINEAR LINEAR LINEAR LINEAR LINEAR LINEAR LINEAR LINEAR LINEAR LINEAR LINEAR
LINEAR LINEAR LINEAR LINEAR LINEAR LINEAR LINEAR LINEAR LINEAR LINEAR LINEAR LINEAR
LINEAR LINEAR</Name_array>
        <technique_common>
          <accessor source="#mixamorig_Head-Interpolations-array" count="25">
            <param type="name"/>
          </accessor>
        </technique_common>
      </source>
      <sampler id="mixamorig_Head-Matrix-animation-transform">
        <input semantic="INPUT" source="#mixamorig_Head-Matrix-animation-input"/>
        <input semantic="OUTPUT" source="#mixamorig_Head-Matrix-animation-output-transform"/>
        <input semantic="INTERPOLATION" source="#mixamorig_Head-Interpolations"/>
      </sampler>
      <channel source="#mixamorig_Head-Matrix-animation-transform" target="mixamorig_Head/matrix"/>
    </animation>
    <animation id="mixamorig_LeftShoulder-anim" name="mixamorig_LeftShoulder">
      <source id="mixamorig_LeftShoulder-Matrix-animation-input">
        <float_array id="mixamorig_LeftShoulder-Matrix-animation-input-array" count="25">

0.000000 0.033333 0.066667 0.100000 0.133333 0.166667 0.200000 0.233333 0.266667 0.300000 0.333333 0.366667 0.400000 0.433333 0.466667 0.500000
0.533333 0.566667 0.600000 0.633333 0.666667 0.700000 0.733333 0.766667 0.800000</float_array>
        <technique_common>
          <accessor source="#mixamorig_LeftShoulder-Matrix-animation-input-array" count="25">
            <param name="TIME" type="float"/>
          </accessor>
        </technique_common>
      </source>
      <source id="mixamorig_LeftShoulder-Matrix-animation-output-transform">
        <float_array id="mixamorig_LeftShoulder-Matrix-animation-output-transform-array" count="400">

-0.008905 0.808927 -0.587842 7.980400 0.032544 -0.587319 -0.808701 21.886400 -0.999431 -0.026332 -0.021096 -6.266400 0.000000 0.000000 0.000000 1.000000
0.020505 0.820431 -0.571378 7.980400 0.036522 -0.571732 -0.819627 21.886400 -0.999122 -0.004061 -0.041687 -6.266400 0.000000 0.000000 0.000000 1.000000
0.040894 0.833775 -0.550588 7.980400 0.041499 -0.551991 -0.832817 21.886400 -0.998301 0.011208 -0.057174 -6.266400 0.000000 0.000000 0.000000 1.000000
0.053632 0.847851 -0.527516 7.980400 0.047259 -0.529839 -0.846780 21.886400 -0.997442 0.020485 -0.068485 -6.266400 0.000000 0.000000 0.000000 1.000000
0.060388 0.860751 -0.505432 7.980400 0.053393 -0.508417 -0.859454 21.886400 -0.996746 0.024914 -0.076660 -6.266400 0.000000 0.000000 0.000000 1.000000
0.060407 0.870517 -0.488417 7.980400 0.058742 -0.491563 -0.868859 21.886400 -0.996444 0.023795 -0.080830 -6.266400 0.000000 0.000000 0.000000 1.000000
0.050234 0.875665 -0.480299 7.980400 0.061428 -0.482704 -0.873626 21.886400 -0.996847 0.014382 -0.078039 -6.266400 0.000000 0.000000 0.000000 1.000000
0.028502 0.875912 -0.481628 7.980400 0.060302 -0.482453 -0.873844 21.886400 -0.997773 -0.004137 -0.066570 -6.266400 0.000000 0.000000 0.000000 1.000000
-0.001844 0.871235 -0.490863 7.980400 0.056168 -0.489998 -0.869912 21.886400 -0.998420 -0.029174 -0.048032 -6.266400 0.000000 0.000000 0.000000 1.000000
-0.034454 0.862896 -0.504206 7.980400 0.051312 -0.502313 -0.863162 21.886400 -0.998088 -0.055611 -0.026971 -6.266400 0.000000 0.000000 0.000000 1.000000
-0.062132 0.853725 -0.517005 7.980400 0.047434 -0.514894 -0.855940 21.886400 -0.996940 -0.077705 -0.008504 -6.266400 0.000000 0.000000 0.000000 1.000000
-0.079456 0.848698 -0.522875 7.980400 0.043912 -0.521044 -0.852399 21.886400 -0.995871 -0.090689 0.004132 -6.266400 0.000000 0.000000 0.000000 1.000000
-0.087977 0.848886 -0.521203 7.980400 0.038686 -0.519926 -0.853335 21.886400 -0.995371 -0.095237 0.012902 -6.266400 0.000000 0.000000 0.000000 1.000000
-0.093086 0.850841 -0.517112 7.980400 0.030535 -0.516683 -0.855632 21.886400 -0.995190 -0.095438 0.022116 -6.266400 0.000000 0.000000 0.000000 1.000000
-0.102406 0.850127 -0.516523 7.980400 0.019696 -0.517419 -0.855506 21.886400 -0.994548 -0.097782 0.036243 -6.266400 0.000000 0.000000 0.000000 1.000000
-0.123678 0.841310 -0.526214 7.980400 0.007361 -0.529493 -0.848282 21.886400 -0.992295 -0.108787 0.059294 -6.266400 0.000000 0.000000 0.000000 1.000000
-0.146800 0.828248 -0.540791 7.980400 -0.001392 -0.546886 -0.837206 21.886400 -0.989165 -0.122149 0.081436 -6.266400 0.000000 0.000000 0.000000 1.000000
-0.164667 0.812867 -0.558688 7.980400 -0.003289 -0.566870 -0.823801 21.886400 -0.986344 -0.133815 0.096019 -6.266400 0.000000 0.000000 0.000000 1.000000
-0.171410 0.798071 -0.577669 7.980400 0.002064 -0.586055 -0.810269 21.886400 -0.985198 -0.140081 0.098809 -6.266400 0.000000 0.000000 0.000000 1.000000
-0.165443 0.786789 -0.594635 7.980400 0.011724 -0.601333 -0.798913 21.886400 -0.986150 -0.139146 0.090262 -6.266400 0.000000 0.000000 0.000000 1.000000
-0.148122 0.781490 -0.606080 7.980400 0.021428 -0.610160 -0.791988 21.886400 -0.988737 -0.130298 0.073632 -6.266400 0.000000 0.000000 0.000000 1.000000
-0.121491 0.782879 -0.610198 7.980400 0.027950 -0.611809 -0.790511 21.886400 -0.992199 -0.113095 0.052447 -6.266400 0.000000 0.000000 0.000000 1.000000
-0.087354 0.789416 -0.607612 7.980400 0.030694 -0.607521 -0.793711 21.886400 -0.995704 -0.087984 0.028839 -6.266400 0.000000 0.000000 0.000000 1.000000
-0.048633 0.798666 -0.599806 7.980400 0.031457 -0.598994 -0.800136 21.886400 -0.998321 -0.057781 0.004007 -6.266400 0.000000 0.000000 0.000000 1.000000
-0.008907 0.808926 -0.587843 7.980400 0.032543 -0.587321 -0.808700 21.886400 -0.999431 -0.026333 -0.021094 -6.266400 0.000000 0.000000 0.000000 1.000000</float_array>
        <technique_common>
