<?xml version="1.0" encoding="utf-8"?>
<COLLADA xmlns="http://www.collada.org/2005/11/COLLADASchema" version="1.4.1">
  <asset>
    <contributor>
      <author>Mixamo</author>
      <authoring_tool>COLLADA Mixamo exporter</authoring_tool>
      <comments/>
    </contributor>
    <created>2025-04-11T17:38:06Z</created>
    <modified>2025-04-11T17:38:06Z</modified>
    <revision/>
    <title/>
    <unit meter="0.010000"/>
    <up_axis>Y_UP</up_axis>
  </asset>
  <library_animations>
    <animation id="mixamorig_Hips-anim" name="mixamorig_Hips">
      <source id="mixamorig_Hips-Matrix-animation-input">
        <float_array id="mixamorig_Hips-Matrix-animation-input-array" count="80">

0.000000 0.033333 0.066667 0.100000 0.133333 0.166667 0.200000 0.233333 0.266667 0.300000 0.333333 0.366667 0.400000 0.433333 0.466667 0.500000
0.533333 0.566667 0.600000 0.633333 0.666667 0.700000 0.733333 0.766667 0.800000 0.833333 0.866667 0.900000 0.933333 0.966667 1.000000 1.033333
1.066667 1.100000 1.133333 1.166667 1.200000 1.233333 1.266667 1.300000 1.333333 1.366667 1.400000 1.433333 1.466667 1.500000 1.533333 1.566667
1.600000 1.633333 1.666667 1.700000 1.733333 1.766667 1.800000 1.833333 1.866667 1.900000 1.933333 1.966667 2.000000 2.033333 2.066667 2.100000
2.133333 2.166667 2.200000 2.233333 2.266667 2.300000 2.333333 2.366667 2.400000 2.433333 2.466667 2.500000 2.533333 2.566667 2.600000 2.633333</float_array>
        <technique_common>
          <accessor source="#mixamorig_Hips-Matrix-animation-input-array" count="80">
            <param name="TIME" type="float"/>
          </accessor>
        </technique_common>
      </source>
      <source id="mixamorig_Hips-Matrix-animation-output-transform">
        <float_array id="mixamorig_Hips-Matrix-animation-output-transform-array" count="1280">

0.945794 -0.004759 -0.324733 0.745276 -0.061184 0.979378 -0.192550 97.560204 0.318953 0.201981 0.925998 -2.046686 0.000000 0.000000 0.000000 1.000000
0.947998 -0.002204 -0.318268 0.446022 -0.063714 0.978421 -0.196555 98.092812 0.311833 0.206612 0.927401 -2.185018 0.000000 0.000000 0.000000 1.000000
0.949916 -0.002020 -0.312499 0.125729 -0.063801 0.977664 -0.200258 98.579308 0.305923 0.210166 0.928569 -2.344167 0.000000 0.000000 0.000000 1.000000
0.950576 -0.003288 -0.310475 -0.328078 -0.061912 0.977857 -0.199909 99.038437 0.304257 0.209250 0.929323 -2.628213 0.000000 0.000000 0.000000 1.000000
0.948013 -0.006565 -0.318163 -0.907439 -0.057241 0.979963 -0.190778 99.397728 0.313040 0.199072 0.928642 -2.926421 0.000000 0.000000 0.000000 1.000000
0.939922 -0.015534 -0.341035 -1.583879 -0.045542 0.984330 -0.170356 99.536583 0.338337 0.175653 0.924486 -3.098738 0.000000 0.000000 0.000000 1.000000
0.924105 -0.030224 -0.380941 -2.261092 -0.025556 0.989748 -0.140522 99.389740 0.381283 0.139592 0.913858 -2.992350 0.000000 0.000000 0.000000 1.000000
0.900492 -0.045193 -0.432518 -2.824893 0.001032 0.994805 -0.101797 98.977448 0.434872 0.091221 0.895860 -2.488683 0.000000 0.000000 0.000000 1.000000
0.866767 -0.058401 -0.495283 -3.235707 0.030339 0.997455 -0.064520 98.402206 0.497790 0.040898 0.866333 -1.518602 0.000000 0.000000 0.000000 1.000000
0.805027 -0.065349 -0.589628 -3.811004 0.054350 0.997859 -0.036388 97.786911 0.590743 -0.002753 0.806855 -0.207198 0.000000 0.000000 0.000000 1.000000
0.724317 -0.073541 -0.685534 -4.501225 0.079190 0.996589 -0.023239 97.415756 0.684904 -0.037455 0.727670 1.601761 0.000000 0.000000 0.000000 1.000000
0.678385 -0.103524 -0.727376 -4.594354 0.108065 0.993315 -0.040587 97.399353 0.726715 -0.051070 0.685038 3.553813 0.000000 0.000000 0.000000 1.000000
0.643549 -0.135750 -0.753270 -4.590353 0.141209 0.988310 -0.057467 97.518066 0.752266 -0.069386 0.655196 5.394923 0.000000 0.000000 0.000000 1.000000
0.608505 -0.157229 -0.777818 -4.604939 0.169650 0.983289 -0.066042 97.427505 0.775204 -0.091770 0.625010 6.980675 0.000000 0.000000 0.000000 1.000000
0.578453 -0.175392 -0.796636 -4.597819 0.193994 0.978170 -0.074496 97.219421 0.792312 -0.111450 0.599851 8.352584 0.000000 0.000000 0.000000 1.000000
0.559186 -0.193628 -0.806114 -4.491432 0.214823 0.972974 -0.084688 97.100670 0.800726 -0.125815 0.585670 9.459547 0.000000 0.000000 0.000000 1.000000
0.547602 -0.209487 -0.810091 -4.324093 0.228752 0.968751 -0.095885 96.961838 0.804863 -0.132803 0.578411 10.215205 0.000000 0.000000 0.000000 1.000000
0.539341 -0.219785 -0.812899 -4.099487 0.231511 0.966841 -0.107804 96.792305 0.809638 -0.130052 0.572340 10.715197 0.000000 0.000000 0.000000 1.000000
0.537655 -0.225925 -0.812333 -3.753195 0.226778 0.966679 -0.118755 96.765762 0.812095 -0.120370 0.570975 11.128236 0.000000 0.000000 0.000000 1.000000
0.546109 -0.229741 -0.805595 -3.251316 0.218342 0.967456 -0.127888 96.865219 0.808759 -0.106054 0.578499 11.486916 0.000000 0.000000 0.000000 1.000000
0.570489 -0.228922 -0.788756 -2.663751 0.204819 0.969682 -0.133292 96.943512 0.795356 -0.085510 0.600081 11.770865 0.000000 0.000000 0.000000 1.000000
0.622852 -0.217909 -0.751380 -2.176638 0.185273 0.974190 -0.128946 97.098137 0.760085 -0.058897 0.647149 11.949709 0.000000 0.000000 0.000000 1.000000
0.705687 -0.194800 -0.681218 -1.945368 0.163056 0.980306 -0.111414 97.553284 0.689506 -0.032453 0.723553 11.986567 0.000000 0.000000 0.000000 1.000000
0.806439 -0.161591 -0.568809 -1.830459 0.136410 0.986830 -0.086947 98.250000 0.575368 -0.007474 0.817861 11.992242 0.000000 0.000000 0.000000 1.000000
0.904153 -0.122505 -0.409269 -1.799256 0.103584 0.992281 -0.068179 98.991508 0.414462 0.019251 0.909863 11.974298 0.000000 0.000000 0.000000 1.000000
0.973600 -0.086742 -0.211138 -2.041936 0.074183 0.995011 -0.066707 100.026009 0.215871 0.049283 0.975177 11.560192 0.000000 0.000000 0.000000 1.000000
0.998280 -0.058019 -0.008415 -2.336957 0.057223 0.995511 -0.075391 101.070824 0.012752 0.074780 0.997119 10.440632 0.000000 0.000000 0.000000 1.000000
0.987008 -0.028342 0.158149 -2.214541 0.042712 0.995185 -0.088222 101.561752 -0.154887 0.093831 0.983466 8.827211 0.000000 0.000000 0.000000 1.000000
0.961945 0.015603 0.272799 -1.847368 0.016268 0.993327 -0.114178 101.345192 -0.272760 0.114271 0.955272 6.952297 0.000000 0.000000 0.000000 1.000000
0.937936 0.065691 0.340530 -1.670931 -0.014087 0.988303 -0.151853 100.704460 -0.346522 0.137631 0.927890 5.165384 0.000000 0.000000 0.000000 1.000000
0.924264 0.091630 0.370595 -2.024223 -0.015485 0.978967 -0.203431 100.232300 -0.381440 0.182285 0.906243 4.062886 0.000000 0.000000 0.000000 1.000000
0.917033 0.097434 0.386726 -2.792316 0.007767 0.965150 -0.261582 99.842468 -0.398735 0.242883 0.884318 3.683524 0.000000 0.000000 0.000000 1.000000
0.903615 0.108561 0.414360 -3.630365 0.025319 0.952122 -0.304667 98.832138 -0.427596 0.285793 0.857604 3.664340 0.000000 0.000000 0.000000 1.000000
0.879085 0.128857 0.458917 -4.438999 0.030283 0.945725 -0.323554 97.081451 -0.475701 0.298329 0.827471 3.847681 0.000000 0.000000 0.000000 1.000000
0.853188 0.152567 0.498792 -5.241461 0.028376 0.941275 -0.336447 95.071823 -0.520831 0.301207 0.798755 4.290025 0.000000 0.000000 0.000000 1.000000
0.836226 0.187677 0.515271 -5.952285 0.013890 0.932064 -0.362028 93.186325 -0.548209 0.309894 0.776809 4.795473 0.000000 0.000000 0.000000 1.000000
0.827239 0.226743 0.514065 -6.569386 -0.005140 0.917966 -0.396625 91.464874 -0.561826 0.325461 0.760543 5.074161 0.000000 0.000000 0.000000 1.000000
0.826400 0.252510 0.503291 -7.071183 -0.018584 0.905557 -0.423818 90.116737 -0.562777 0.340890 0.753045 5.111634 0.000000 0.000000 0.000000 1.000000
0.835711 0.257606 0.485001 -7.321982 -0.027732 0.901823 -0.431214 89.365417 -0.548469 0.346920 0.760808 4.969476 0.000000 0.000000 0.000000 1.000000
0.854460 0.242338 0.459534 -7.304782 -0.029373 0.905658 -0.422989 89.413200 -0.518687 0.347930 0.780967 4.590389 0.000000 0.000000 0.000000 1.000000
0.878312 0.216966 0.426021 -7.136126 -0.024831 0.910593 -0.412558 89.989960 -0.477442 0.351776 0.805172 3.923512 0.000000 0.000000 0.000000 1.000000
0.905343 0.188839 0.380387 -6.966278 -0.025594 0.918333 -0.394980 90.562149 -0.423910 0.347857 0.836239 2.931031 0.000000 0.000000 0.000000 1.000000
0.931697 0.167635 0.322241 -7.022359 -0.039993 0.929087 -0.367692 90.983475 -0.361028 0.329690 0.872332 1.658051 0.000000 0.000000 0.000000 1.000000
0.954119 0.151614 0.258206 -7.277760 -0.059133 0.940756 -0.333889 91.515190 -0.293531 0.303302 0.906558 0.319824 0.000000 0.000000 0.000000 1.000000
0.974200 0.128213 0.185731 -7.181153 -0.068926 0.952664 -0.296108 92.347046 -0.214904 0.275666 0.936923 -0.836649 0.000000 0.000000 0.000000 1.000000
0.989229 0.104085 0.102914 -6.975559 -0.073854 0.961961 -0.263014 93.386093 -0.126376 0.252581 0.959287 -1.867725 0.000000 0.000000 0.000000 1.000000
0.996447 0.082453 0.017157 -7.296009 -0.076033 0.968342 -0.237765 94.531433 -0.036219 0.235616 0.971171 -2.988101 0.000000 0.000000 0.000000 1.000000
0.995597 0.065365 -0.067184 -7.782866 -0.078342 0.973794 -0.213511 95.701721 0.051468 0.217834 0.974628 -4.006995 0.000000 0.000000 0.000000 1.000000
0.988041 0.052324 -0.145042 -8.217495 -0.079085 0.979477 -0.185392 96.749626 0.132365 0.194646 0.971901 -4.849499 0.000000 0.000000 0.000000 1.000000
0.975785 0.039062 -0.215218 -8.709641 -0.074297 0.984616 -0.158151 97.696915 0.205729 0.170311 0.963675 -5.570681 0.000000 0.000000 0.000000 1.000000
0.961242 0.021461 -0.274869 -9.285534 -0.060899 0.988868 -0.135761 98.624283 0.268895 0.147239 0.951849 -6.198970 0.000000 0.000000 0.000000 1.000000
0.946158 0.002927 -0.323693 -9.702122 -0.043552 0.992019 -0.118332 99.339439 0.320763 0.126058 0.938733 -6.578435 0.000000 0.000000 0.000000 1.000000
0.930836 -0.013993 -0.365170 -9.837477 -0.026356 0.994094 -0.105276 99.726212 0.364486 0.107619 0.924969 -6.660386 0.000000 0.000000 0.000000 1.000000
0.914912 -0.029915 -0.402544 -9.846679 -0.009592 0.995357 -0.095770 99.925308 0.403540 0.091483 0.910377 -6.576231 0.000000 0.000000 0.000000 1.000000
0.898693 -0.043086 -0.436456 -9.815874 0.004954 0.996096 -0.088133 100.051987 0.438549 0.077042 0.895399 -6.363571 0.000000 0.000000 0.000000 1.000000
0.883613 -0.054314 -0.465058 -9.774794 0.017429 0.996376 -0.083251 100.135643 0.467894 0.065457 0.881357 -6.092889 0.000000 0.000000 0.000000 1.000000
0.869965 -0.064752 -0.488844 -9.674739 0.028251 0.996258 -0.081687 100.103806 0.492304 0.057254 0.868538 -5.848651 0.000000 0.000000 0.000000 1.000000
0.857233 -0.073435 -0.509665 -9.420992 0.037614 0.996065 -0.080253 99.971481 0.513552 0.049625 0.856622 -5.617139 0.000000 0.000000 0.000000 1.000000
0.847083 -0.079967 -0.525410 -9.035747 0.043873 0.995763 -0.080822 99.813911 0.529646 0.045412 0.847002 -5.381063 0.000000 0.000000 0.000000 1.000000
0.840302 -0.085213 -0.535379 -8.577551 0.045764 0.995194 -0.086570 99.587601 0.540183 0.048243 0.840164 -5.147120 0.000000 0.000000 0.000000 1.000000
0.836846 -0.089971 -0.539994 -8.048598 0.045078 0.994377 -0.095820 99.306686 0.545579 0.055845 0.836197 -4.909984 0.000000 0.000000 0.000000 1.000000
0.838181 -0.093819 -0.537262 -7.450371 0.043035 0.993399 -0.106334 99.037674 0.543692 0.066006 0.836685 -4.686598 0.000000 0.000000 0.000000 1.000000
0.844426 -0.095926 -0.527014 -6.788083 0.039770 0.992347 -0.116904 98.772263 0.534194 0.077757 0.841778 -4.473029 0.000000 0.000000 0.000000 1.000000
0.852906 -0.096441 -0.513079 -6.081245 0.034904 0.991124 -0.128276 98.504280 0.520896 0.091499 0.848702 -4.259558 0.000000 0.000000 0.000000 1.000000
0.862096 -0.096387 -0.497494 -5.383226 0.028151 0.989337 -0.142897 98.249779 0.505963 0.109186 0.855617 -4.091260 0.000000 0.000000 0.000000 1.000000
0.872283 -0.095971 -0.479492 -4.703243 0.021571 0.987150 -0.158337 97.981720 0.488526 0.127771 0.863144 -3.936925 0.000000 0.000000 0.000000 1.000000
0.882440 -0.093216 -0.461096 -3.955995 0.014908 0.985220 -0.170645 97.706024 0.470188 0.143710 0.870787 -3.714885 0.000000 0.000000 0.000000 1.000000
0.891923 -0.086438 -0.443849 -3.143327 0.006133 0.983782 -0.179265 97.449028 0.452146 0.157168 0.877987 -3.441224 0.000000 0.000000 0.000000 1.000000
0.901085 -0.077320 -0.426694 -2.370876 -0.002743 0.982939 -0.183909 97.139282 0.433634 0.166888 0.885500 -3.136968 0.000000 0.000000 0.000000 1.000000
0.909353 -0.068703 -0.410313 -1.647270 -0.009600 0.982542 -0.185792 96.808983 0.415914 0.172889 0.892818 -2.795012 0.000000 0.000000 0.000000 1.000000
0.916543 -0.061251 -0.395218 -0.889403 -0.014592 0.982423 -0.186097 96.620171 0.399670 0.176333 0.899539 -2.412431 0.000000 0.000000 0.000000 1.000000
0.922767 -0.054108 -0.381540 -0.166005 -0.019050 0.982478 -0.185404 96.513191 0.384886 0.178353 0.905568 -2.021203 0.000000 0.000000 0.000000 1.000000
0.927975 -0.047496 -0.369602 0.388386 -0.022697 0.982798 -0.183282 96.370262 0.371949 0.178470 0.910935 -1.679951 0.000000 0.000000 0.000000 1.000000
0.932657 -0.043110 -0.358178 0.812934 -0.024538 0.982955 -0.182200 96.261238 0.359928 0.178719 0.915703 -1.440166 0.000000 0.000000 0.000000 1.000000
0.936629 -0.040001 -0.348032 1.116863 -0.025771 0.982900 -0.182326 96.151680 0.349374 0.179741 0.919582 -1.336869 0.000000 0.000000 0.000000 1.000000
0.939262 -0.035934 -0.341315 1.326848 -0.028550 0.982876 -0.182043 96.150574 0.342012 0.180731 0.922152 -1.354085 0.000000 0.000000 0.000000 1.000000
0.940631 -0.032336 -0.337887 1.378069 -0.032658 0.982212 -0.184912 96.329384 0.337856 0.184969 0.922843 -1.490291 0.000000 0.000000 0.000000 1.000000
0.942984 -0.023338 -0.332020 1.272715 -0.042788 0.980761 -0.190463 96.611130 0.330077 0.193810 0.923844 -1.669338 0.000000 0.000000 0.000000 1.000000
0.944597 -0.013819 -0.327941 1.026471 -0.052363 0.979973 -0.192120 97.031776 0.324028 0.198648 0.924957 -1.874392 0.000000 0.000000 0.000000 1.000000
0.945794 -0.004759 -0.324733 0.745273 -0.061183 0.979378 -0.192550 97.560181 0.318953 0.201981 0.925998 -2.046723 0.000000 0.000000 0.000000 1.000000</float_array>
        <technique_common>
          <accessor source="#mixamorig_Hips-Matrix-animation-output-transform-array" count="80" stride="16">
            <param type="float4x4"/>
          </accessor>
        </technique_common>
      </source>
      <source id="mixamorig_Hips-Interpolations">
        <Name_array id="mixamorig_Hips-Interpolations-array" count="80">
 LINEAR LINEAR LINEAR LINEAR LINEAR LINEAR LINEAR LINEAR LINEAR LINEAR LINEAR
LINEAR LINEAR LINEAR LINEAR LINEAR LINEAR LINEAR LINEAR LINEAR LINEAR LINEAR LINEAR
LINEAR LINEAR LINEAR LINEAR LINEAR LINEAR LINEAR LINEAR LINEAR LINEAR LINEAR LINEAR
LINEAR LINEAR LINEAR LINEAR LINEAR LINEAR LINEAR LINEAR LINEAR LINEAR LINEAR LINEAR
LINEAR LINEAR LINEAR LINEAR LINEAR LINEAR LINEAR LINEAR LINEAR LINEAR LINEAR LINEAR
LINEAR LINEAR LINEAR LINEAR LINEAR LINEAR LINEAR LINEAR LINEAR LINEAR LINEAR LINEAR
LINEAR LINEAR LINEAR LINEAR LINEAR LINEAR LINEAR LINEAR LINEAR</Name_array>
        <technique_common>
          <accessor source="#mixamorig_Hips-Interpolations-array" count="80">
            <param type="name"/>
          </accessor>
        </technique_common>
      </source>
      <sampler id="mixamorig_Hips-Matrix-animation-transform">
        <input semantic="INPUT" source="#mixamorig_Hips-Matrix-animation-input"/>
        <input semantic="OUTPUT" source="#mixamorig_Hips-Matrix-animation-output-transform"/>
        <input semantic="INTERPOLATION" source="#mixamorig_Hips-Interpolations"/>
      </sampler>
      <channel source="#mixamorig_Hips-Matrix-animation-transform" target="mixamorig_Hips/matrix"/>
    </animation>
    <animation id="mixamorig_Spine-anim" name="mixamorig_Spine">
      <source id="mixamorig_Spine-Matrix-animation-input">
        <float_array id="mixamorig_Spine-Matrix-animation-input-array" count="80">

0.000000 0.033333 0.066667 0.100000 0.133333 0.166667 0.200000 0.233333 0.266667 0.300000 0.333333 0.366667 0.400000 0.433333 0.466667 0.500000
0.533333 0.566667 0.600000 0.633333 0.666667 0.700000 0.733333 0.766667 0.800000 0.833333 0.866667 0.900000 0.933333 0.966667 1.000000 1.033333
1.066667 1.100000 1.133333 1.166667 1.200000 1.233333 1.266667 1.300000 1.333333 1.366667 1.400000 1.433333 1.466667 1.500000 1.533333 1.566667
1.600000 1.633333 1.666667 1.700000 1.733333 1.766667 1.800000 1.833333 1.866667 1.900000 1.933333 1.966667 2.000000 2.033333 2.066667 2.100000
2.133333 2.166667 2.200000 2.233333 2.266667 2.300000 2.333333 2.366667 2.400000 2.433333 2.466667 2.500000 2.533333 2.566667 2.600000 2.633333</float_array>
        <technique_common>
          <accessor source="#mixamorig_Spine-Matrix-animation-input-array" count="80">
            <param name="TIME" type="float"/>
          </accessor>
        </technique_common>
      </source>
      <source id="mixamorig_Spine-Matrix-animation-output-transform">
        <float_array id="mixamorig_Spine-Matrix-animation-output-transform-array" count="1280">

0.999403 -0.033234 -0.009462 -0.023000 0.032731 0.998255 -0.049150 13.157000 0.011079 0.048811 0.998747 0.957400 0.000000 0.000000 0.000000 1.000000
0.999506 -0.031081 -0.004671 -0.023000 0.030829 0.998437 -0.046620 13.157000 0.006113 0.046453 0.998902 0.957400 0.000000 0.000000 0.000000 1.000000
0.999565 -0.029352 0.002751 -0.023000 0.029443 0.998643 -0.042950 13.157000 -0.001487 0.043013 0.999073 0.957400 0.000000 0.000000 0.000000 1.000000
0.999473 -0.029911 0.012641 -0.023000 0.030371 0.998818 -0.037953 13.157000 -0.011491 0.038316 0.999200 0.957400 0.000000 0.000000 0.000000 1.000000
0.999193 -0.035306 0.019175 -0.023000 0.035872 0.998906 -0.029990 13.157000 -0.018096 0.030653 0.999366 0.957400 0.000000 0.000000 0.000000 1.000000
0.998798 -0.045783 0.017518 -0.023000 0.046072 0.998803 -0.016456 13.157000 -0.016744 0.017243 0.999711 0.957400 0.000000 0.000000 0.000000 1.000000
0.998431 -0.053784 0.015599 -0.023000 0.053735 0.998549 0.003553 13.157000 -0.015767 -0.002709 0.999872 0.957400 0.000000 0.000000 0.000000 1.000000
0.998239 -0.058471 0.010011 -0.023000 0.058218 0.998016 0.023968 13.157000 -0.011393 -0.023343 0.999663 0.957400 0.000000 0.000000 0.000000 1.000000
0.997711 -0.066214 -0.013695 -0.023000 0.066768 0.996754 0.044981 13.157000 0.010672 -0.045792 0.998894 0.957400 0.000000 0.000000 0.000000 1.000000
0.995924 -0.077472 -0.046196 -0.023000 0.080612 0.994249 0.070498 13.157000 0.040468 -0.073935 0.996442 0.957400 0.000000 0.000000 0.000000 1.000000
0.991786 -0.096079 -0.084441 -0.023000 0.104170 0.989788 0.097302 13.157000 0.074230 -0.105298 0.991666 0.957400 0.000000 0.000000 0.000000 1.000000
0.986572 -0.112415 -0.118488 -0.023000 0.125879 0.985584 0.113044 13.157000 0.104072 -0.126441 0.986500 0.957400 0.000000 0.000000 0.000000 1.000000
0.982293 -0.124349 -0.140138 -0.023000 0.141788 0.982324 0.122213 13.157000 0.122464 -0.139919 0.982561 0.957400 0.000000 0.000000 0.000000 1.000000
0.978658 -0.131257 -0.158115 -0.023000 0.151478 0.980722 0.123446 13.157000 0.138864 -0.144763 0.979674 0.957400 0.000000 0.000000 0.000000 1.000000
0.974018 -0.139733 -0.178223 -0.023000 0.162271 0.979566 0.118821 13.157000 0.157978 -0.144654 0.976790 0.957400 0.000000 0.000000 0.000000 1.000000
0.968621 -0.152458 -0.196289 -0.023000 0.176288 0.978152 0.110190 13.157000 0.175201 -0.141336 0.974335 0.957400 0.000000 0.000000 0.000000 1.000000
0.964117 -0.158311 -0.213112 -0.023000 0.183379 0.977589 0.103397 13.157000 0.191967 -0.138767 0.971541 0.957400 0.000000 0.000000 0.000000 1.000000
0.961084 -0.156635 -0.227559 -0.023000 0.182975 0.978064 0.099557 13.157000 0.206973 -0.137320 0.968662 0.957400 0.000000 0.000000 0.000000 1.000000
0.959292 -0.157083 -0.234701 -0.023000 0.183800 0.978212 0.096535 13.157000 0.214423 -0.135743 0.967262 0.957400 0.000000 0.000000 0.000000 1.000000
0.958821 -0.158894 -0.235403 -0.023000 0.185457 0.978027 0.095228 13.157000 0.215100 -0.134964 0.967221 0.957400 0.000000 0.000000 0.000000 1.000000
0.959238 -0.158196 -0.234170 -0.023000 0.184944 0.977958 0.096923 13.157000 0.213676 -0.136281 0.967352 0.957400 0.000000 0.000000 0.000000 1.000000
0.960191 -0.156117 -0.231647 -0.023000 0.183599 0.977682 0.102129 13.157000 0.210533 -0.140593 0.967424 0.957400 0.000000 0.000000 0.000000 1.000000
0.962318 -0.148299 -0.227930 -0.023000 0.177228 0.977766 0.112087 13.157000 0.206240 -0.148259 0.967204 0.957400 0.000000 0.000000 0.000000 1.000000
0.966059 -0.135522 -0.219918 -0.023000 0.165253 0.978564 0.122899 13.157000 0.198548 -0.155070 0.967746 0.957400 0.000000 0.000000 0.000000 1.000000
0.974359 -0.118488 -0.191272 -0.023000 0.145101 0.980613 0.131696 13.157000 0.171959 -0.156073 0.972662 0.957400 0.000000 0.000000 0.000000 1.000000
0.986302 -0.088916 -0.138933 -0.023000 0.108395 0.984258 0.139596 13.157000 0.124334 -0.152744 0.980413 0.957400 0.000000 0.000000 0.000000 1.000000
0.995850 -0.053862 -0.073365 -0.023000 0.063339 0.989000 0.133665 13.157000 0.065358 -0.137757 0.988307 0.957400 0.000000 0.000000 0.000000 1.000000
0.999347 -0.036109 -0.001560 -0.023000 0.036065 0.993439 0.108528 13.157000 -0.002369 -0.108513 0.994092 0.957400 0.000000 0.000000 0.000000 1.000000
0.996882 -0.048592 0.062164 -0.023000 0.043192 0.995406 0.085450 13.157000 -0.066031 -0.082498 0.994401 0.957400 0.000000 0.000000 0.000000 1.000000
0.990011 -0.085167 0.112357 -0.023000 0.076817 0.994093 0.076668 13.157000 -0.118223 -0.067272 0.990706 0.957400 0.000000 0.000000 0.000000 1.000000
0.981890 -0.112182 0.152669 -0.023000 0.103099 0.992466 0.066189 13.157000 -0.158944 -0.049250 0.986058 0.957400 0.000000 0.000000 0.000000 1.000000
0.977360 -0.109497 0.181047 -0.023000 0.102638 0.993615 0.046856 13.157000 -0.185021 -0.027213 0.982358 0.957400 0.000000 0.000000 0.000000 1.000000
0.972688 -0.107099 0.205931 -0.023000 0.103734 0.994236 0.027102 13.157000 -0.207646 -0.005000 0.978191 0.957400 0.000000 0.000000 0.000000 1.000000
0.961354 -0.116932 0.249250 -0.023000 0.118455 0.992919 0.008937 13.157000 -0.248530 0.020934 0.968398 0.957400 0.000000 0.000000 0.000000 1.000000
0.953227 -0.122385 0.276370 -0.023000 0.132615 0.990994 -0.018558 13.157000 -0.271609 0.054340 0.960872 0.957400 0.000000 0.000000 0.000000 1.000000
0.961744 -0.112303 0.249874 -0.023000 0.131774 0.989304 -0.062556 13.157000 -0.240176 0.093089 0.966256 0.957400 0.000000 0.000000 0.000000 1.000000
0.974648 -0.092340 0.203798 -0.023000 0.116029 0.987410 -0.107510 13.157000 -0.191305 0.128431 0.973092 0.957400 0.000000 0.000000 0.000000 1.000000
0.985268 -0.068493 0.156701 -0.023000 0.091783 0.984931 -0.146583 13.157000 -0.144300 0.158806 0.976708 0.957400 0.000000 0.000000 0.000000 1.000000
0.994258 -0.040921 0.098875 -0.023000 0.058461 0.981633 -0.181600 13.157000 -0.089628 0.186338 0.978389 0.957400 0.000000 0.000000 0.000000 1.000000
0.998818 -0.013411 0.046718 -0.023000 0.022605 0.979078 -0.202224 13.157000 -0.043028 0.203041 0.978224 0.957400 0.000000 0.000000 0.000000 1.000000
0.999826 0.005585 0.017802 -0.023000 -0.001894 0.979599 -0.200952 13.157000 -0.018561 0.200883 0.979439 0.957400 0.000000 0.000000 0.000000 1.000000
0.999866 0.015070 0.006460 -0.023000 -0.013620 0.982750 -0.184436 13.157000 -0.009128 0.184323 0.982823 0.957400 0.000000 0.000000 0.000000 1.000000
0.999890 0.014846 0.000057 -0.023000 -0.014646 0.987049 -0.159748 13.157000 -0.002428 0.159730 0.987158 0.957400 0.000000 0.000000 0.000000 1.000000
0.999972 0.007226 -0.001679 -0.023000 -0.007387 0.990849 -0.134774 13.157000 0.000690 0.134782 0.990875 0.957400 0.000000 0.000000 0.000000 1.000000
0.999932 -0.000343 0.011650 -0.023000 0.001693 0.993237 -0.116093 13.157000 -0.011531 0.116104 0.993170 0.957400 0.000000 0.000000 0.000000 1.000000
0.999567 -0.006628 0.028665 -0.023000 0.009403 0.995162 -0.097799 13.157000 -0.027878 0.098026 0.994793 0.957400 0.000000 0.000000 0.000000 1.000000
0.999630 -0.008372 0.025868 -0.023000 0.010425 0.996720 -0.080252 13.157000 -0.025112 0.080492 0.996439 0.957400 0.000000 0.000000 0.000000 1.000000
0.999836 -0.016615 0.007273 -0.023000 0.017061 0.997655 -0.066286 13.157000 -0.006154 0.066399 0.997774 0.957400 0.000000 0.000000 0.000000 1.000000
0.999442 -0.030612 -0.013374 -0.023000 0.029824 0.998009 -0.055573 13.157000 0.015049 0.055143 0.998365 0.957400 0.000000 0.000000 0.000000 1.000000
0.998710 -0.039183 -0.032301 -0.023000 0.037579 0.998098 -0.048874 13.157000 0.034154 0.047597 0.998283 0.957400 0.000000 0.000000 0.000000 1.000000
0.998056 -0.038293 -0.049180 -0.023000 0.036150 0.998389 -0.043733 13.157000 0.050776 0.041870 0.997832 0.957400 0.000000 0.000000 0.000000 1.000000
0.997318 -0.038802 -0.062053 -0.023000 0.036457 0.998594 -0.038483 13.157000 0.063458 0.036118 0.997331 0.957400 0.000000 0.000000 0.000000 1.000000
0.996481 -0.045870 -0.070150 -0.023000 0.043616 0.998492 -0.033330 13.157000 0.071573 0.030153 0.996979 0.957400 0.000000 0.000000 0.000000 1.000000
0.995671 -0.054028 -0.075630 -0.023000 0.052060 0.998258 -0.027756 13.157000 0.076998 0.023699 0.996750 0.957400 0.000000 0.000000 0.000000 1.000000
0.994677 -0.062554 -0.081876 -0.023000 0.060924 0.997894 -0.022253 13.157000 0.083096 0.017147 0.996394 0.957400 0.000000 0.000000 0.000000 1.000000
0.993537 -0.069964 -0.089380 -0.023000 0.068718 0.997492 -0.016942 13.157000 0.090341 0.010690 0.995854 0.957400 0.000000 0.000000 0.000000 1.000000
0.992713 -0.075022 -0.094301 -0.023000 0.074217 0.997170 -0.012013 13.157000 0.094935 0.004926 0.995471 0.957400 0.000000 0.000000 0.000000 1.000000
0.992423 -0.077711 -0.095175 -0.023000 0.077179 0.996974 -0.009266 13.157000 0.095607 0.001850 0.995417 0.957400 0.000000 0.000000 0.000000 1.000000
0.992401 -0.078737 -0.094558 -0.023000 0.078269 0.996895 -0.008650 13.157000 0.094945 0.001183 0.995482 0.957400 0.000000 0.000000 0.000000 1.000000
0.992346 -0.080893 -0.093307 -0.023000 0.080400 0.996722 -0.009044 13.157000 0.093732 0.001472 0.995596 0.957400 0.000000 0.000000 0.000000 1.000000
0.992193 -0.084466 -0.091756 -0.023000 0.083924 0.996424 -0.009762 13.157000 0.092252 0.001985 0.995734 0.957400 0.000000 0.000000 0.000000 1.000000
0.992167 -0.087196 -0.089456 -0.023000 0.086611 0.996188 -0.010407 13.157000 0.090022 0.002578 0.995936 0.957400 0.000000 0.000000 0.000000 1.000000
0.992313 -0.089302 -0.085676 -0.023000 0.088663 0.995998 -0.011245 13.157000 0.086337 0.003562 0.996260 0.957400 0.000000 0.000000 0.000000 1.000000
0.992476 -0.091710 -0.081116 -0.023000 0.090976 0.995772 -0.012714 13.157000 0.081939 0.005238 0.996624 0.957400 0.000000 0.000000 0.000000 1.000000
0.992684 -0.092812 -0.077225 -0.023000 0.092055 0.995665 -0.013307 13.157000 0.078126 0.006100 0.996925 0.957400 0.000000 0.000000 0.000000 1.000000
0.993096 -0.090914 -0.074127 -0.023000 0.090229 0.995842 -0.012545 13.157000 0.074959 0.005770 0.997170 0.957400 0.000000 0.000000 0.000000 1.000000
0.993310 -0.089896 -0.072483 -0.023000 0.089146 0.995927 -0.013521 13.157000 0.073403 0.006969 0.997278 0.957400 0.000000 0.000000 0.000000 1.000000
0.993364 -0.091086 -0.070224 -0.023000 0.090127 0.995790 -0.016717 13.157000 0.071451 0.010277 0.997391 0.957400 0.000000 0.000000 0.000000 1.000000
0.993924 -0.089523 -0.064043 -0.023000 0.088370 0.995874 -0.020621 13.157000 0.065624 0.014836 0.997734 0.957400 0.000000 0.000000 0.000000 1.000000
0.994831 -0.084804 -0.055852 -0.023000 0.083548 0.996204 -0.024442 13.157000 0.057713 0.019650 0.998140 0.957400 0.000000 0.000000 0.000000 1.000000
0.995547 -0.081597 -0.047192 -0.023000 0.080289 0.996350 -0.028979 13.157000 0.049384 0.025061 0.998465 0.957400 0.000000 0.000000 0.000000 1.000000
0.996053 -0.079895 -0.038674 -0.023000 0.078597 0.996326 -0.034009 13.157000 0.041249 0.030835 0.998673 0.957400 0.000000 0.000000 0.000000 1.000000
0.996646 -0.075756 -0.030950 -0.023000 0.074535 0.996461 -0.038869 13.157000 0.033785 0.036432 0.998765 0.957400 0.000000 0.000000 0.000000 1.000000
0.997222 -0.069591 -0.026567 -0.023000 0.068398 0.996712 -0.043449 13.157000 0.029503 0.041512 0.998702 0.957400 0.000000 0.000000 0.000000 1.000000
0.997701 -0.062781 -0.025526 -0.023000 0.061518 0.996972 -0.047570 13.157000 0.028436 0.045891 0.998542 0.957400 0.000000 0.000000 0.000000 1.000000
0.998045 -0.057453 -0.024602 -0.023000 0.056135 0.997107 -0.051253 13.157000 0.027476 0.049771 0.998383 0.957400 0.000000 0.000000 0.000000 1.000000
0.998340 -0.053310 -0.021817 -0.023000 0.052105 0.997260 -0.052512 13.157000 0.024556 0.051288 0.998382 0.957400 0.000000 0.000000 0.000000 1.000000
0.998845 -0.045243 -0.016158 -0.023000 0.044375 0.997735 -0.050547 13.157000 0.018409 0.049772 0.998591 0.957400 0.000000 0.000000 0.000000 1.000000
0.999198 -0.038067 -0.012413 -0.023000 0.037404 0.998058 -0.049820 13.157000 0.014285 0.049316 0.998681 0.957400 0.000000 0.000000 0.000000 1.000000
0.999403 -0.033234 -0.009462 -0.023000 0.032730 0.998255 -0.049150 13.157000 0.011079 0.048811 0.998747 0.957400 0.000000 0.000000 0.000000 1.000000</float_array>
        <technique_common>
          <accessor source="#mixamorig_Spine-Matrix-animation-output-transform-array" count="80" stride="16">
            <param type="float4x4"/>
          </accessor>
        </technique_common>
      </source>
      <source id="mixamorig_Spine-Interpolations">
        <Name_array id="mixamorig_Spine-Interpolations-array" count="80">
 LINEAR LINEAR LINEAR LINEAR LINEAR LINEAR LINEAR LINEAR LINEAR LINEAR LINEAR
LINEAR LINEAR LINEAR LINEAR LINEAR LINEAR LINEAR LINEAR LINEAR LINEAR LINEAR LINEAR
LINEAR LINEAR LINEAR LINEAR LINEAR LINEAR LINEAR LINEAR LINEAR LINEAR LINEAR LINEAR
LINEAR LINEAR LINEAR LINEAR LINEAR LINEAR LINEAR LINEAR LINEAR LINEAR LINEAR LINEAR
LINEAR LINEAR LINEAR LINEAR LINEAR LINEAR LINEAR LINEAR LINEAR LINEAR LINEAR LINEAR
LINEAR LINEAR LINEAR LINEAR LINEAR LINEAR LINEAR LINEAR LINEAR LINEAR LINEAR LINEAR
LINEAR LINEAR LINEAR LINEAR LINEAR LINEAR LINEAR LINEAR LINEAR</Name_array>
        <technique_common>
          <accessor source="#mixamorig_Spine-Interpolations-array" count="80">
            <param type="name"/>
          </accessor>
        </technique_common>
      </source>
      <sampler id="mixamorig_Spine-Matrix-animation-transform">
        <input semantic="INPUT" source="#mixamorig_Spine-Matrix-animation-input"/>
        <input semantic="OUTPUT" source="#mixamorig_Spine-Matrix-animation-output-transform"/>
        <input semantic="INTERPOLATION" source="#mixamorig_Spine-Interpolations"/>
      </sampler>
      <channel source="#mixamorig_Spine-Matrix-animation-transform" target="mixamorig_Spine/matrix"/>
    </animation>
    <animation id="mixamorig_Spine1-anim" name="mixamorig_Spine1">
      <source id="mixamorig_Spine1-Matrix-animation-input">
        <float_array id="mixamorig_Spine1-Matrix-animation-input-array" count="80">

0.000000 0.033333 0.066667 0.100000 0.133333 0.166667 0.200000 0.233333 0.266667 0.300000 0.333333 0.366667 0.400000 0.433333 0.466667 0.500000
0.533333 0.566667 0.600000 0.633333 0.666667 0.700000 0.733333 0.766667 0.800000 0.833333 0.866667 0.900000 0.933333 0.966667 1.000000 1.033333
1.066667 1.100000 1.133333 1.166667 1.200000 1.233333 1.266667 1.300000 1.333333 1.366667 1.400000 1.433333 1.466667 1.500000 1.533333 1.566667
1.600000 1.633333 1.666667 1.700000 1.733333 1.766667 1.800000 1.833333 1.866667 1.900000 1.933333 1.966667 2.000000 2.033333 2.066667 2.100000
2.133333 2.166667 2.200000 2.233333 2.266667 2.300000 2.333333 2.366667 2.400000 2.433333 2.466667 2.500000 2.533333 2.566667 2.600000 2.633333</float_array>
        <technique_common>
          <accessor source="#mixamorig_Spine1-Matrix-animation-input-array" count="80">
            <param name="TIME" type="float"/>
          </accessor>
        </technique_common>
      </source>
      <source id="mixamorig_Spine1-Matrix-animation-output-transform">
        <float_array id="mixamorig_Spine1-Matrix-animation-output-transform-array" count="1280">

0.999458 -0.025664 -0.020616 0.000000 0.023077 0.992842 -0.117187 9.894900 0.023476 0.116648 0.992896 0.000000 0.000000 0.000000 0.000000 1.000000
0.999571 -0.023789 -0.017074 0.000000 0.021675 0.993149 -0.114830 9.894900 0.019689 0.114411 0.993238 0.000000 0.000000 0.000000 0.000000 1.000000
0.999693 -0.021912 -0.011556 -0.000000 0.020492 0.993580 -0.111265 9.894900 0.013920 0.110994 0.993724 0.000000 0.000000 0.000000 0.000000 1.000000
0.999778 -0.020612 -0.004426 0.000000 0.020023 0.994110 -0.106511 9.894900 0.006595 0.106399 0.994302 -0.000000 0.000000 0.000000 0.000000 1.000000
0.999753 -0.022220 0.000139 -0.000000 0.022123 0.994764 -0.099779 9.894900 0.002079 0.099758 0.995010 -0.000000 0.000000 0.000000 0.000000 1.000000
0.999599 -0.028313 -0.001060 -0.000000 0.028105 0.995586 -0.089549 9.894900 0.003591 0.089483 0.995982 -0.000000 0.000000 0.000000 0.000000 1.000000
0.999413 -0.034200 -0.002029 0.000000 0.033954 0.996643 -0.074493 9.894900 0.004569 0.074380 0.997220 -0.000000 0.000000 0.000000 0.000000 1.000000
0.999202 -0.039572 -0.005446 0.000000 0.039176 0.997438 -0.059861 9.894900 0.007801 0.059600 0.998192 -0.000000 0.000000 0.000000 0.000000 1.000000
0.998507 -0.049896 -0.022217 0.000000 0.048813 0.997707 -0.046885 9.894900 0.024505 0.045731 0.998653 0.000000 0.000000 0.000000 0.000000 1.000000
0.996840 -0.065020 -0.045640 -0.000000 0.063647 0.997493 -0.030924 9.894900 0.047536 0.027922 0.998479 0.000000 0.000000 0.000000 0.000000 1.000000
0.993784 -0.083782 -0.073306 0.000000 0.083135 0.996468 -0.011835 9.894900 0.074038 0.005668 0.997239 0.000000 0.000000 0.000000 0.000000 1.000000
0.990413 -0.097444 -0.097911 0.000000 0.098132 0.995171 0.002227 9.894900 0.097221 -0.011814 0.995193 0.000000 0.000000 0.000000 0.000000 1.000000
0.987881 -0.105937 -0.113436 0.000000 0.107968 0.994083 0.011892 9.894900 0.111505 -0.023995 0.993474 0.000000 0.000000 0.000000 0.000000 1.000000
0.985706 -0.111534 -0.126265 0.000000 0.114201 0.993358 0.014063 9.894900 0.123858 -0.028281 0.991897 -0.000000 0.000000 0.000000 0.000000 1.000000
0.982908 -0.119024 -0.140446 -0.000000 0.121856 0.992479 0.011711 9.894900 0.137996 -0.028625 0.990019 0.000000 0.000000 0.000000 0.000000 1.000000
0.979912 -0.127796 -0.153102 0.000000 0.130479 0.991422 0.007564 9.894900 0.150822 -0.027389 0.988181 0.000000 0.000000 0.000000 0.000000 1.000000
0.977399 -0.131531 -0.165499 0.000000 0.134155 0.990949 0.004725 9.894900 0.163380 -0.026821 0.986199 0.000000 0.000000 0.000000 0.000000 1.000000
0.975444 -0.131798 -0.176463 0.000000 0.134375 0.990927 0.002681 9.894900 0.174509 -0.026327 0.984304 -0.000000 0.000000 0.000000 0.000000 1.000000
0.974109 -0.134601 -0.181645 0.000000 0.136930 0.990581 0.000284 9.894900 0.179895 -0.025150 0.983364 0.000000 0.000000 0.000000 0.000000 1.000000
0.973579 -0.137942 -0.181979 0.000000 0.140096 0.990137 -0.001028 9.894900 0.180326 -0.024494 0.983302 -0.000000 0.000000 0.000000 0.000000 1.000000
0.973552 -0.139154 -0.181200 0.000000 0.141489 0.989940 -0.000039 9.894900 0.179382 -0.025599 0.983446 0.000000 0.000000 0.000000 0.000000 1.000000
0.973793 -0.139054 -0.179974 0.000000 0.142031 0.989855 0.003699 9.894900 0.177634 -0.029164 0.983664 0.000000 0.000000 0.000000 0.000000 1.000000
0.974597 -0.134698 -0.178931 0.000000 0.138864 0.990251 0.010910 9.894900 0.175717 -0.035480 0.983801 0.000000 0.000000 0.000000 0.000000 1.000000
0.976663 -0.123730 -0.175558 0.000000 0.128972 0.991471 0.018726 9.894900 0.171744 -0.040931 0.984291 0.000000 0.000000 0.000000 0.000000 1.000000
0.982004 -0.105437 -0.156691 0.000000 0.110507 0.993586 0.023980 9.894900 0.153157 -0.040864 0.987357 0.000000 0.000000 0.000000 0.000000 1.000000
0.989602 -0.078976 -0.120215 -0.000000 0.082644 0.996244 0.025830 9.894900 0.117723 -0.035496 0.992412 0.000000 0.000000 0.000000 0.000000 1.000000
0.995987 -0.051772 -0.073001 0.000000 0.053051 0.998469 0.015686 9.894900 0.072077 -0.019496 0.997209 0.000000 0.000000 0.000000 0.000000 1.000000
0.999128 -0.037477 -0.018383 0.000000 0.037360 0.999279 -0.006694 9.894900 0.018621 0.006002 0.999809 0.000000 0.000000 0.000000 0.000000 1.000000
0.998501 -0.044173 0.032305 0.000000 0.044947 0.998710 -0.023635 9.894900 -0.031220 0.025052 0.999199 0.000000 0.000000 0.000000 0.000000 1.000000
0.995273 -0.064158 0.072901 0.000000 0.066210 0.997465 -0.026085 9.894900 -0.071042 0.030788 0.996998 -0.000000 0.000000 0.000000 0.000000 1.000000
0.991797 -0.073849 0.104333 0.000000 0.077247 0.996593 -0.028907 9.894900 -0.101843 0.036730 0.994122 0.000000 0.000000 0.000000 0.000000 1.000000
0.990362 -0.061858 0.123925 0.000000 0.067481 0.996849 -0.041691 9.894900 -0.120956 0.049652 0.991415 0.000000 0.000000 0.000000 0.000000 1.000000
0.988644 -0.053213 0.140538 -0.000000 0.062151 0.996262 -0.059990 9.894900 -0.136820 0.068043 0.988256 0.000000 0.000000 0.000000 0.000000 1.000000
0.983551 -0.054638 0.172167 0.000000 0.069408 0.994297 -0.080969 9.894900 -0.166761 0.091587 0.981734 0.000000 0.000000 0.000000 0.000000 1.000000
0.979915 -0.055778 0.191455 -0.000000 0.077550 0.991103 -0.108173 9.894900 -0.183718 0.120848 0.975522 -0.000000 0.000000 0.000000 0.000000 1.000000
0.984416 -0.048461 0.169047 0.000000 0.072957 0.987196 -0.141851 9.894900 -0.160008 0.151973 0.975347 0.000000 0.000000 0.000000 0.000000 1.000000
0.990606 -0.035478 0.132066 0.000000 0.058146 0.983385 -0.171967 9.894900 -0.123771 0.178030 0.976210 0.000000 0.000000 0.000000 0.000000 1.000000
0.995254 -0.020006 0.095230 -0.000000 0.038586 0.979546 -0.197485 9.894900 -0.089332 0.200222 0.975670 0.000000 0.000000 0.000000 0.000000 1.000000
0.998691 -0.002493 0.051097 -0.000000 0.013792 0.974953 -0.221981 9.894900 -0.049264 0.222395 0.973711 -0.000000 0.000000 0.000000 0.000000 1.000000
0.999817 0.014161 0.012835 0.000000 -0.010689 0.971044 -0.238661 9.894900 -0.015843 0.238480 0.971018 0.000000 0.000000 0.000000 0.000000 1.000000
0.999663 0.024885 -0.007385 0.000000 -0.025931 0.970349 -0.240313 9.894900 0.001186 0.240423 0.970667 0.000000 0.000000 0.000000 0.000000 1.000000
0.999490 0.028381 -0.014634 0.000000 -0.030988 0.972661 -0.230153 9.894900 0.007702 0.230490 0.973044 0.000000 0.000000 0.000000 0.000000 1.000000
0.999507 0.024958 -0.019064 0.000000 -0.028453 0.976588 -0.213226 9.894900 0.013295 0.213664 0.976817 0.000000 0.000000 0.000000 0.000000 1.000000
0.999633 0.017164 -0.020939 -0.000000 -0.020934 0.980439 -0.195709 9.894900 0.017170 0.196076 0.980438 0.000000 0.000000 0.000000 0.000000 1.000000
0.999882 0.010365 -0.011321 0.000000 -0.012247 0.983326 -0.181438 9.894900 0.009252 0.181555 0.983337 0.000000 0.000000 0.000000 0.000000 1.000000
0.999986 0.005086 0.001727 0.000000 -0.004731 0.986269 -0.165076 9.894900 -0.002543 0.165066 0.986279 0.000000 0.000000 0.000000 0.000000 1.000000
0.999999 -0.000180 0.001249 0.000000 0.000366 0.988621 -0.150431 9.894900 -0.001208 0.150431 0.988620 0.000000 0.000000 0.000000 0.000000 1.000000
0.999893 -0.008677 -0.011792 0.000000 0.006940 0.990114 -0.140095 9.894900 0.012891 0.139998 0.990068 0.000000 0.000000 0.000000 0.000000 1.000000
0.999451 -0.018823 -0.027275 0.000000 0.015084 0.991226 -0.131317 9.894900 0.029507 0.130833 0.990965 0.000000 0.000000 0.000000 0.000000 1.000000
0.998823 -0.026060 -0.040904 -0.000000 0.020740 0.991877 -0.125500 9.894900 0.043842 0.124504 0.991250 0.000000 0.000000 0.000000 0.000000 1.000000
0.998203 -0.029692 -0.052057 0.000000 0.023182 0.992325 -0.121463 9.894900 0.055264 0.120038 0.991230 0.000000 0.000000 0.000000 0.000000 1.000000
0.997591 -0.034150 -0.060386 0.000000 0.026895 0.992752 -0.117131 9.894900 0.063948 0.115225 0.991279 0.000000 0.000000 0.000000 0.000000 1.000000
0.997024 -0.040117 -0.065837 -0.000000 0.032557 0.993159 -0.112138 9.894900 0.069885 0.109661 0.991509 0.000000 0.000000 0.000000 0.000000 1.000000
0.996530 -0.045819 -0.069495 0.000000 0.038244 0.993560 -0.106658 9.894900 0.073934 0.103630 0.991864 0.000000 0.000000 0.000000 0.000000 1.000000
0.995927 -0.051921 -0.073710 -0.000000 0.044298 0.993845 -0.101535 9.894900 0.078529 0.097856 0.992097 0.000000 0.000000 0.000000 0.000000 1.000000
0.995210 -0.057680 -0.078934 0.000000 0.049927 0.994041 -0.096906 9.894900 0.084053 0.092501 0.992159 0.000000 0.000000 0.000000 0.000000 1.000000
