<?xml version="1.0" encoding="utf-8"?>
<COLLADA xmlns="http://www.collada.org/2005/11/COLLADASchema" version="1.4.1">
  <asset>
    <contributor>
      <author>Mixamo</author>
      <authoring_tool>COLLADA Mixamo exporter</authoring_tool>
      <comments/>
    </contributor>
    <created>2025-04-11T16:59:46Z</created>
    <modified>2025-04-11T16:59:46Z</modified>
    <revision/>
    <title/>
    <unit meter="0.010000"/>
    <up_axis>Y_UP</up_axis>
  </asset>
  <library_animations>
    <animation id="mixamorig_Hips-anim" name="mixamorig_Hips">
      <source id="mixamorig_Hips-Matrix-animation-input">
        <float_array id="mixamorig_Hips-Matrix-animation-input-array" count="90">

0.000000 0.033333 0.066667 0.100000 0.133333 0.166667 0.200000 0.233333 0.266667 0.300000 0.333333 0.366667 0.400000 0.433333 0.466667 0.500000
0.533333 0.566667 0.600000 0.633333 0.666667 0.700000 0.733333 0.766667 0.800000 0.833333 0.866667 0.900000 0.933333 0.966667 1.000000 1.033333
1.066667 1.100000 1.133333 1.166667 1.200000 1.233333 1.266667 1.300000 1.333333 1.366667 1.400000 1.433333 1.466667 1.500000 1.533333 1.566667
1.600000 1.633333 1.666667 1.700000 1.733333 1.766667 1.800000 1.833333 1.866667 1.900000 1.933333 1.966667 2.000000 2.033333 2.066667 2.100000
2.133333 2.166667 2.200000 2.233333 2.266667 2.300000 2.333333 2.366667 2.400000 2.433333 2.466667 2.500000 2.533333 2.566667 2.600000 2.633333
2.666667 2.700000 2.733333 2.766667 2.800000 2.833333 2.866667 2.900000 2.933333 2.966667</float_array>
        <technique_common>
          <accessor source="#mixamorig_Hips-Matrix-animation-input-array" count="90">
            <param name="TIME" type="float"/>
          </accessor>
        </technique_common>
      </source>
      <source id="mixamorig_Hips-Matrix-animation-output-transform">
        <float_array id="mixamorig_Hips-Matrix-animation-output-transform-array" count="1440">

0.945791 -0.004729 -0.324741 0.744845 -0.061216 0.979376 -0.192550 97.558800 0.318955 0.201991 0.925995 -2.046634 0.000000 0.000000 0.000000 1.000000
0.957990 0.010529 -0.286607 0.456320 -0.042131 0.993651 -0.104321 97.916389 0.283689 0.112014 0.952352 -0.432206 0.000000 0.000000 0.000000 1.000000
0.975140 0.021889 -0.220507 0.127982 -0.010686 0.998596 0.051874 98.585632 0.221333 -0.048228 0.974005 2.213959 0.000000 0.000000 0.000000 1.000000
0.990828 0.017743 -0.133961 -0.131822 0.010188 0.978712 0.204987 99.165848 0.134746 -0.204472 0.969554 5.065507 0.000000 0.000000 0.000000 1.000000
0.998581 0.010465 -0.052221 -0.398644 0.006106 0.951543 0.307454 99.487236 0.052908 -0.307337 0.950129 7.558888 0.000000 0.000000 0.000000 1.000000
0.999944 0.000876 0.010574 -0.666762 -0.004711 0.929649 0.368416 99.694008 -0.009508 -0.368445 0.929601 9.685927 0.000000 0.000000 0.000000 1.000000
0.997885 -0.016946 0.062763 -0.821232 -0.010105 0.913263 0.407244 99.865883 -0.064221 -0.407017 0.911160 11.409891 0.000000 0.000000 0.000000 1.000000
0.992302 -0.034349 0.118985 -0.965102 -0.020914 0.900487 0.434380 99.828766 -0.122065 -0.433524 0.892836 12.537356 0.000000 0.000000 0.000000 1.000000
0.981917 -0.044038 0.184116 -1.229230 -0.045091 0.890170 0.453392 99.382233 -0.183861 -0.453496 0.872088 12.974588 0.000000 0.000000 0.000000 1.000000
0.964892 -0.051888 0.257471 -1.582926 -0.078319 0.878852 0.470622 98.500076 -0.250698 -0.474264 0.843934 12.821259 0.000000 0.000000 0.000000 1.000000
0.942451 -0.064579 0.328049 -1.982366 -0.110928 0.865198 0.489006 97.266220 -0.315407 -0.497254 0.808243 12.175846 0.000000 0.000000 0.000000 1.000000
0.924826 -0.083608 0.371089 -2.360623 -0.124635 0.855093 0.503271 95.800995 -0.359393 -0.511689 0.780392 11.075549 0.000000 0.000000 0.000000 1.000000
0.920148 -0.109950 0.375817 -2.503740 -0.107310 0.852218 0.512064 93.903694 -0.376579 -0.511504 0.772368 9.361135 0.000000 0.000000 0.000000 1.000000
0.927412 -0.140228 0.346761 -2.255015 -0.066897 0.849934 0.522625 92.048050 -0.368011 -0.507886 0.778858 6.904601 0.000000 0.000000 0.000000 1.000000
0.936699 -0.166228 0.308160 -1.819416 -0.024266 0.847182 0.530749 90.686096 -0.349293 -0.504630 0.789521 3.865610 0.000000 0.000000 0.000000 1.000000
0.940830 -0.182946 0.285255 -1.374163 0.005723 0.850215 0.526404 89.736359 -0.338832 -0.493624 0.800955 0.420977 0.000000 0.000000 0.000000 1.000000
0.942757 -0.191440 0.273055 -0.854081 0.025677 0.858048 0.512927 88.814476 -0.332489 -0.476554 0.813847 -3.353693 0.000000 0.000000 0.000000 1.000000
0.946807 -0.194364 0.256473 -0.214906 0.042192 0.865090 0.499839 87.841667 -0.319023 -0.462430 0.827274 -7.477787 0.000000 0.000000 0.000000 1.000000
0.954831 -0.190015 0.228456 0.367840 0.057371 0.872244 0.485694 86.820404 -0.291559 -0.450649 0.843747 -11.921553 0.000000 0.000000 0.000000 1.000000
0.962025 -0.188690 0.197240 0.670675 0.076212 0.879536 0.469689 85.788040 -0.262105 -0.436820 0.860517 -16.381741 0.000000 0.000000 0.000000 1.000000
0.965203 -0.197617 0.171263 0.684802 0.099703 0.883549 0.457603 84.803909 -0.241750 -0.424604 0.872507 -20.512520 0.000000 0.000000 0.000000 1.000000
0.967573 -0.201374 0.152481 0.545037 0.114207 0.887214 0.446999 83.977486 -0.225297 -0.415090 0.881443 -24.290070 0.000000 0.000000 0.000000 1.000000
0.973573 -0.179792 0.140823 0.474879 0.103604 0.897225 0.429247 83.231606 -0.203525 -0.403313 0.892141 -27.783373 0.000000 0.000000 0.000000 1.000000
0.982832 -0.127820 0.133054 0.468153 0.063989 0.912532 0.403968 82.402359 -0.173051 -0.388519 0.905045 -31.338289 0.000000 0.000000 0.000000 1.000000
0.987941 -0.061648 0.142028 0.467351 0.004031 0.927244 0.374437 81.322617 -0.154778 -0.369349 0.916311 -35.720909 0.000000 0.000000 0.000000 1.000000
0.981754 -0.005517 0.190078 0.500396 -0.057297 0.944542 0.323355 80.209229 -0.181321 -0.328345 0.926991 -41.178585 0.000000 0.000000 0.000000 1.000000
0.969404 0.034160 0.243080 0.133909 -0.098943 0.960638 0.259586 79.636307 -0.224645 -0.275695 0.934627 -47.292278 0.000000 0.000000 0.000000 1.000000
0.969755 0.066817 0.234758 -0.721155 -0.124120 0.963156 0.238590 79.956329 -0.210167 -0.260512 0.942318 -53.342739 0.000000 0.000000 0.000000 1.000000
0.984001 0.091210 0.153042 -1.200863 -0.127427 0.960660 0.246771 81.160736 -0.124513 -0.262324 0.956913 -58.445980 0.000000 0.000000 0.000000 1.000000
0.992441 0.113057 0.047728 -1.155248 -0.121275 0.963029 0.240557 82.410187 -0.018767 -0.244527 0.969461 -62.637615 0.000000 0.000000 0.000000 1.000000
0.990876 0.129446 -0.037523 -1.021886 -0.116839 0.963822 0.239575 82.881310 0.067178 -0.233005 0.970152 -66.036339 0.000000 0.000000 0.000000 1.000000
0.986428 0.135695 -0.092444 -1.180461 -0.107295 0.958909 0.262642 82.936745 0.124284 -0.249159 0.960455 -68.678490 0.000000 0.000000 0.000000 1.000000
0.982281 0.137136 -0.127744 -1.569935 -0.094004 0.950179 0.297193 82.889236 0.162135 -0.279918 0.946234 -70.752388 0.000000 0.000000 0.000000 1.000000
0.977623 0.144373 -0.153005 -1.964785 -0.086584 0.939011 0.332807 82.508545 0.191722 -0.312112 0.930499 -72.325996 0.000000 0.000000 0.000000 1.000000
0.973875 0.149586 -0.170855 -2.413795 -0.078755 0.928172 0.363723 81.864769 0.212991 -0.340765 0.915704 -73.278130 0.000000 0.000000 0.000000 1.000000
0.972398 0.129883 -0.193837 -3.089932 -0.047853 0.924098 0.379147 81.051399 0.228369 -0.359407 0.904806 -73.442123 0.000000 0.000000 0.000000 1.000000
0.966154 0.100391 -0.237631 -3.765120 0.000786 0.920019 0.391874 79.890701 0.257965 -0.378797 0.888801 -73.732986 0.000000 0.000000 0.000000 1.000000
0.953554 0.116851 -0.277633 -3.663763 0.021187 0.893389 0.448783 79.565590 0.300475 -0.433822 0.849420 -74.390251 0.000000 0.000000 0.000000 1.000000
0.949498 0.169960 -0.263755 -3.532595 -0.000649 0.841656 0.540014 79.445442 0.313772 -0.512571 0.799261 -74.583824 0.000000 0.000000 0.000000 1.000000
0.959630 0.181118 -0.215189 -3.551089 -0.016698 0.800413 0.599217 79.577408 0.280769 -0.571433 0.771125 -74.524422 0.000000 0.000000 0.000000 1.000000
0.970653 0.148448 -0.189196 -3.826670 -0.002161 0.792086 0.610405 79.006409 0.240473 -0.592083 0.769162 -74.538918 0.000000 0.000000 0.000000 1.000000
0.972211 0.131735 -0.193524 -3.885179 0.020904 0.774499 0.632230 78.222633 0.233171 -0.618706 0.750222 -74.849915 0.000000 0.000000 0.000000 1.000000
0.966615 0.146735 -0.210056 -3.780706 0.038678 0.726839 0.685718 77.158844 0.253296 -0.670950 0.696898 -75.482697 0.000000 0.000000 0.000000 1.000000
0.962016 0.154909 -0.224783 -3.786966 0.062084 0.677681 0.732731 75.679916 0.265838 -0.718855 0.642322 -76.422890 0.000000 0.000000 0.000000 1.000000
0.961618 0.145346 -0.232733 -4.054415 0.088586 0.638314 0.764662 73.605743 0.259697 -0.755930 0.600939 -77.641068 0.000000 0.000000 0.000000 1.000000
0.960296 0.139884 -0.241381 -4.465286 0.114724 0.590672 0.798715 70.889221 0.254304 -0.794694 0.551172 -79.165184 0.000000 0.000000 0.000000 1.000000
0.953404 0.149609 -0.261989 -4.924972 0.144738 0.535110 0.832291 67.420647 0.264712 -0.831429 0.488522 -81.036301 0.000000 0.000000 0.000000 1.000000
0.939729 0.168683 -0.297415 -5.485555 0.184460 0.482292 0.856370 63.097641 0.287896 -0.859617 0.422108 -83.188232 0.000000 0.000000 0.000000 1.000000
0.919369 0.191805 -0.343470 -6.228276 0.233860 0.435601 0.869230 57.917030 0.316338 -0.879467 0.355622 -85.523453 0.000000 0.000000 0.000000 1.000000
0.895329 0.218752 -0.387986 -7.130943 0.283360 0.392330 0.875091 51.886227 0.343647 -0.893434 0.289279 -88.010712 0.000000 0.000000 0.000000 1.000000
0.869675 0.254301 -0.423079 -8.049647 0.327001 0.345253 0.879699 45.089638 0.369777 -0.903400 0.217101 -90.632614 0.000000 0.000000 0.000000 1.000000
0.846127 0.299780 -0.440682 -8.928330 0.360167 0.287870 0.887362 37.524216 0.392872 -0.909540 0.135603 -93.202118 0.000000 0.000000 0.000000 1.000000
0.826406 0.345413 -0.444682 -10.081782 0.389280 0.220124 0.894431 28.826277 0.406834 -0.912269 0.047450 -95.395264 0.000000 0.000000 0.000000 1.000000
0.805538 0.380845 -0.453944 -11.510966 0.438109 0.133006 0.889027 19.478823 0.398959 -0.915023 -0.059710 -97.515961 0.000000 0.000000 0.000000 1.000000
0.795173 0.409038 -0.447647 -12.586551 0.485824 0.012021 0.873974 12.816121 0.362870 -0.912438 -0.189162 -99.520607 0.000000 0.000000 0.000000 1.000000
0.806731 0.431386 -0.403845 -13.215089 0.480920 -0.082189 0.872904 12.617990 0.343367 -0.898416 -0.273767 -101.241989 0.000000 0.000000 0.000000 1.000000
0.799151 0.453164 -0.394968 -14.657827 0.483316 -0.093686 0.870419 15.845420 0.357440 -0.886490 -0.293891 -103.298042 0.000000 0.000000 0.000000 1.000000
0.744459 0.472994 -0.471230 -16.211533 0.570431 -0.083806 0.817059 18.390736 0.346972 -0.877071 -0.332201 -105.855072 0.000000 0.000000 0.000000 1.000000
0.678828 0.492858 -0.544319 -17.122524 0.664075 -0.095713 0.741514 20.392387 0.313363 -0.864829 -0.392268 -108.115196 0.000000 0.000000 0.000000 1.000000
0.644647 0.508401 -0.570928 -17.482567 0.700923 -0.094933 0.706890 21.787628 0.305184 -0.855872 -0.417548 -110.118515 0.000000 0.000000 0.000000 1.000000
0.637197 0.517675 -0.570958 -17.635389 0.698721 -0.075412 0.711408 22.096930 0.325221 -0.852248 -0.409762 -111.533356 0.000000 0.000000 0.000000 1.000000
0.648006 0.534783 -0.542306 -17.996231 0.674801 -0.072953 0.734385 21.855606 0.353174 -0.841834 -0.408146 -112.273766 0.000000 0.000000 0.000000 1.000000
0.669446 0.550990 -0.498249 -18.048868 0.642664 -0.093158 0.760463 21.230200 0.372592 -0.829296 -0.416466 -112.783882 0.000000 0.000000 0.000000 1.000000
0.690267 0.561331 -0.456551 -17.869366 0.613169 -0.118827 0.780963 20.120380 0.384128 -0.819016 -0.426214 -112.808197 0.000000 0.000000 0.000000 1.000000
0.712128 0.569331 -0.410775 -17.690567 0.575026 -0.137341 0.806525 18.758339 0.402763 -0.810555 -0.425184 -112.330368 0.000000 0.000000 0.000000 1.000000
0.731481 0.577200 -0.363011 -17.525269 0.525890 -0.138688 0.839169 17.680454 0.434023 -0.804740 -0.404991 -111.624199 0.000000 0.000000 0.000000 1.000000
0.737008 0.588695 -0.332052 -17.346478 0.487081 -0.122009 0.864793 17.258518 0.468585 -0.799095 -0.376664 -110.934349 0.000000 0.000000 0.000000 1.000000
0.731503 0.601187 -0.321681 -17.093885 0.467695 -0.099109 0.878316 17.314760 0.496151 -0.792939 -0.353670 -110.403877 0.000000 0.000000 0.000000 1.000000
0.721810 0.611479 -0.324167 -16.947548 0.463385 -0.079086 0.882621 17.450298 0.514067 -0.787298 -0.340436 -109.801857 0.000000 0.000000 0.000000 1.000000
0.708188 0.620875 -0.336130 -17.055328 0.470417 -0.059936 0.880406 17.637848 0.526476 -0.781615 -0.334517 -109.227753 0.000000 0.000000 0.000000 1.000000
0.690505 0.629872 -0.355617 -17.360287 0.484206 -0.037279 0.874159 17.876690 0.537352 -0.775803 -0.330729 -108.970985 0.000000 0.000000 0.000000 1.000000
0.672023 0.636845 -0.377907 -17.682961 0.499077 -0.012479 0.866468 18.043674 0.547089 -0.770891 -0.326221 -108.859497 0.000000 0.000000 0.000000 1.000000
0.655839 0.642314 -0.396621 -17.964037 0.511870 0.007790 0.859028 18.102663 0.554855 -0.766402 -0.323672 -108.821968 0.000000 0.000000 0.000000 1.000000
0.642691 0.647846 -0.408953 -18.323357 0.523439 0.018465 0.851863 18.093824 0.559428 -0.761547 -0.327241 -108.859879 0.000000 0.000000 0.000000 1.000000
0.632783 0.652730 -0.416568 -18.725088 0.534557 0.020971 0.844872 18.044458 0.560209 -0.757300 -0.335651 -108.946350 0.000000 0.000000 0.000000 1.000000
0.626862 0.655328 -0.421414 -19.045404 0.544067 0.018981 0.838827 17.988852 0.557705 -0.755106 -0.344644 -109.075836 0.000000 0.000000 0.000000 1.000000
0.625510 0.655701 -0.422840 -19.213217 0.550463 0.013189 0.834755 17.963112 0.552927 -0.754906 -0.352689 -109.229996 0.000000 0.000000 0.000000 1.000000
0.628768 0.654404 -0.420008 -19.220661 0.552657 0.003883 0.833400 17.973896 0.547011 -0.756135 -0.359219 -109.365120 0.000000 0.000000 0.000000 1.000000
0.635148 0.652095 -0.413955 -19.070566 0.550684 -0.006506 0.834689 17.989277 0.541604 -0.758109 -0.363230 -109.455505 0.000000 0.000000 0.000000 1.000000
0.642788 0.649490 -0.406184 -18.759295 0.545466 -0.015770 0.837985 17.963882 0.537857 -0.760206 -0.364412 -109.503677 0.000000 0.000000 0.000000 1.000000
0.651541 0.646287 -0.397251 -18.362120 0.537421 -0.023636 0.842983 17.880758 0.535419 -0.762729 -0.362728 -109.510368 0.000000 0.000000 0.000000 1.000000
0.661425 0.642585 -0.386784 -18.026392 0.526770 -0.030917 0.849445 17.767780 0.533882 -0.765591 -0.358944 -109.468140 0.000000 0.000000 0.000000 1.000000
0.670657 0.639585 -0.375699 -17.787823 0.515362 -0.037485 0.856153 17.672482 0.533499 -0.767806 -0.354757 -109.395638 0.000000 0.000000 0.000000 1.000000
0.677369 0.638001 -0.366233 -17.586287 0.505722 -0.042309 0.861658 17.633862 0.534244 -0.768873 -0.351310 -109.326820 0.000000 0.000000 0.000000 1.000000
0.680858 0.637486 -0.360616 -17.438351 0.499758 -0.044428 0.865025 17.625721 0.535420 -0.769180 -0.348838 -109.277649 0.000000 0.000000 0.000000 1.000000
0.680904 0.637826 -0.359929 -17.384832 0.498481 -0.043569 0.865805 17.630669 0.536551 -0.768947 -0.347611 -109.256699 0.000000 0.000000 0.000000 1.000000
0.677697 0.639176 -0.363566 -17.421335 0.501542 -0.040209 0.864198 17.640751 0.537756 -0.768008 -0.347824 -109.270088 0.000000 0.000000 0.000000 1.000000
0.672237 0.641394 -0.369745 -17.525005 0.507357 -0.035408 0.861008 17.651976 0.539153 -0.766394 -0.349218 -109.315399 0.000000 0.000000 0.000000 1.000000
0.665760 0.643965 -0.376925 -17.671986 0.514248 -0.029965 0.857118 17.663765 0.540660 -0.764468 -0.351107 -109.377296 0.000000 0.000000 0.000000 1.000000
0.659224 0.646407 -0.384163 -17.833799 0.521048 -0.024330 0.853180 17.673397 0.542156 -0.762604 -0.352848 -109.437775 0.000000 0.000000 0.000000 1.000000</float_array>
        <technique_common>
          <accessor source="#mixamorig_Hips-Matrix-animation-output-transform-array" count="90" stride="16">
            <param type="float4x4"/>
          </accessor>
        </technique_common>
      </source>
      <source id="mixamorig_Hips-Interpolations">
        <Name_array id="mixamorig_Hips-Interpolations-array" count="90">
 LINEAR LINEAR LINEAR LINEAR LINEAR LINEAR LINEAR LINEAR LINEAR LINEAR LINEAR
LINEAR LINEAR LINEAR LINEAR LINEAR LINEAR LINEAR LINEAR LINEAR LINEAR LINEAR LINEAR
LINEAR LINEAR LINEAR LINEAR LINEAR LINEAR LINEAR LINEAR LINEAR LINEAR LINEAR LINEAR
LINEAR LINEAR LINEAR LINEAR LINEAR LINEAR LINEAR LINEAR LINEAR LINEAR LINEAR LINEAR
LINEAR LINEAR LINEAR LINEAR LINEAR LINEAR LINEAR LINEAR LINEAR LINEAR LINEAR LINEAR
LINEAR LINEAR LINEAR LINEAR LINEAR LINEAR LINEAR LINEAR LINEAR LINEAR LINEAR LINEAR
LINEAR LINEAR LINEAR LINEAR LINEAR LINEAR LINEAR LINEAR LINEAR LINEAR LINEAR LINEAR
LINEAR LINEAR LINEAR LINEAR LINEAR LINEAR LINEAR</Name_array>
        <technique_common>
          <accessor source="#mixamorig_Hips-Interpolations-array" count="90">
            <param type="name"/>
          </accessor>
        </technique_common>
      </source>
      <sampler id="mixamorig_Hips-Matrix-animation-transform">
        <input semantic="INPUT" source="#mixamorig_Hips-Matrix-animation-input"/>
        <input semantic="OUTPUT" source="#mixamorig_Hips-Matrix-animation-output-transform"/>
        <input semantic="INTERPOLATION" source="#mixamorig_Hips-Interpolations"/>
      </sampler>
      <channel source="#mixamorig_Hips-Matrix-animation-transform" target="mixamorig_Hips/matrix"/>
    </animation>
    <animation id="mixamorig_Spine-anim" name="mixamorig_Spine">
      <source id="mixamorig_Spine-Matrix-animation-input">
        <float_array id="mixamorig_Spine-Matrix-animation-input-array" count="90">

0.000000 0.033333 0.066667 0.100000 0.133333 0.166667 0.200000 0.233333 0.266667 0.300000 0.333333 0.366667 0.400000 0.433333 0.466667 0.500000
0.533333 0.566667 0.600000 0.633333 0.666667 0.700000 0.733333 0.766667 0.800000 0.833333 0.866667 0.900000 0.933333 0.966667 1.000000 1.033333
1.066667 1.100000 1.133333 1.166667 1.200000 1.233333 1.266667 1.300000 1.333333 1.366667 1.400000 1.433333 1.466667 1.500000 1.533333 1.566667
1.600000 1.633333 1.666667 1.700000 1.733333 1.766667 1.800000 1.833333 1.866667 1.900000 1.933333 1.966667 2.000000 2.033333 2.066667 2.100000
2.133333 2.166667 2.200000 2.233333 2.266667 2.300000 2.333333 2.366667 2.400000 2.433333 2.466667 2.500000 2.533333 2.566667 2.600000 2.633333
2.666667 2.700000 2.733333 2.766667 2.800000 2.833333 2.866667 2.900000 2.933333 2.966667</float_array>
        <technique_common>
          <accessor source="#mixamorig_Spine-Matrix-animation-input-array" count="90">
            <param name="TIME" type="float"/>
          </accessor>
        </technique_common>
      </source>
      <source id="mixamorig_Spine-Matrix-animation-output-transform">
        <float_array id="mixamorig_Spine-Matrix-animation-output-transform-array" count="1440">

0.999402 -0.033265 -0.009452 -0.023000 0.032762 0.998254 -0.049151 13.157000 0.011071 0.048812 0.998747 0.957400 0.000000 0.000000 0.000000 1.000000
0.999562 -0.028327 -0.008548 -0.023000 0.028180 0.999461 -0.016848 13.157000 0.009020 0.016600 0.999822 0.957400 0.000000 0.000000 0.000000 1.000000
0.999670 -0.021594 -0.013887 -0.023000 0.021656 0.999756 0.004340 13.157000 0.013790 -0.004639 0.999894 0.957400 0.000000 0.000000 0.000000 1.000000
0.999653 -0.014357 -0.022083 -0.023000 0.014862 0.999628 0.022878 13.157000 0.021747 -0.023198 0.999494 0.957400 0.000000 0.000000 0.000000 1.000000
0.999796 -0.010513 -0.017233 -0.023000 0.011384 0.998624 0.051200 13.157000 0.016671 -0.051385 0.998540 0.957400 0.000000 0.000000 0.000000 1.000000
0.999883 -0.006820 0.013659 -0.023000 0.005636 0.996374 0.084893 13.157000 -0.014188 -0.084806 0.996296 0.957400 0.000000 0.000000 0.000000 1.000000
0.997660 0.006198 0.068093 -0.023000 -0.013691 0.993822 0.110135 13.157000 -0.066990 -0.110809 0.991581 0.957400 0.000000 0.000000 0.000000 1.000000
0.990965 0.032130 0.130215 -0.023000 -0.048306 0.991226 0.123036 13.157000 -0.125119 -0.128215 0.983822 0.957400 0.000000 0.000000 0.000000 1.000000
0.981724 0.064322 0.179108 -0.023000 -0.088312 0.987657 0.129362 13.157000 -0.168577 -0.142815 0.975288 0.957400 0.000000 0.000000 0.000000 1.000000
0.974988 0.094039 0.201381 -0.023000 -0.122206 0.983644 0.132329 13.157000 -0.185643 -0.153629 0.970533 0.957400 0.000000 0.000000 0.000000 1.000000
0.972932 0.115942 0.199899 -0.023000 -0.143949 0.980773 0.131766 13.157000 -0.180779 -0.156975 0.970916 0.957400 0.000000 0.000000 0.000000 1.000000
0.974652 0.125075 0.185497 -0.023000 -0.150217 0.980293 0.128299 13.157000 -0.165795 -0.152911 0.974233 0.957400 0.000000 0.000000 0.000000 1.000000
0.979875 0.114971 0.163176 -0.023000 -0.134936 0.983917 0.117045 13.157000 -0.147095 -0.136707 0.979630 0.957400 0.000000 0.000000 0.000000 1.000000
0.986728 0.085313 0.138167 -0.023000 -0.098317 0.991059 0.090196 13.157000 -0.129237 -0.102583 0.986293 0.957400 0.000000 0.000000 0.000000 1.000000
0.991163 0.048863 0.123319 -0.023000 -0.055557 0.997129 0.051442 13.157000 -0.120452 -0.057839 0.991033 0.957400 0.000000 0.000000 0.000000 1.000000
0.992136 0.018277 0.123826 -0.023000 -0.019960 0.999724 0.012365 13.157000 -0.123566 -0.014739 0.992227 0.957400 0.000000 0.000000 0.000000 1.000000
0.991669 -0.009616 0.128455 -0.023000 0.013169 0.999553 -0.026837 13.157000 -0.128140 0.028305 0.991352 0.957400 0.000000 0.000000 0.000000 1.000000
0.990924 -0.041939 0.127713 -0.023000 0.051649 0.995943 -0.073687 13.157000 -0.124104 0.079614 0.989070 0.957400 0.000000 0.000000 0.000000 1.000000
0.989534 -0.067162 0.127717 -0.023000 0.083244 0.988651 -0.125062 13.157000 -0.117868 0.134385 0.983894 0.957400 0.000000 0.000000 0.000000 1.000000
0.989088 -0.059807 0.134641 -0.023000 0.082367 0.982205 -0.168784 13.157000 -0.122151 0.178033 0.976414 0.957400 0.000000 0.000000 0.000000 1.000000
0.989798 -0.015962 0.141579 -0.023000 0.043675 0.979858 -0.194864 13.157000 -0.135617 0.199059 0.970558 0.957400 0.000000 0.000000 0.000000 1.000000
0.989864 0.034624 0.137736 -0.023000 -0.007277 0.980918 -0.194287 13.157000 -0.141834 0.191316 0.971227 0.957400 0.000000 0.000000 0.000000 1.000000
0.991592 0.058846 0.115247 -0.023000 -0.039193 0.985361 -0.165916 13.157000 -0.123323 0.160004 0.979382 0.957400 0.000000 0.000000 0.000000 1.000000
0.996327 0.053832 0.066587 -0.023000 -0.044813 0.990473 -0.130213 13.157000 -0.072963 0.126751 0.989248 0.957400 0.000000 0.000000 0.000000 1.000000
0.999102 0.040025 -0.013903 -0.023000 -0.041314 0.993071 -0.110012 13.157000 0.009403 0.110488 0.993833 0.957400 0.000000 0.000000 0.000000 1.000000
0.992843 0.035954 -0.113887 -0.023000 -0.049191 0.992072 -0.115646 13.157000 0.108826 0.120420 0.986740 0.957400 0.000000 0.000000 0.000000 1.000000
0.981342 0.052790 -0.184881 -0.023000 -0.082831 0.983839 -0.158745 13.157000 0.173513 0.171097 0.969855 0.957400 0.000000 0.000000 0.000000 1.000000
0.977647 0.083184 -0.193096 -0.023000 -0.128270 0.963666 -0.234297 13.157000 0.166590 0.253828 0.952795 0.957400 0.000000 0.000000 0.000000 1.000000
0.979098 0.125788 -0.159827 -0.023000 -0.169247 0.939678 -0.297254 13.157000 0.112795 0.318091 0.941326 0.957400 0.000000 0.000000 0.000000 1.000000
0.979570 0.152325 -0.131298 -0.023000 -0.187328 0.928628 -0.320247 13.157000 0.073145 0.338301 0.938191 0.957400 0.000000 0.000000 0.000000 1.000000
0.981582 0.151962 -0.115781 -0.023000 -0.182197 0.926911 -0.328085 13.157000 0.057462 0.343137 0.937526 0.957400 0.000000 0.000000 0.000000 1.000000
0.985331 0.141509 -0.095383 -0.023000 -0.165857 0.925672 -0.340032 13.157000 0.040175 0.350864 0.935564 0.957400 0.000000 0.000000 0.000000 1.000000
0.989830 0.122284 -0.072686 -0.023000 -0.139902 0.929357 -0.341647 13.157000 0.025773 0.348342 0.937013 0.957400 0.000000 0.000000 0.000000 1.000000
0.994434 0.080530 -0.067939 -0.023000 -0.098116 0.942787 -0.318632 13.157000 0.038393 0.323524 0.945441 0.957400 0.000000 0.000000 0.000000 1.000000
0.995645 0.034582 -0.086573 -0.023000 -0.056230 0.963477 -0.261822 13.157000 0.074357 0.265550 0.961225 0.957400 0.000000 0.000000 0.000000 1.000000
0.994079 0.022077 -0.106390 -0.023000 -0.040144 0.984486 -0.170807 13.157000 0.100969 0.174067 0.979544 0.957400 0.000000 0.000000 0.000000 1.000000
0.993785 0.022531 -0.109013 -0.023000 -0.032824 0.995072 -0.093562 13.157000 0.106367 0.096558 0.989627 0.957400 0.000000 0.000000 0.000000 1.000000
0.992407 -0.011418 -0.122470 -0.023000 0.001376 0.996650 -0.081769 13.157000 0.122993 0.080979 0.989098 0.957400 0.000000 0.000000 0.000000 1.000000
0.982130 -0.071541 -0.174075 -0.023000 0.054742 0.993534 -0.099467 13.157000 0.180066 0.088161 0.979696 0.957400 0.000000 0.000000 0.000000 1.000000
0.965254 -0.094074 -0.243791 -0.023000 0.080685 0.994660 -0.064359 13.157000 0.248544 0.042452 0.967690 0.957400 0.000000 0.000000 0.000000 1.000000
0.953518 -0.068834 -0.293367 -0.023000 0.080093 0.996434 0.026525 13.157000 0.290496 -0.048789 0.955632 0.957400 0.000000 0.000000 0.000000 1.000000
0.946538 -0.055960 -0.317700 -0.023000 0.089464 0.991745 0.091855 13.157000 0.309938 -0.115367 0.943732 0.957400 0.000000 0.000000 0.000000 1.000000
0.939503 -0.073217 -0.334624 -0.023000 0.114548 0.987802 0.105475 13.157000 0.322820 -0.137425 0.936430 0.957400 0.000000 0.000000 0.000000 1.000000
0.934684 -0.083305 -0.345582 -0.023000 0.131692 0.984128 0.118953 13.157000 0.330188 -0.156694 0.930819 0.957400 0.000000 0.000000 0.000000 1.000000
0.934746 -0.069434 -0.348465 -0.023000 0.130581 0.979221 0.155163 13.157000 0.330451 -0.190541 0.924390 0.957400 0.000000 0.000000 0.000000 1.000000
0.937813 -0.051834 -0.343248 -0.023000 0.121669 0.975147 0.185164 13.157000 0.325119 -0.215411 0.920812 0.957400 0.000000 0.000000 0.000000 1.000000
0.942348 -0.046619 -0.331371 -0.023000 0.116160 0.974245 0.193271 13.157000 0.313826 -0.220621 0.923493 0.957400 0.000000 0.000000 0.000000 1.000000
0.948429 -0.049767 -0.313057 -0.023000 0.114729 0.974536 0.192657 13.157000 0.295498 -0.218638 0.929988 0.957400 0.000000 0.000000 0.000000 1.000000
0.955133 -0.053371 -0.291329 -0.023000 0.113604 0.974413 0.193942 13.157000 0.273524 -0.218337 0.936757 0.957400 0.000000 0.000000 0.000000 1.000000
0.960873 -0.056911 -0.271079 -0.023000 0.112224 0.974730 0.193153 13.157000 0.253237 -0.216017 0.942978 0.957400 0.000000 0.000000 0.000000 1.000000
0.966208 -0.064933 -0.249452 -0.023000 0.111969 0.977407 0.179271 13.157000 0.232176 -0.201144 0.951649 0.957400 0.000000 0.000000 0.000000 1.000000
0.973028 -0.076412 -0.217664 -0.023000 0.109433 0.983518 0.143933 13.157000 0.203078 -0.163871 0.965353 0.957400 0.000000 0.000000 0.000000 1.000000
0.981211 -0.078158 -0.176398 -0.023000 0.094369 0.991863 0.085450 13.157000 0.168284 -0.100491 0.980603 0.957400 0.000000 0.000000 0.000000 1.000000
0.989592 -0.064671 -0.128550 -0.023000 0.065527 0.997848 0.002439 13.157000 0.128116 -0.010837 0.991700 0.957400 0.000000 0.000000 0.000000 1.000000
0.997385 -0.049220 -0.052920 -0.023000 0.044231 0.994810 -0.091631 13.157000 0.057156 0.089051 0.994386 0.957400 0.000000 0.000000 0.000000 1.000000
0.998116 -0.025690 0.055713 -0.023000 0.033434 0.989180 -0.142848 13.157000 -0.051440 0.144442 0.988175 0.957400 0.000000 0.000000 0.000000 1.000000
0.989504 0.011002 0.144086 -0.023000 0.005123 0.993800 -0.111064 13.157000 -0.144415 0.110636 0.983313 0.957400 0.000000 0.000000 0.000000 1.000000
0.981311 0.035977 0.189033 -0.023000 -0.029961 0.998952 -0.034588 13.157000 -0.190079 0.028278 0.981361 0.957400 0.000000 0.000000 0.000000 1.000000
0.975514 0.026646 0.218319 -0.023000 -0.033495 0.999054 0.027732 13.157000 -0.217373 -0.034365 0.975483 0.957400 0.000000 0.000000 0.000000 1.000000
0.970257 -0.007972 0.241945 -0.023000 -0.007861 0.997893 0.064405 13.157000 -0.241949 -0.064391 0.968150 0.957400 0.000000 0.000000 0.000000 1.000000
0.968858 -0.030172 0.245772 -0.023000 0.012351 0.997202 0.073731 13.157000 -0.247309 -0.068399 0.966519 0.957400 0.000000 0.000000 0.000000 1.000000
0.971294 -0.025451 0.236515 -0.023000 0.014500 0.998746 0.047924 13.157000 -0.237438 -0.043119 0.970445 0.957400 0.000000 0.000000 0.000000 1.000000
0.972120 -0.009173 0.234305 -0.023000 0.009402 0.999956 0.000138 13.157000 -0.234296 0.002069 0.972163 0.957400 0.000000 0.000000 0.000000 1.000000
0.969819 0.007515 0.243709 -0.023000 0.004815 0.998740 -0.049957 13.157000 -0.243777 0.049623 0.968561 0.957400 0.000000 0.000000 0.000000 1.000000
0.968356 0.016608 0.249018 -0.023000 0.006052 0.995927 -0.089955 13.157000 -0.249498 0.088616 0.964312 0.957400 0.000000 0.000000 0.000000 1.000000
0.969927 0.011441 0.243128 -0.023000 0.015581 0.993927 -0.108929 13.157000 -0.242898 0.109441 0.963858 0.957400 0.000000 0.000000 0.000000 1.000000
0.971428 -0.006644 0.237242 -0.023000 0.031836 0.994222 -0.102516 13.157000 -0.235190 0.107140 0.966026 0.957400 0.000000 0.000000 0.000000 1.000000
0.971060 -0.029683 0.236985 -0.023000 0.050328 0.995398 -0.081544 13.157000 -0.233474 0.091111 0.968085 0.957400 0.000000 0.000000 0.000000 1.000000
0.970301 -0.051820 0.236285 -0.023000 0.067690 0.995928 -0.059548 13.157000 -0.232237 0.073773 0.969858 0.957400 0.000000 0.000000 0.000000 1.000000
0.970367 -0.071727 0.230746 -0.023000 0.082551 0.995878 -0.037589 13.157000 -0.227099 0.055523 0.972288 0.957400 0.000000 0.000000 0.000000 1.000000
0.971014 -0.090238 0.221333 -0.023000 0.095182 0.995391 -0.011750 13.157000 -0.219253 0.032477 0.975127 0.957400 0.000000 0.000000 0.000000 1.000000
0.971672 -0.107107 0.210668 -0.023000 0.106506 0.994210 0.014229 13.157000 -0.210973 0.008612 0.977454 0.957400 0.000000 0.000000 0.000000 1.000000
0.971987 -0.119527 0.202373 -0.023000 0.115321 0.992797 0.032492 13.157000 -0.204799 -0.008244 0.978769 0.957400 0.000000 0.000000 0.000000 1.000000
0.971879 -0.124063 0.200148 -0.023000 0.118398 0.992157 0.040080 13.157000 -0.203551 -0.015256 0.978945 0.957400 0.000000 0.000000 0.000000 1.000000
0.971431 -0.121561 0.203826 -0.023000 0.115745 0.992463 0.040262 13.157000 -0.207183 -0.015520 0.978179 0.957400 0.000000 0.000000 0.000000 1.000000
0.970863 -0.116735 0.209280 -0.023000 0.111301 0.993075 0.037598 13.157000 -0.212220 -0.013210 0.977133 0.957400 0.000000 0.000000 0.000000 1.000000
0.970346 -0.112280 0.214060 -0.023000 0.107435 0.993625 0.034177 13.157000 -0.216533 -0.010166 0.976222 0.957400 0.000000 0.000000 0.000000 1.000000
0.969472 -0.107779 0.220246 -0.023000 0.103688 0.994155 0.030084 13.157000 -0.222201 -0.006329 0.974980 0.957400 0.000000 0.000000 0.000000 1.000000
0.967725 -0.103910 0.229590 -0.023000 0.100933 0.994586 0.024706 13.157000 -0.230914 -0.000735 0.972974 0.957400 0.000000 0.000000 0.000000 1.000000
0.965714 -0.101774 0.238829 -0.023000 0.100581 0.994780 0.017210 13.157000 -0.239334 0.007402 0.970909 0.957400 0.000000 0.000000 0.000000 1.000000
0.965023 -0.099768 0.242438 -0.023000 0.100918 0.994865 0.007703 13.157000 -0.241961 0.017033 0.970136 0.957400 0.000000 0.000000 0.000000 1.000000
0.966158 -0.096253 0.239320 -0.023000 0.099675 0.995018 -0.002205 13.157000 -0.237916 0.025984 0.970938 0.957400 0.000000 0.000000 0.000000 1.000000
0.967687 -0.092757 0.234475 -0.023000 0.097912 0.995141 -0.010417 13.157000 -0.232369 0.033038 0.972066 0.957400 0.000000 0.000000 0.000000 1.000000
0.968262 -0.091429 0.232616 -0.023000 0.097718 0.995091 -0.015630 13.157000 -0.230045 0.037864 0.972443 0.957400 0.000000 0.000000 0.000000 1.000000
0.968023 -0.092192 0.233309 -0.023000 0.098971 0.994937 -0.017493 13.157000 -0.230515 0.040024 0.972245 0.957400 0.000000 0.000000 0.000000 1.000000
0.967951 -0.094095 0.232847 -0.023000 0.100655 0.994786 -0.016427 13.157000 -0.230087 0.039338 0.972375 0.957400 0.000000 0.000000 0.000000 1.000000
0.968284 -0.096748 0.230358 -0.023000 0.102532 0.994642 -0.013243 13.157000 -0.227843 0.036442 0.973016 0.957400 0.000000 0.000000 0.000000 1.000000
0.968065 -0.099809 0.229975 -0.023000 0.104568 0.994481 -0.008568 13.157000 -0.227851 0.032342 0.973159 0.957400 0.000000 0.000000 0.000000 1.000000
0.966704 -0.102889 0.234302 -0.023000 0.106524 0.994306 -0.002877 13.157000 -0.232672 0.027740 0.972159 0.957400 0.000000 0.000000 0.000000 1.000000
0.964761 -0.105866 0.240891 -0.023000 0.108277 0.994115 0.003247 13.157000 -0.239817 0.022951 0.970547 0.957400 0.000000 0.000000 0.000000 1.000000</float_array>
        <technique_common>
          <accessor source="#mixamorig_Spine-Matrix-animation-output-transform-array" count="90" stride="16">
            <param type="float4x4"/>
          </accessor>
        </technique_common>
      </source>
      <source id="mixamorig_Spine-Interpolations">
        <Name_array id="mixamorig_Spine-Interpolations-array" count="90">
 LINEAR LINEAR LINEAR LINEAR LINEAR LINEAR LINEAR LINEAR LINEAR LINEAR LINEAR
LINEAR LINEAR LINEAR LINEAR LINEAR LINEAR LINEAR LINEAR LINEAR LINEAR LINEAR LINEAR
LINEAR LINEAR LINEAR LINEAR LINEAR LINEAR LINEAR LINEAR LINEAR LINEAR LINEAR LINEAR
LINEAR LINEAR LINEAR LINEAR LINEAR LINEAR LINEAR LINEAR LINEAR LINEAR LINEAR LINEAR
LINEAR LINEAR LINEAR LINEAR LINEAR LINEAR LINEAR LINEAR LINEAR LINEAR LINEAR LINEAR
LINEAR LINEAR LINEAR LINEAR LINEAR LINEAR LINEAR LINEAR LINEAR LINEAR LINEAR LINEAR
LINEAR LINEAR LINEAR LINEAR LINEAR LINEAR LINEAR LINEAR LINEAR LINEAR LINEAR LINEAR
LINEAR LINEAR LINEAR LINEAR LINEAR LINEAR LINEAR</Name_array>
        <technique_common>
          <accessor source="#mixamorig_Spine-Interpolations-array" count="90">
            <param type="name"/>
          </accessor>
        </technique_common>
      </source>
      <sampler id="mixamorig_Spine-Matrix-animation-transform">
        <input semantic="INPUT" source="#mixamorig_Spine-Matrix-animation-input"/>
        <input semantic="OUTPUT" source="#mixamorig_Spine-Matrix-animation-output-transform"/>
        <input semantic="INTERPOLATION" source="#mixamorig_Spine-Interpolations"/>
      </sampler>
      <channel source="#mixamorig_Spine-Matrix-animation-transform" target="mixamorig_Spine/matrix"/>
    </animation>
    <animation id="mixamorig_Spine1-anim" name="mixamorig_Spine1">
      <source id="mixamorig_Spine1-Matrix-animation-input">
        <float_array id="mixamorig_Spine1-Matrix-animation-input-array" count="90">

0.000000 0.033333 0.066667 0.100000 0.133333 0.166667 0.200000 0.233333 0.266667 0.300000 0.333333 0.366667 0.400000 0.433333 0.466667 0.500000
0.533333 0.566667 0.600000 0.633333 0.666667 0.700000 0.733333 0.766667 0.800000 0.833333 0.866667 0.900000 0.933333 0.966667 1.000000 1.033333
1.066667 1.100000 1.133333 1.166667 1.200000 1.233333 1.266667 1.300000 1.333333 1.366667 1.400000 1.433333 1.466667 1.500000 1.533333 1.566667
1.600000 1.633333 1.666667 1.700000 1.733333 1.766667 1.800000 1.833333 1.866667 1.900000 1.933333 1.966667 2.000000 2.033333 2.066667 2.100000
2.133333 2.166667 2.200000 2.233333 2.266667 2.300000 2.333333 2.366667 2.400000 2.433333 2.466667 2.500000 2.533333 2.566667 2.600000 2.633333
2.666667 2.700000 2.733333 2.766667 2.800000 2.833333 2.866667 2.900000 2.933333 2.966667</float_array>
        <technique_common>
          <accessor source="#mixamorig_Spine1-Matrix-animation-input-array" count="90">
            <param name="TIME" type="float"/>
          </accessor>
        </technique_common>
      </source>
      <source id="mixamorig_Spine1-Matrix-animation-output-transform">
        <float_array id="mixamorig_Spine1-Matrix-animation-output-transform-array" count="1440">

0.999458 -0.025664 -0.020616 0.000000 0.023077 0.992842 -0.117187 9.894900 0.023476 0.116648 0.992896 0.000000 0.000000 0.000000 0.000000 1.000000
0.999497 -0.025615 -0.018724 -0.000000 0.023450 0.993889 -0.107864 9.894900 0.021373 0.107370 0.993989 0.000000 0.000000 0.000000 0.000000 1.000000
0.999560 -0.022812 -0.018945 0.000000 0.020879 0.995104 -0.096602 9.894900 0.021056 0.096164 0.995143 0.000000 0.000000 0.000000 0.000000 1.000000
0.999637 -0.017829 -0.020191 -0.000000 0.016065 0.996305 -0.084367 9.894900 0.021620 0.084012 0.996230 0.000000 0.000000 0.000000 0.000000 1.000000
0.999750 -0.013784 -0.017582 0.000000 0.012508 0.997417 -0.070736 9.894900 0.018512 0.070499 0.997340 0.000000 0.000000 0.000000 0.000000 1.000000
0.999914 -0.010805 -0.007459 0.000000 0.010367 0.998355 -0.056391 9.894900 0.008056 0.056308 0.998381 -0.000000 0.000000 0.000000 0.000000 1.000000
0.999949 -0.004895 0.008790 0.000000 0.005276 0.999025 -0.043822 9.894900 -0.008567 0.043867 0.999001 0.000000 0.000000 0.000000 0.000000 1.000000
0.999636 0.005626 0.026380 0.000000 -0.004738 0.999423 -0.033626 9.894900 -0.026554 0.033489 0.999086 0.000000 0.000000 0.000000 0.000000 1.000000
0.999052 0.017077 0.040035 0.000000 -0.016103 0.999570 -0.024523 9.894900 -0.040436 0.023855 0.998897 0.000000 0.000000 0.000000 0.000000 1.000000
0.998601 0.024791 0.046712 0.000000 -0.024043 0.999574 -0.016523 9.894900 -0.047102 0.015376 0.998772 0.000000 0.000000 0.000000 0.000000 1.000000
0.998494 0.027206 0.047630 0.000000 -0.026751 0.999590 -0.010168 9.894900 -0.047888 0.008879 0.998813 0.000000 0.000000 0.000000 0.000000 1.000000
0.998615 0.025797 0.045846 0.000000 -0.025643 0.999663 -0.003944 9.894900 -0.045932 0.002763 0.998941 -0.000000 0.000000 0.000000 0.000000 1.000000
0.998858 0.022004 0.042408 0.000000 -0.022136 0.999751 0.002645 9.894900 -0.042339 -0.003580 0.999097 0.000000 0.000000 0.000000 0.000000 1.000000
0.999173 0.015206 0.037709 0.000000 -0.015417 0.999867 0.005318 9.894900 -0.037623 -0.005895 0.999275 0.000000 0.000000 0.000000 0.000000 1.000000
0.999385 0.005920 0.034552 0.000000 -0.005980 0.999981 0.001631 9.894900 -0.034542 -0.001837 0.999402 0.000000 0.000000 0.000000 0.000000 1.000000
0.999385 -0.002530 0.034961 0.000000 0.002712 0.999983 -0.005163 9.894900 -0.034947 0.005255 0.999375 0.000000 0.000000 0.000000 0.000000 1.000000
0.999309 -0.008020 0.036293 0.000000 0.008474 0.999888 -0.012350 9.894900 -0.036190 0.012649 0.999265 0.000000 0.000000 0.000000 0.000000 1.000000
0.999297 -0.011457 0.035683 0.000000 0.012161 0.999735 -0.019562 9.894900 -0.035449 0.019982 0.999172 0.000000 0.000000 0.000000 0.000000 1.000000
0.999307 -0.013324 0.034769 -0.000000 0.014240 0.999555 -0.026227 9.894900 -0.034404 0.026703 0.999051 -0.000000 0.000000 0.000000 0.000000 1.000000
0.999282 -0.011155 0.036216 0.000000 0.012309 0.999418 -0.031800 9.894900 -0.035841 0.032223 0.998838 0.000000 0.000000 0.000000 0.000000 1.000000
0.999234 -0.002957 0.039028 0.000000 0.004354 0.999351 -0.035756 9.894900 -0.038897 0.035898 0.998598 0.000000 0.000000 0.000000 0.000000 1.000000
0.999193 0.008718 0.039201 0.000000 -0.007289 0.999309 -0.036451 9.894900 -0.039492 0.036136 0.998566 0.000000 0.000000 0.000000 0.000000 1.000000
0.999279 0.018957 0.032907 0.000000 -0.017839 0.999265 -0.033931 9.894900 -0.033526 0.033320 0.998882 0.000000 0.000000 0.000000 0.000000 1.000000
0.999533 0.024426 0.018387 0.000000 -0.023830 0.999206 -0.031927 9.894900 -0.019152 0.031474 0.999321 0.000000 0.000000 0.000000 0.000000 1.000000
0.999711 0.023671 -0.004313 -0.000000 -0.023798 0.999195 -0.032304 9.894900 0.003545 0.032397 0.999469 0.000000 0.000000 0.000000 0.000000 1.000000
0.999344 0.018356 -0.031228 0.000000 -0.019391 0.999261 -0.033182 9.894900 0.030596 0.033766 0.998961 -0.000000 0.000000 0.000000 0.000000 1.000000
0.998617 0.014606 -0.050508 0.000000 -0.016490 0.999176 -0.037087 9.894900 0.049925 0.037869 0.998035 0.000000 0.000000 0.000000 0.000000 1.000000
0.998532 0.017213 -0.051352 0.000000 -0.019723 0.998615 -0.048769 9.894900 0.050441 0.049710 0.997489 0.000000 0.000000 0.000000 0.000000 1.000000
0.998922 0.023369 -0.040119 0.000000 -0.025857 0.997700 -0.062655 9.894900 0.038563 0.063625 0.997229 0.000000 0.000000 0.000000 0.000000 1.000000
0.999171 0.025934 -0.031392 0.000000 -0.028052 0.997222 -0.069008 9.894900 0.029515 0.069831 0.997122 0.000000 0.000000 0.000000 0.000000 1.000000
0.999373 0.022435 -0.027397 0.000000 -0.024300 0.997267 -0.069775 9.894900 0.025757 0.070397 0.997186 0.000000 0.000000 0.000000 0.000000 1.000000
0.999619 0.015944 -0.022538 0.000000 -0.017533 0.997239 -0.072163 9.894900 0.021325 0.072531 0.997138 0.000000 0.000000 0.000000 0.000000 1.000000
