<?xml version="1.0" encoding="utf-8"?>
<COLLADA xmlns="http://www.collada.org/2005/11/COLLADASchema" version="1.4.1">
  <asset>
    <contributor>
      <author>Mixamo</author>
      <authoring_tool>COLLADA Mixamo exporter</authoring_tool>
      <comments/>
    </contributor>
    <created>2025-03-25T23:56:55Z</created>
    <modified>2025-03-25T23:56:55Z</modified>
    <revision/>
    <title/>
    <unit meter="0.010000"/>
    <up_axis>Y_UP</up_axis>
  </asset>
  <library_animations>
    <animation id="mixamorig_Hips-anim" name="mixamorig_Hips">
      <source id="mixamorig_Hips-Matrix-animation-input">
        <float_array id="mixamorig_Hips-Matrix-animation-input-array" count="58">

0.000000 0.033333 0.066667 0.100000 0.133333 0.166667 0.200000 0.233333 0.266667 0.300000 0.333333 0.366667 0.400000 0.433333 0.466667 0.500000
0.533333 0.566667 0.600000 0.633333 0.666667 0.700000 0.733333 0.766667 0.800000 0.833333 0.866667 0.900000 0.933333 0.966667 1.000000 1.033333
1.066667 1.100000 1.133333 1.166667 1.200000 1.233333 1.266667 1.300000 1.333333 1.366667 1.400000 1.433333 1.466667 1.500000 1.533333 1.566667
1.600000 1.633333 1.666667 1.700000 1.733333 1.766667 1.800000 1.833333 1.866667 1.900000</float_array>
        <technique_common>
          <accessor source="#mixamorig_Hips-Matrix-animation-input-array" count="58">
            <param name="TIME" type="float"/>
          </accessor>
        </technique_common>
      </source>
      <source id="mixamorig_Hips-Matrix-animation-output-transform">
        <float_array id="mixamorig_Hips-Matrix-animation-output-transform-array" count="928">

0.730060 0.050994 -0.681478 0.065558 0.002717 0.996988 0.077514 89.598953 0.683378 -0.058441 0.727722 -0.877758 0.000000 0.000000 0.000000 1.000000
0.729085 0.042503 -0.683102 0.490767 -0.000950 0.998132 0.061089 89.510513 0.684422 -0.043890 0.727764 -1.003570 0.000000 0.000000 0.000000 1.000000
0.721100 0.015266 -0.692662 1.833016 -0.001386 0.999787 0.020593 88.587936 0.692829 -0.013889 0.720968 -1.476920 0.000000 0.000000 0.000000 1.000000
0.697974 -0.030299 -0.715482 3.792657 -0.008580 0.998679 -0.050661 86.446838 0.716071 0.041499 0.696792 -2.200651 0.000000 0.000000 0.000000 1.000000
0.666170 -0.085699 -0.740860 6.189795 -0.026307 0.990058 -0.138180 82.789742 0.745336 0.111541 0.657292 -3.089357 0.000000 0.000000 0.000000 1.000000
0.629810 -0.141647 -0.763725 8.708452 -0.054173 0.972828 -0.225103 77.559624 0.774858 0.183146 0.605023 -4.052082 0.000000 0.000000 0.000000 1.000000
0.602964 -0.194105 -0.773794 10.925849 -0.076815 0.951316 -0.298492 71.040703 0.794061 0.239419 0.558699 -4.928831 0.000000 0.000000 0.000000 1.000000
0.597541 -0.233829 -0.766987 12.687550 -0.064973 0.939270 -0.336972 64.013123 0.799202 0.251188 0.546060 -5.380238 0.000000 0.000000 0.000000 1.000000
0.596453 -0.256154 -0.760677 13.617723 -0.029281 0.940134 -0.339545 57.939819 0.802114 0.224796 0.553245 -5.284765 0.000000 0.000000 0.000000 1.000000
0.598882 -0.238742 -0.764423 13.558973 -0.006719 0.952998 -0.302901 54.097771 0.800809 0.186538 0.569129 -5.006378 0.000000 0.000000 0.000000 1.000000
0.616869 -0.173431 -0.767720 12.556599 0.001964 0.975757 -0.218849 52.843304 0.787063 0.133493 0.602255 -4.715147 0.000000 0.000000 0.000000 1.000000
0.644198 -0.103403 -0.757837 10.486256 0.010892 0.991959 -0.126090 54.769150 0.764781 0.072972 0.640144 -4.541541 0.000000 0.000000 0.000000 1.000000
0.685393 -0.049708 -0.726475 7.657182 0.020128 0.998579 -0.049337 59.782124 0.727895 0.019193 0.685419 -4.854258 0.000000 0.000000 0.000000 1.000000
0.727178 0.007783 -0.686405 4.340900 0.020975 0.999217 0.033551 67.192261 0.686129 -0.038795 0.726445 -5.186864 0.000000 0.000000 0.000000 1.000000
0.759275 0.064329 -0.647583 0.398395 0.033943 0.989833 0.138125 77.022972 0.649884 -0.126855 0.749372 -4.578523 0.000000 0.000000 0.000000 1.000000
0.777094 0.093999 -0.622326 -3.876981 0.050234 0.976367 0.210201 89.105019 0.627377 -0.194608 0.754007 -3.182405 0.000000 0.000000 0.000000 1.000000
0.766258 0.089560 -0.636261 -7.646978 0.062292 0.975219 0.212291 99.834236 0.639506 -0.202304 0.741690 -2.445489 0.000000 0.000000 0.000000 1.000000
0.767815 0.044557 -0.639120 -8.347375 0.093316 0.979162 0.180370 111.954826 0.633839 -0.198131 0.747658 -2.615647 0.000000 0.000000 0.000000 1.000000
0.780907 -0.024053 -0.624183 -6.782423 0.135051 0.982126 0.131113 123.190750 0.609873 -0.186684 0.770198 -3.466930 0.000000 0.000000 0.000000 1.000000
0.771270 -0.104359 -0.627895 -4.457703 0.169909 0.984428 0.045090 132.561234 0.613412 -0.141462 0.776991 -4.608037 0.000000 0.000000 0.000000 1.000000
0.760415 -0.169410 -0.626952 -2.812023 0.214141 0.976794 -0.004216 139.868271 0.613117 -0.131050 0.779046 -5.938867 0.000000 0.000000 0.000000 1.000000
0.752956 -0.181218 -0.632627 -2.266282 0.235052 0.971982 0.001333 145.057465 0.614661 -0.149704 0.774455 -7.154480 0.000000 0.000000 0.000000 1.000000
0.756878 -0.143664 -0.637570 -2.450763 0.240509 0.968309 0.067326 148.068497 0.607693 -0.204299 0.767445 -7.850164 0.000000 0.000000 0.000000 1.000000
0.774794 -0.099149 -0.624390 -3.304973 0.258034 0.951214 0.169144 148.628235 0.577159 -0.292165 0.762579 -7.995599 0.000000 0.000000 0.000000 1.000000
0.799846 -0.052875 -0.597871 -4.368328 0.259688 0.928536 0.265298 146.985703 0.541118 -0.367457 0.756417 -7.841887 0.000000 0.000000 0.000000 1.000000
0.821148 -0.022671 -0.570265 -4.998113 0.239927 0.920337 0.308892 144.238327 0.517833 -0.390468 0.761173 -7.758078 0.000000 0.000000 0.000000 1.000000
0.835336 -0.023814 -0.549224 -4.957721 0.223324 0.927611 0.299441 141.370331 0.502335 -0.372788 0.780185 -7.399682 0.000000 0.000000 0.000000 1.000000
0.846224 -0.045039 -0.530920 -4.521719 0.210942 0.943328 0.256193 138.028122 0.489293 -0.328791 0.807768 -6.606462 0.000000 0.000000 0.000000 1.000000
0.854604 -0.075199 -0.513807 -4.066719 0.197553 0.962141 0.187770 134.124054 0.480234 -0.261973 0.837105 -5.439912 0.000000 0.000000 0.000000 1.000000
0.863874 -0.096665 -0.494346 -3.862225 0.170636 0.979546 0.106647 128.969086 0.473925 -0.176483 0.862699 -3.730545 0.000000 0.000000 0.000000 1.000000
0.884752 -0.099952 -0.455218 -3.952062 0.133207 0.990220 0.041476 121.439049 0.446620 -0.097334 0.889414 -1.048380 0.000000 0.000000 0.000000 1.000000
0.917967 -0.084894 -0.387466 -4.245842 0.100786 0.994690 0.020841 112.165482 0.383640 -0.058182 0.921648 2.006985 0.000000 0.000000 0.000000 1.000000
0.946323 -0.050696 -0.319221 -4.425596 0.063407 0.997550 0.029546 100.777008 0.316941 -0.048201 0.947220 4.521703 0.000000 0.000000 0.000000 1.000000
0.967845 -0.032839 -0.249393 -4.721382 0.036092 0.999313 0.008479 88.573906 0.248943 -0.017208 0.968365 5.321510 0.000000 0.000000 0.000000 1.000000
0.978521 -0.073855 -0.192461 -4.858500 0.060613 0.995429 -0.073811 77.472878 0.197032 0.060560 0.978525 4.131585 0.000000 0.000000 0.000000 1.000000
0.967355 -0.151921 -0.202839 -3.998762 0.122900 0.981204 -0.148775 69.388138 0.221629 0.118989 0.967844 3.224422 0.000000 0.000000 0.000000 1.000000
0.946771 -0.231197 -0.223995 -2.694949 0.181715 0.958207 -0.220952 64.694344 0.265717 0.168488 0.949214 2.487567 0.000000 0.000000 0.000000 1.000000
0.928698 -0.283421 -0.239148 -1.295198 0.217590 0.938676 -0.267472 61.169106 0.300290 0.196364 0.933417 1.743921 0.000000 0.000000 0.000000 1.000000
0.909906 -0.309728 -0.275936 -0.058377 0.230682 0.930672 -0.283964 58.880501 0.344758 0.194727 0.918272 1.154486 0.000000 0.000000 0.000000 1.000000
0.888809 -0.330687 -0.317277 0.842895 0.238003 0.924718 -0.297070 57.937912 0.391630 0.188526 0.900602 0.807884 0.000000 0.000000 0.000000 1.000000
0.876274 -0.328987 -0.352012 1.315100 0.230444 0.927784 -0.293448 58.391647 0.423132 0.176022 0.888806 0.629320 0.000000 0.000000 0.000000 1.000000
0.868246 -0.305714 -0.390753 1.390490 0.209589 0.939878 -0.269633 60.344337 0.449691 0.152210 0.880119 0.455215 0.000000 0.000000 0.000000 1.000000
0.862347 -0.276920 -0.423879 1.124703 0.182616 0.950940 -0.249730 63.550007 0.472238 0.137947 0.870610 0.319600 0.000000 0.000000 0.000000 1.000000
0.858320 -0.240532 -0.453245 0.619964 0.147766 0.961770 -0.230574 67.588341 0.491378 0.130932 0.861049 0.192824 0.000000 0.000000 0.000000 1.000000
0.847784 -0.204787 -0.489209 0.175453 0.118022 0.972160 -0.202425 72.052261 0.517043 0.113875 0.848351 0.005405 0.000000 0.000000 0.000000 1.000000
0.831983 -0.174313 -0.526706 -0.084262 0.094180 0.979955 -0.175550 76.566605 0.546749 0.096449 0.831723 -0.207890 0.000000 0.000000 0.000000 1.000000
0.816054 -0.142524 -0.560128 -0.192936 0.069858 0.986337 -0.149197 80.695541 0.573739 0.082624 0.814860 -0.426817 0.000000 0.000000 0.000000 1.000000
0.798971 -0.110668 -0.591099 -0.254030 0.049874 0.991729 -0.118262 84.095215 0.599297 0.065007 0.797883 -0.596795 0.000000 0.000000 0.000000 1.000000
0.781351 -0.078022 -0.619195 -0.316810 0.033150 0.995943 -0.083662 86.575104 0.623210 0.044844 0.780768 -0.701658 0.000000 0.000000 0.000000 1.000000
0.765540 -0.043449 -0.641920 -0.324395 0.018403 0.998788 -0.045658 88.179520 0.643126 0.023140 0.765411 -0.823322 0.000000 0.000000 0.000000 1.000000
0.751281 -0.011376 -0.659885 -0.250678 0.009552 0.999934 -0.006362 89.081070 0.659914 -0.001523 0.751340 -0.920089 0.000000 0.000000 0.000000 1.000000
0.741806 0.009616 -0.670545 -0.161716 0.006491 0.999747 0.021518 89.404175 0.670583 -0.020315 0.741556 -0.947906 0.000000 0.000000 0.000000 1.000000
0.737150 0.020925 -0.675405 -0.102279 0.005389 0.999307 0.036842 89.505608 0.675708 -0.030798 0.736526 -0.951148 0.000000 0.000000 0.000000 1.000000
0.734649 0.027736 -0.677881 -0.063453 0.004816 0.998926 0.046092 89.547485 0.678431 -0.037126 0.733726 -0.949631 0.000000 0.000000 0.000000 1.000000
0.732286 0.035438 -0.680074 -0.016217 0.004214 0.998390 0.056563 89.576241 0.680984 -0.044286 0.730958 -0.941867 0.000000 0.000000 0.000000 1.000000
0.730605 0.042158 -0.681497 0.024592 0.003659 0.997836 0.065650 89.592323 0.682790 -0.050458 0.728870 -0.929491 0.000000 0.000000 0.000000 1.000000
0.730044 0.046364 -0.681825 0.047173 0.003242 0.997450 0.071298 89.596130 0.683392 -0.054261 0.728032 -0.912286 0.000000 0.000000 0.000000 1.000000
0.730015 0.050996 -0.681526 0.065259 0.002720 0.996988 0.077514 89.598991 0.683426 -0.058440 0.727677 -0.876375 0.000000 0.000000 0.000000 1.000000</float_array>
        <technique_common>
          <accessor source="#mixamorig_Hips-Matrix-animation-output-transform-array" count="58" stride="16">
            <param type="float4x4"/>
          </accessor>
        </technique_common>
      </source>
      <source id="mixamorig_Hips-Interpolations">
        <Name_array id="mixamorig_Hips-Interpolations-array" count="58">
 LINEAR LINEAR LINEAR LINEAR LINEAR LINEAR LINEAR LINEAR LINEAR LINEAR LINEAR
LINEAR LINEAR LINEAR LINEAR LINEAR LINEAR LINEAR LINEAR LINEAR LINEAR LINEAR LINEAR
LINEAR LINEAR LINEAR LINEAR LINEAR LINEAR LINEAR LINEAR LINEAR LINEAR LINEAR LINEAR
LINEAR LINEAR LINEAR LINEAR LINEAR LINEAR LINEAR LINEAR LINEAR LINEAR LINEAR LINEAR
LINEAR LINEAR LINEAR LINEAR LINEAR LINEAR LINEAR LINEAR LINEAR LINEAR LINEAR</Name_array>
        <technique_common>
          <accessor source="#mixamorig_Hips-Interpolations-array" count="58">
            <param type="name"/>
          </accessor>
        </technique_common>
      </source>
      <sampler id="mixamorig_Hips-Matrix-animation-transform">
        <input semantic="INPUT" source="#mixamorig_Hips-Matrix-animation-input"/>
        <input semantic="OUTPUT" source="#mixamorig_Hips-Matrix-animation-output-transform"/>
        <input semantic="INTERPOLATION" source="#mixamorig_Hips-Interpolations"/>
      </sampler>
      <channel source="#mixamorig_Hips-Matrix-animation-transform" target="mixamorig_Hips/matrix"/>
    </animation>
    <animation id="mixamorig_Spine-anim" name="mixamorig_Spine">
      <source id="mixamorig_Spine-Matrix-animation-input">
        <float_array id="mixamorig_Spine-Matrix-animation-input-array" count="58">

0.000000 0.033333 0.066667 0.100000 0.133333 0.166667 0.200000 0.233333 0.266667 0.300000 0.333333 0.366667 0.400000 0.433333 0.466667 0.500000
0.533333 0.566667 0.600000 0.633333 0.666667 0.700000 0.733333 0.766667 0.800000 0.833333 0.866667 0.900000 0.933333 0.966667 1.000000 1.033333
1.066667 1.100000 1.133333 1.166667 1.200000 1.233333 1.266667 1.300000 1.333333 1.366667 1.400000 1.433333 1.466667 1.500000 1.533333 1.566667
1.600000 1.633333 1.666667 1.700000 1.733333 1.766667 1.800000 1.833333 1.866667 1.900000</float_array>
        <technique_common>
          <accessor source="#mixamorig_Spine-Matrix-animation-input-array" count="58">
            <param name="TIME" type="float"/>
          </accessor>
        </technique_common>
      </source>
      <source id="mixamorig_Spine-Matrix-animation-output-transform">
        <float_array id="mixamorig_Spine-Matrix-animation-output-transform-array" count="928">

0.996590 0.020945 0.079804 0.000800 -0.013622 0.995737 -0.091224 9.226300 -0.081375 0.089826 0.992628 1.577100 0.000000 0.000000 0.000000 1.000000
0.997018 0.020835 0.074299 0.000800 -0.014001 0.995721 -0.091341 9.226300 -0.075885 0.090028 0.993044 1.577100 0.000000 0.000000 0.000000 1.000000
0.997611 0.020001 0.066117 0.000800 -0.013750 0.995507 -0.093685 9.226300 -0.067694 0.092552 0.993404 1.577100 0.000000 0.000000 0.000000 1.000000
0.998030 0.018415 0.059983 0.000800 -0.012570 0.995262 -0.096411 9.226300 -0.061474 0.095467 0.993533 1.577100 0.000000 0.000000 0.000000 1.000000
0.998404 0.014395 0.054607 0.000800 -0.008807 0.994826 -0.101206 9.226300 -0.055782 0.100564 0.993366 1.577100 0.000000 0.000000 0.000000 1.000000
0.998822 0.009136 0.047660 0.000800 -0.003933 0.994127 -0.108149 9.226300 -0.048369 0.107834 0.992992 1.577100 0.000000 0.000000 0.000000 1.000000
0.999352 0.005259 0.035616 0.000800 -0.001072 0.993181 -0.116575 9.226300 -0.035986 0.116461 0.992543 1.577100 0.000000 0.000000 0.000000 1.000000
0.999769 0.003195 0.021258 0.000800 -0.000428 0.991656 -0.128908 9.226300 -0.021493 0.128869 0.991429 1.577100 0.000000 0.000000 0.000000 1.000000
0.999914 0.003769 0.012594 0.000800 -0.001978 0.990255 -0.139249 9.226300 -0.012996 0.139212 0.990177 1.577100 0.000000 0.000000 0.000000 1.000000
0.999952 0.004206 0.008858 0.000800 -0.002880 0.989471 -0.144704 9.226300 -0.009374 0.144672 0.989435 1.577100 0.000000 0.000000 0.000000 1.000000
0.999975 0.000925 0.006958 0.000800 0.000122 0.988825 -0.149079 9.226300 -0.007018 0.149076 0.988801 1.577100 0.000000 0.000000 0.000000 1.000000
0.999935 -0.000518 0.011381 0.000800 0.002156 0.989526 -0.144342 9.226300 -0.011187 0.144357 0.989462 1.577100 0.000000 0.000000 0.000000 1.000000
0.999899 0.000227 0.014195 0.000800 0.001617 0.991542 -0.129777 9.226300 -0.014104 0.129787 0.991442 1.577100 0.000000 0.000000 0.000000 1.000000
0.999895 -0.001096 0.014472 0.000800 0.002811 0.992888 -0.119023 9.226300 -0.014239 0.119051 0.992786 1.577100 0.000000 0.000000 0.000000 1.000000
0.999800 0.002426 0.019872 0.000800 -0.000172 0.993633 -0.112669 9.226300 -0.020018 0.112643 0.993434 1.577100 0.000000 0.000000 0.000000 1.000000
0.999585 0.009739 0.027099 0.000800 -0.007066 0.995253 -0.097062 9.226300 -0.027916 0.096830 0.994909 1.577100 0.000000 0.000000 0.000000 1.000000
0.999314 0.017719 0.032514 0.000800 -0.015083 0.996713 -0.079592 9.226300 -0.033817 0.079047 0.996297 1.577100 0.000000 0.000000 0.000000 1.000000
0.999039 0.024867 0.036083 0.000800 -0.021955 0.996636 -0.078963 9.226300 -0.037925 0.078095 0.996224 1.577100 0.000000 0.000000 0.000000 1.000000
0.998784 0.032799 0.036803 0.000800 -0.029419 0.995605 -0.088913 9.226300 -0.039557 0.087722 0.995359 1.577100 0.000000 0.000000 0.000000 1.000000
0.998598 0.041220 0.033209 0.000800 -0.037672 0.994155 -0.101173 9.226300 -0.037186 0.099780 0.994314 1.577100 0.000000 0.000000 0.000000 1.000000
0.998347 0.052546 0.023269 0.000800 -0.049447 0.991771 -0.118091 9.226300 -0.029283 0.116745 0.992730 1.577100 0.000000 0.000000 0.000000 1.000000
0.998091 0.060930 0.010120 0.000800 -0.058895 0.988224 -0.141222 9.226300 -0.018605 0.140357 0.989926 1.577100 0.000000 0.000000 0.000000 1.000000
0.997649 0.068538 0.000130 0.000800 -0.067461 0.982313 -0.174672 9.226300 -0.012099 0.174253 0.984627 1.577100 0.000000 0.000000 0.000000 1.000000
0.997159 0.075098 -0.005827 0.000800 -0.074641 0.974771 -0.210358 9.226300 -0.010118 0.210195 0.977607 1.577100 0.000000 0.000000 0.000000 1.000000
0.997073 0.075864 -0.009506 0.000800 -0.075956 0.968648 -0.236539 9.226300 -0.008737 0.236569 0.971575 1.577100 0.000000 0.000000 0.000000 1.000000
0.997412 0.070842 -0.012245 0.000800 -0.071680 0.966851 -0.245073 9.226300 -0.005523 0.245317 0.969427 1.577100 0.000000 0.000000 0.000000 1.000000
0.997901 0.063355 -0.013417 0.000800 -0.064727 0.969155 -0.237799 9.226300 -0.002062 0.238169 0.971222 1.577100 0.000000 0.000000 0.000000 1.000000
0.998403 0.054736 -0.014004 0.000800 -0.056476 0.973989 -0.219443 9.226300 0.001629 0.219883 0.975525 1.577100 0.000000 0.000000 0.000000 1.000000
0.998838 0.045267 -0.016527 0.000800 -0.047603 0.980174 -0.192335 9.226300 0.007492 0.192898 0.981190 1.577100 0.000000 0.000000 0.000000 1.000000
0.999210 0.035013 -0.018793 0.000800 -0.037561 0.986555 -0.159055 9.226300 0.012971 0.159636 0.987091 1.577100 0.000000 0.000000 0.000000 1.000000
0.999565 0.025329 -0.015091 0.000800 -0.027034 0.991628 -0.126269 9.226300 0.011766 0.126622 0.991881 1.577100 0.000000 0.000000 0.000000 1.000000
0.999815 0.016541 -0.009780 0.000800 -0.017454 0.994617 -0.102139 9.226300 0.008038 0.102291 0.994722 1.577100 0.000000 0.000000 0.000000 1.000000
0.999937 0.009309 -0.006231 0.000800 -0.009806 0.996319 -0.085155 9.226300 0.005416 0.085211 0.996348 1.577100 0.000000 0.000000 0.000000 1.000000
0.999973 0.005715 -0.004668 0.000800 -0.006078 0.996641 -0.081669 9.226300 0.004185 0.081695 0.996649 1.577100 0.000000 0.000000 0.000000 1.000000
0.999989 0.004439 -0.001668 0.000800 -0.004571 0.995904 -0.090301 9.226300 0.001260 0.090308 0.995913 1.577100 0.000000 0.000000 0.000000 1.000000
0.999961 0.006899 0.005579 0.000800 -0.006250 0.994024 -0.108984 9.226300 -0.006297 0.108945 0.994028 1.577100 0.000000 0.000000 0.000000 1.000000
0.999947 0.006938 0.007575 0.000800 -0.005891 0.991430 -0.130506 9.226300 -0.008415 0.130454 0.991419 1.577100 0.000000 0.000000 0.000000 1.000000
0.999944 0.000728 0.010534 0.000800 0.000912 0.987939 -0.154839 9.226300 -0.010519 0.154840 0.987884 1.577100 0.000000 0.000000 0.000000 1.000000
0.999865 -0.006735 0.014997 0.000800 0.009309 0.983843 -0.178794 9.226300 -0.013550 0.178909 0.983772 1.577100 0.000000 0.000000 0.000000 1.000000
0.999733 -0.014369 0.018071 0.000800 0.017630 0.980501 -0.195721 9.226300 -0.014907 0.195988 0.980493 1.577100 0.000000 0.000000 0.000000 1.000000
0.999484 -0.022416 0.022987 0.000800 0.026735 0.977500 -0.209233 9.226300 -0.017779 0.209740 0.977596 1.577100 0.000000 0.000000 0.000000 1.000000
0.999203 -0.027445 0.028986 0.000800 0.033122 0.975318 -0.218307 9.226300 -0.022279 0.219093 0.975450 1.577100 0.000000 0.000000 0.000000 1.000000
0.998992 -0.029839 0.033526 0.000800 0.036391 0.975732 -0.215922 9.226300 -0.026269 0.216924 0.975835 1.577100 0.000000 0.000000 0.000000 1.000000
0.998760 -0.031322 0.038705 0.000800 0.038634 0.977881 -0.205562 9.226300 -0.031410 0.206802 0.977878 1.577100 0.000000 0.000000 0.000000 1.000000
0.998647 -0.028442 0.043527 0.000800 0.036306 0.980693 -0.192154 9.226300 -0.037222 0.193475 0.980399 1.577100 0.000000 0.000000 0.000000 1.000000
0.998586 -0.023451 0.047718 0.000800 0.031539 0.983790 -0.176528 9.226300 -0.042805 0.177783 0.983138 1.577100 0.000000 0.000000 0.000000 1.000000
0.998427 -0.018603 0.052894 0.000800 0.026925 0.986541 -0.161281 9.226300 -0.049182 0.162452 0.985490 1.577100 0.000000 0.000000 0.000000 1.000000
0.998175 -0.012516 0.059081 0.000800 0.021184 0.988691 -0.148465 9.226300 -0.056554 0.149446 0.987151 1.577100 0.000000 0.000000 0.000000 1.000000
0.997851 -0.006245 0.065233 0.000800 0.015098 0.990579 -0.136107 9.226300 -0.063768 0.136800 0.988544 1.577100 0.000000 0.000000 0.000000 1.000000
0.997536 -0.000503 0.070148 0.000800 0.009136 0.992390 -0.122796 9.226300 -0.069553 0.123135 0.989950 1.577100 0.000000 0.000000 0.000000 1.000000
0.997225 0.005291 0.074260 0.000800 0.002963 0.993860 -0.110606 9.226300 -0.074390 0.110519 0.991086 1.577100 0.000000 0.000000 0.000000 1.000000
0.996957 0.010202 0.077283 0.000800 -0.002198 0.994684 -0.102951 9.226300 -0.077922 0.102467 0.991680 1.577100 0.000000 0.000000 0.000000 1.000000
0.996798 0.013771 0.078771 0.000800 -0.005917 0.995061 -0.099093 9.226300 -0.079746 0.098310 0.991955 1.577100 0.000000 0.000000 0.000000 1.000000
0.996706 0.016471 0.079407 0.000800 -0.008721 0.995249 -0.096971 9.226300 -0.080627 0.095959 0.992114 1.577100 0.000000 0.000000 0.000000 1.000000
0.996641 0.018626 0.079744 0.000800 -0.011015 0.995432 -0.094839 9.226300 -0.081146 0.093642 0.992294 1.577100 0.000000 0.000000 0.000000 1.000000
0.996593 0.020171 0.079973 0.000800 -0.012690 0.995588 -0.092968 9.226300 -0.081495 0.091637 0.992452 1.577100 0.000000 0.000000 0.000000 1.000000
0.996572 0.020972 0.080022 0.000800 -0.013576 0.995678 -0.091878 9.226300 -0.081603 0.090476 0.992550 1.577100 0.000000 0.000000 0.000000 1.000000
0.996591 0.020965 0.079794 0.000800 -0.013643 0.995737 -0.091225 9.226300 -0.081367 0.089826 0.992628 1.577100 0.000000 0.000000 0.000000 1.000000</float_array>
        <technique_common>
          <accessor source="#mixamorig_Spine-Matrix-animation-output-transform-array" count="58" stride="16">
            <param type="float4x4"/>
          </accessor>
        </technique_common>
      </source>
      <source id="mixamorig_Spine-Interpolations">
        <Name_array id="mixamorig_Spine-Interpolations-array" count="58">
 LINEAR LINEAR LINEAR LINEAR LINEAR LINEAR LINEAR LINEAR LINEAR LINEAR LINEAR
LINEAR LINEAR LINEAR LINEAR LINEAR LINEAR LINEAR LINEAR LINEAR LINEAR LINEAR LINEAR
LINEAR LINEAR LINEAR LINEAR LINEAR LINEAR LINEAR LINEAR LINEAR LINEAR LINEAR LINEAR
LINEAR LINEAR LINEAR LINEAR LINEAR LINEAR LINEAR LINEAR LINEAR LINEAR LINEAR LINEAR
LINEAR LINEAR LINEAR LINEAR LINEAR LINEAR LINEAR LINEAR LINEAR LINEAR LINEAR</Name_array>
        <technique_common>
          <accessor source="#mixamorig_Spine-Interpolations-array" count="58">
            <param type="name"/>
          </accessor>
        </technique_common>
      </source>
      <sampler id="mixamorig_Spine-Matrix-animation-transform">
        <input semantic="INPUT" source="#mixamorig_Spine-Matrix-animation-input"/>
        <input semantic="OUTPUT" source="#mixamorig_Spine-Matrix-animation-output-transform"/>
        <input semantic="INTERPOLATION" source="#mixamorig_Spine-Interpolations"/>
      </sampler>
      <channel source="#mixamorig_Spine-Matrix-animation-transform" target="mixamorig_Spine/matrix"/>
    </animation>
    <animation id="mixamorig_Spine1-anim" name="mixamorig_Spine1">
      <source id="mixamorig_Spine1-Matrix-animation-input">
        <float_array id="mixamorig_Spine1-Matrix-animation-input-array" count="58">

0.000000 0.033333 0.066667 0.100000 0.133333 0.166667 0.200000 0.233333 0.266667 0.300000 0.333333 0.366667 0.400000 0.433333 0.466667 0.500000
0.533333 0.566667 0.600000 0.633333 0.666667 0.700000 0.733333 0.766667 0.800000 0.833333 0.866667 0.900000 0.933333 0.966667 1.000000 1.033333
1.066667 1.100000 1.133333 1.166667 1.200000 1.233333 1.266667 1.300000 1.333333 1.366667 1.400000 1.433333 1.466667 1.500000 1.533333 1.566667
1.600000 1.633333 1.666667 1.700000 1.733333 1.766667 1.800000 1.833333 1.866667 1.900000</float_array>
        <technique_common>
          <accessor source="#mixamorig_Spine1-Matrix-animation-input-array" count="58">
            <param name="TIME" type="float"/>
          </accessor>
        </technique_common>
      </source>
      <source id="mixamorig_Spine1-Matrix-animation-output-transform">
        <float_array id="mixamorig_Spine1-Matrix-animation-output-transform-array" count="928">

0.986175 0.038014 0.161285 -0.000000 -0.018743 0.992674 -0.119363 16.254801 -0.164641 0.114690 0.979663 0.000000 0.000000 0.000000 0.000000 1.000000
0.987893 0.038317 0.150330 0.000000 -0.020298 0.992613 -0.119614 16.254801 -0.153802 0.115115 0.981373 0.000000 0.000000 0.000000 0.000000 1.000000
0.990315 0.037174 0.133770 0.000000 -0.020464 0.992047 -0.124192 16.254801 -0.137322 0.120252 0.983200 -0.000000 0.000000 0.000000 0.000000 1.000000
0.992059 0.034553 0.120935 -0.000000 -0.018743 0.991402 -0.129502 16.254801 -0.124370 0.126207 0.984177 0.000000 0.000000 0.000000 0.000000 1.000000
0.993670 0.028186 0.108741 -0.000000 -0.012889 0.990224 -0.138888 16.254801 -0.111593 0.136607 0.984320 0.000000 0.000000 0.000000 0.000000 1.000000
0.995539 0.020335 0.092138 -0.000000 -0.006066 0.988274 -0.152570 16.254801 -0.094160 0.151331 0.983988 0.000000 0.000000 0.000000 0.000000 1.000000
0.997776 0.013690 0.065243 0.000000 -0.002461 0.985583 -0.169173 16.254801 -0.066618 0.168636 0.983425 -0.000000 0.000000 0.000000 0.000000 1.000000
0.999319 0.007617 0.036107 0.000000 -0.000489 0.981108 -0.193460 16.254801 -0.036898 0.193311 0.980444 0.000000 0.000000 0.000000 0.000000 1.000000
0.999785 0.005756 0.019900 0.000000 -0.001367 0.976868 -0.213837 16.254801 -0.020671 0.213764 0.976667 0.000000 0.000000 0.000000 0.000000 1.000000
0.999904 0.005239 0.012839 0.000000 -0.002222 0.974452 -0.224583 16.254801 -0.013688 0.224533 0.974370 -0.000000 0.000000 0.000000 0.000000 1.000000
0.999960 -0.001622 0.008772 -0.000000 0.003623 0.972426 -0.233182 16.254801 -0.008151 0.233204 0.972394 0.000000 0.000000 0.000000 0.000000 1.000000
0.999831 -0.004586 0.017783 -0.000000 0.008451 0.974595 -0.223815 16.254801 -0.016304 0.223928 0.974469 0.000000 0.000000 0.000000 0.000000 1.000000
0.999711 -0.002746 0.023886 0.000000 0.007354 0.980765 -0.195053 16.254801 -0.022891 0.195172 0.980502 0.000000 0.000000 0.000000 0.000000 1.000000
0.999663 -0.003601 0.025727 -0.000000 0.008019 0.984755 -0.173761 16.254801 -0.024709 0.173909 0.984452 0.000000 0.000000 0.000000 0.000000 1.000000
0.999201 0.004385 0.039730 0.000000 0.002079 0.986921 -0.161192 16.254801 -0.039917 0.161146 0.986123 0.000000 0.000000 0.000000 0.000000 1.000000
0.998216 0.019458 0.056446 -0.000000 -0.011953 0.991394 -0.130367 16.254801 -0.058497 0.129460 0.989858 -0.000000 0.000000 0.000000 0.000000 1.000000
0.997168 0.033028 0.067563 -0.000000 -0.026469 0.995052 -0.095769 16.254801 -0.070392 0.093709 0.993108 -0.000000 0.000000 0.000000 0.000000 1.000000
0.996218 0.044779 0.074459 0.000000 -0.037637 0.994794 -0.094703 16.254801 -0.078312 0.091542 0.992717 0.000000 0.000000 0.000000 0.000000 1.000000
0.995415 0.058672 0.075546 -0.000000 -0.049771 0.992147 -0.114751 16.254801 -0.081685 0.110465 0.990518 0.000000 0.000000 0.000000 0.000000 1.000000
0.995189 0.069479 0.069077 0.000000 -0.059357 0.988499 -0.139093 16.254801 -0.077946 0.134324 0.987867 0.000000 0.000000 0.000000 0.000000 1.000000
0.994873 0.086375 0.052608 0.000000 -0.076129 0.982031 -0.172685 16.254801 -0.066578 0.167794 0.983571 0.000000 0.000000 0.000000 0.000000 1.000000
0.994437 0.101319 0.028815 0.000000 -0.092651 0.971461 -0.218357 16.254801 -0.050117 0.214473 0.975443 -0.000000 0.000000 0.000000 0.000000 1.000000
0.993288 0.115317 0.008951 0.000000 -0.108058 0.952786 -0.283765 16.254801 -0.041251 0.280893 0.958852 0.000000 0.000000 0.000000 0.000000 1.000000
0.992022 0.125989 -0.004317 0.000000 -0.119411 0.928156 -0.352517 16.254801 -0.040406 0.350220 0.935796 0.000000 0.000000 0.000000 0.000000 1.000000
0.991996 0.125537 -0.013585 0.000000 -0.120371 0.907664 -0.402067 16.254801 -0.038144 0.400484 0.915510 0.000000 0.000000 0.000000 0.000000 1.000000
0.993110 0.115445 -0.020104 0.000000 -0.113243 0.901380 -0.417960 16.254801 -0.030130 0.417357 0.908243 -0.000000 0.000000 0.000000 0.000000 1.000000
0.994725 0.100160 -0.022140 0.000000 -0.100535 0.909091 -0.404284 16.254801 -0.020366 0.404377 0.914366 0.000000 0.000000 0.000000 0.000000 1.000000
0.996370 0.082056 -0.022659 0.000000 -0.084611 0.925344 -0.369567 16.254801 -0.009358 0.370142 0.928928 0.000000 0.000000 0.000000 0.000000 1.000000
0.997607 0.063412 -0.027559 0.000000 -0.068888 0.945727 -0.317576 16.254801 0.005925 0.318714 0.947832 0.000000 0.000000 0.000000 0.000000 1.000000
0.998355 0.046726 -0.033230 0.000000 -0.053628 0.966032 -0.252797 16.254801 0.020289 0.254163 0.966948 0.000000 0.000000 0.000000 0.000000 1.000000
0.998999 0.034759 -0.028167 0.000000 -0.039450 0.981344 -0.188167 16.254801 0.021101 0.189089 0.981733 -0.000000 0.000000 0.000000 0.000000 1.000000
0.999489 0.026221 -0.018272 0.000000 -0.028528 0.989709 -0.140223 16.254801 0.014408 0.140673 0.989951 -0.000000 0.000000 0.000000 0.000000 1.000000
0.999787 0.018526 -0.009150 0.000000 -0.019395 0.994136 -0.106379 16.254801 0.007125 0.106534 0.994284 0.000000 0.000000 0.000000 0.000000 1.000000
0.999886 0.014348 -0.004659 -0.000000 -0.014741 0.994935 -0.099431 16.254801 0.003209 0.099489 0.995034 0.000000 0.000000 0.000000 0.000000 1.000000
0.999913 0.013105 0.001640 0.000000 -0.012824 0.993086 -0.116687 16.254801 -0.003158 0.116655 0.993167 -0.000000 0.000000 0.000000 0.000000 1.000000
0.999769 0.014972 0.015414 0.000000 -0.012423 0.988001 -0.153946 16.254801 -0.017534 0.153719 0.987959 -0.000000 0.000000 0.000000 0.000000 1.000000
0.999752 0.011917 0.018800 0.000000 -0.007990 0.980453 -0.196590 16.254801 -0.020776 0.196391 0.980306 -0.000000 0.000000 0.000000 0.000000 1.000000
0.999700 -0.003126 0.024307 -0.000000 0.008975 0.969630 -0.244411 16.254801 -0.022805 0.244556 0.969367 -0.000000 0.000000 0.000000 0.000000 1.000000
0.999241 -0.020884 0.032878 0.000000 0.029560 0.956276 -0.290969 16.254801 -0.025364 0.291720 0.956167 0.000000 0.000000 0.000000 0.000000 1.000000
0.998493 -0.038331 0.039266 -0.000000 0.048997 0.944970 -0.323468 16.254801 -0.024706 0.324904 0.945424 0.000000 0.000000 0.000000 0.000000 1.000000
0.997248 -0.055022 0.049680 0.000000 0.068951 0.934576 -0.349017 16.254801 -0.027226 0.351482 0.935799 0.000000 0.000000 0.000000 0.000000 1.000000
0.995982 -0.064642 0.061974 0.000000 0.082929 0.926966 -0.365866 16.254801 -0.033798 0.369535 0.928602 0.000000 0.000000 0.000000 0.000000 1.000000
0.995138 -0.068379 0.070887 0.000000 0.089499 0.928265 -0.360991 16.254801 -0.041118 0.365580 0.929871 0.000000 0.000000 0.000000 0.000000 1.000000
0.994354 -0.069135 0.080501 0.000000 0.092644 0.935519 -0.340912 16.254801 -0.051741 0.346446 0.936642 0.000000 0.000000 0.000000 0.000000 1.000000
0.994146 -0.061094 0.089113 0.000000 0.086325 0.945131 -0.315081 16.254801 -0.064973 0.320930 0.944872 -0.000000 0.000000 0.000000 0.000000 1.000000
0.994100 -0.049221 0.096658 0.000000 0.075022 0.955601 -0.284953 16.254801 -0.078341 0.290523 0.953656 0.000000 0.000000 0.000000 0.000000 1.000000
0.993590 -0.038069 0.106442 0.000000 0.064318 0.964704 -0.255360 16.254801 -0.092964 0.260570 0.960969 0.000000 0.000000 0.000000 0.000000 1.000000
0.992616 -0.025613 0.118561 0.000000 0.052591 0.971676 -0.230389 16.254801 -0.109301 0.234923 0.965849 -0.000000 0.000000 0.000000 0.000000 1.000000
0.991327 -0.013197 0.130757 0.000000 0.040227 0.977660 -0.206307 16.254801 -0.125114 0.209778 0.969711 0.000000 0.000000 0.000000 0.000000 1.000000
0.990060 -0.002149 0.140629 0.000000 0.027751 0.983211 -0.180352 16.254801 -0.137880 0.182462 0.973497 0.000000 0.000000 0.000000 0.000000 1.000000
0.988788 0.008630 0.149076 0.000000 0.014991 0.987549 -0.156598 16.254801 -0.148571 0.157077 0.976347 -0.000000 0.000000 0.000000 0.000000 1.000000
0.987693 0.017708 0.155397 0.000000 0.004557 0.989890 -0.141765 16.254801 -0.156337 0.140728 0.977627 0.000000 0.000000 0.000000 0.000000 1.000000
0.987040 0.024420 0.158603 0.000000 -0.002922 0.990925 -0.134385 16.254801 -0.160445 0.132180 0.978154 0.000000 0.000000 0.000000 0.000000 1.000000
0.986664 0.029577 0.160062 0.000000 -0.008567 0.991426 -0.130389 16.254801 -0.162546 0.127279 0.978457 0.000000 0.000000 0.000000 0.000000 1.000000
0.986395 0.033667 0.160909 -0.000000 -0.013246 0.991899 -0.126338 16.254801 -0.163859 0.122488 0.978850 -0.000000 0.000000 0.000000 0.000000 1.000000
0.986193 0.036575 0.161508 0.000000 -0.016698 0.992297 -0.122755 16.254801 -0.164754 0.118363 0.979207 0.000000 0.000000 0.000000 0.000000 1.000000
0.986106 0.038084 0.161690 0.000000 -0.018547 0.992521 -0.120659 16.254801 -0.165076 0.115983 0.979437 -0.000000 0.000000 0.000000 0.000000 1.000000
0.986177 0.038050 0.161269 0.000000 -0.018780 0.992673 -0.119367 16.254801 -0.164629 0.114689 0.979665 0.000000 0.000000 0.000000 0.000000 1.000000</float_array>
        <technique_common>
          <accessor source="#mixamorig_Spine1-Matrix-animation-output-transform-array" count="58" stride="16">
            <param type="float4x4"/>
          </accessor>
        </technique_common>
      </source>
      <source id="mixamorig_Spine1-Interpolations">
        <Name_array id="mixamorig_Spine1-Interpolations-array" count="58">
 LINEAR LINEAR LINEAR LINEAR LINEAR LINEAR LINEAR LINEAR LINEAR LINEAR LINEAR
LINEAR LINEAR LINEAR LINEAR LINEAR LINEAR LINEAR LINEAR LINEAR LINEAR LINEAR LINEAR
LINEAR LINEAR LINEAR LINEAR LINEAR LINEAR LINEAR LINEAR LINEAR LINEAR LINEAR LINEAR
LINEAR LINEAR LINEAR LINEAR LINEAR LINEAR LINEAR LINEAR LINEAR LINEAR LINEAR LINEAR
LINEAR LINEAR LINEAR LINEAR LINEAR LINEAR LINEAR LINEAR LINEAR LINEAR LINEAR</Name_array>
        <technique_common>
          <accessor source="#mixamorig_Spine1-Interpolations-array" count="58">
            <param type="name"/>
          </accessor>
        </technique_common>
      </source>
      <sampler id="mixamorig_Spine1-Matrix-animation-transform">
        <input semantic="INPUT" source="#mixamorig_Spine1-Matrix-animation-input"/>
        <input semantic="OUTPUT" source="#mixamorig_Spine1-Matrix-animation-output-transform"/>
        <input semantic="INTERPOLATION" source="#mixamorig_Spine1-Interpolations"/>
      </sampler>
      <channel source="#mixamorig_Spine1-Matrix-animation-transform" target="mixamorig_Spine1/matrix"/>
    </animation>
    <animation id="mixamorig_Spine2-anim" name="mixamorig_Spine2">
      <source id="mixamorig_Spine2-Matrix-animation-input">
        <float_array id="mixamorig_Spine2-Matrix-animation-input-array" count="58">

0.000000 0.033333 0.066667 0.100000 0.133333 0.166667 0.200000 0.233333 0.266667 0.300000 0.333333 0.366667 0.400000 0.433333 0.466667 0.500000
0.533333 0.566667 0.600000 0.633333 0.666667 0.700000 0.733333 0.766667 0.800000 0.833333 0.866667 0.900000 0.933333 0.966667 1.000000 1.033333
1.066667 1.100000 1.133333 1.166667 1.200000 1.233333 1.266667 1.300000 1.333333 1.366667 1.400000 1.433333 1.466667 1.500000 1.533333 1.566667
1.600000 1.633333 1.666667 1.700000 1.733333 1.766667 1.800000 1.833333 1.866667 1.900000</float_array>
        <technique_common>
          <accessor source="#mixamorig_Spine2-Matrix-animation-input-array" count="58">
            <param name="TIME" type="float"/>
          </accessor>
        </technique_common>
      </source>
      <source id="mixamorig_Spine2-Matrix-animation-output-transform">
        <float_array id="mixamorig_Spine2-Matrix-animation-output-transform-array" count="928">

0.986175 0.003629 0.165665 0.000000 -0.004818 0.999965 0.006776 13.700700 -0.165635 -0.007481 0.986159 -0.000000 0.000000 0.000000 0.000000 1.000000
0.987893 0.006204 0.155012 0.000000 -0.007280 0.999953 0.006371 13.700700 -0.154966 -0.007422 0.987892 0.000000 0.000000 0.000000 0.000000 1.000000
0.990315 0.008532 0.138576 0.000000 -0.008832 0.999960 0.001551 13.700700 -0.138558 -0.002760 0.990351 0.000000 0.000000 0.000000 0.000000 1.000000
0.992059 0.008637 0.125477 -0.000000 -0.008207 0.999959 -0.003943 13.700700 -0.125506 0.002882 0.992089 -0.000000 0.000000 0.000000 0.000000 1.000000
0.993670 0.004947 0.112225 -0.000000 -0.003450 0.999903 -0.013529 13.700700 -0.112281 0.013056 0.993591 0.000000 0.000000 0.000000 0.000000 1.000000
0.995539 0.000722 0.094352 -0.000000 0.001881 0.999620 -0.027499 13.700700 -0.094336 0.027554 0.995159 -0.000000 0.000000 0.000000 0.000000 1.000000
0.997776 -0.000182 0.066663 -0.000000 0.003155 0.999005 -0.044495 13.700700 -0.066589 0.044607 0.996783 0.000000 0.000000 0.000000 0.000000 1.000000
0.999319 -0.000061 0.036902 0.000000 0.002619 0.997594 -0.069281 13.700700 -0.036809 0.069330 0.996914 0.000000 0.000000 0.000000 0.000000 1.000000
0.999785 0.001490 0.020662 -0.000000 0.000378 0.995936 -0.090067 13.700700 -0.020712 0.090056 0.995721 -0.000000 0.000000 0.000000 0.000000 1.000000
0.999904 0.002453 0.013648 0.000000 -0.001062 0.994882 -0.101042 13.700700 -0.013826 0.101018 0.994789 0.000000 0.000000 0.000000 0.000000 1.000000
0.999960 -0.003412 0.008242 0.000000 0.004296 0.993941 -0.109831 13.700700 -0.007818 0.109862 0.993916 0.000000 0.000000 0.000000 0.000000 1.000000
0.999831 -0.008185 0.016439 0.000000 0.009794 0.994913 -0.100261 13.700700 -0.015535 0.100405 0.994825 0.000000 0.000000 0.000000 0.000000 1.000000
0.999711 -0.007655 0.022793 0.000000 0.009255 0.997438 -0.070942 13.700700 -0.022191 0.071132 0.997220 -0.000000 0.000000 0.000000 0.000000 1.000000
0.999663 -0.008874 0.024415 0.000000 0.010071 0.998732 -0.049316 13.700700 -0.023947 0.049545 0.998485 0.000000 0.000000 0.000000 0.000000 1.000000
0.999201 -0.003977 0.039773 0.000000 0.005431 0.999318 -0.036531 13.700700 -0.039600 0.036717 0.998541 0.000000 0.000000 0.000000 0.000000 1.000000
0.998216 0.007289 0.059259 0.000000 -0.006986 0.999961 -0.005312 13.700700 -0.059295 0.004888 0.998229 -0.000000 0.000000 0.000000 0.000000 1.000000
0.997168 0.018250 0.072956 0.000000 -0.020450 0.999355 0.029526 13.700700 -0.072371 -0.030934 0.996898 0.000000 0.000000 0.000000 0.000000 1.000000
0.996218 0.028309 0.082146 0.000000 -0.030911 0.999054 0.030581 13.700700 -0.081203 -0.033005 0.996151 -0.000000 0.000000 0.000000 0.000000 1.000000
0.995415 0.041672 0.086099 -0.000000 -0.042718 0.999034 0.010343 13.700700 -0.085585 -0.013973 0.996233 0.000000 0.000000 0.000000 0.000000 1.000000
0.995189 0.053588 0.082020 0.000000 -0.052585 0.998513 -0.014338 13.700700 -0.082666 0.009956 0.996528 -0.000000 0.000000 0.000000 0.000000 1.000000
0.994873 0.073541 0.069426 0.000000 -0.070254 0.996342 -0.048652 13.700700 -0.072750 0.043525 0.996400 0.000000 0.000000 0.000000 0.000000 1.000000
0.994437 0.093108 0.049264 0.000000 -0.088104 0.991522 -0.095506 13.700700 -0.057738 0.090634 0.994209 0.000000 0.000000 0.000000 0.000000 1.000000
0.993288 0.110932 0.032745 0.000000 -0.104202 0.981121 -0.162924 13.700700 -0.050200 0.158418 0.986095 0.000000 0.000000 0.000000 0.000000 1.000000
0.992022 0.124130 0.021988 0.000000 -0.115586 0.965255 -0.234354 13.700700 -0.050315 0.229943 0.971903 0.000000 0.000000 0.000000 0.000000 1.000000
0.991996 0.125616 0.012829 0.000000 -0.116732 0.951061 -0.286106 13.700700 -0.048141 0.282318 0.958112 -0.000000 0.000000 0.000000 0.000000 1.000000
0.993110 0.117102 0.004353 0.000000 -0.110304 0.946715 -0.302596 13.700700 -0.039555 0.300031 0.953109 0.000000 0.000000 0.000000 0.000000 1.000000
0.994725 0.102574 -0.000818 -0.000000 -0.098464 0.952572 -0.287945 13.700700 -0.028756 0.286507 0.957647 0.000000 0.000000 0.000000 0.000000 1.000000
0.996370 0.084974 -0.005092 0.000000 -0.083523 0.964289 -0.251338 13.700700 -0.016447 0.250851 0.967886 0.000000 0.000000 0.000000 0.000000 1.000000
0.997607 0.067758 -0.013763 -0.000000 -0.069142 0.977943 -0.197096 13.700700 0.000105 0.197576 0.980288 0.000000 0.000000 0.000000 0.000000 1.000000
0.998355 0.052617 -0.022782 0.000000 -0.055145 0.989954 -0.130194 13.700700 0.015703 0.131236 0.991227 0.000000 0.000000 0.000000 0.000000 1.000000
0.998999 0.039858 -0.020320 -0.000000 -0.041086 0.997097 -0.064105 13.700700 0.017705 0.064876 0.997736 0.000000 0.000000 0.000000 0.000000 1.000000
