<?xml version="1.0" encoding="utf-8"?>
<COLLADA xmlns="http://www.collada.org/2005/11/COLLADASchema" version="1.4.1">
  <asset>
    <contributor>
      <author>Mixamo</author>
      <authoring_tool>COLLADA Mixamo exporter</authoring_tool>
      <comments/>
    </contributor>
    <created>2025-03-25T19:42:30Z</created>
    <modified>2025-03-25T19:42:30Z</modified>
    <revision/>
    <title/>
    <unit meter="0.010000"/>
    <up_axis>Y_UP</up_axis>
  </asset>
  <library_animations>
    <animation id="mixamorig_Hips-anim" name="mixamorig_Hips">
      <source id="mixamorig_Hips-Matrix-animation-input">
        <float_array id="mixamorig_Hips-Matrix-animation-input-array" count="32">

0.000000 0.033333 0.066667 0.100000 0.133333 0.166667 0.200000 0.233333 0.266667 0.300000 0.333333 0.366667 0.400000 0.433333 0.466667 0.500000
0.533333 0.566667 0.600000 0.633333 0.666667 0.700000 0.733333 0.766667 0.800000 0.833333 0.866667 0.900000 0.933333 0.966667 1.000000 1.033333</float_array>
        <technique_common>
          <accessor source="#mixamorig_Hips-Matrix-animation-input-array" count="32">
            <param name="TIME" type="float"/>
          </accessor>
        </technique_common>
      </source>
      <source id="mixamorig_Hips-Matrix-animation-output-transform">
        <float_array id="mixamorig_Hips-Matrix-animation-output-transform-array" count="512">

0.404523 0.131839 0.904975 -0.072182 -0.032750 0.991008 -0.129733 93.535690 -0.913941 0.022842 0.405203 -0.021528 0.000000 0.000000 0.000000 1.000000
0.405040 0.125193 0.905687 4.584324 -0.010331 0.991145 -0.132385 94.203148 -0.914241 0.044264 0.402746 0.400522 0.000000 0.000000 0.000000 1.000000
0.410446 0.127554 0.902920 9.298217 -0.006691 0.990563 -0.136893 94.328537 -0.911860 0.050146 0.407426 0.723995 0.000000 0.000000 0.000000 1.000000
0.420293 0.137228 0.896952 14.258280 -0.021413 0.989723 -0.141387 93.872780 -0.907136 0.040217 0.418912 0.953255 0.000000 0.000000 0.000000 1.000000
0.439145 0.151322 0.885581 19.649279 -0.051947 0.988341 -0.143121 92.732704 -0.896913 0.016848 0.441885 1.087230 0.000000 0.000000 0.000000 1.000000
0.464904 0.159507 0.870874 25.392775 -0.082844 0.987159 -0.136580 91.083229 -0.881477 -0.008650 0.472149 1.210189 0.000000 0.000000 0.000000 1.000000
0.481538 0.159452 0.861798 30.764349 -0.093547 0.987044 -0.130355 89.484917 -0.871419 -0.017848 0.490215 1.330164 0.000000 0.000000 0.000000 1.000000
0.486262 0.148883 0.861036 36.024158 -0.078876 0.988834 -0.126437 87.891365 -0.870246 -0.006433 0.492575 1.335236 0.000000 0.000000 0.000000 1.000000
0.487250 0.123932 0.864424 42.089397 -0.049722 0.992210 -0.114226 86.899132 -0.871846 0.012676 0.489616 1.107153 0.000000 0.000000 0.000000 1.000000
0.484795 0.107963 0.867939 48.804459 -0.030679 0.993841 -0.106488 86.780884 -0.874090 0.024997 0.485121 0.589213 0.000000 0.000000 0.000000 1.000000
0.482222 0.102380 0.870046 54.876041 -0.009816 0.993717 -0.111493 86.305984 -0.875994 0.045224 0.480197 0.091627 0.000000 0.000000 0.000000 1.000000
0.484020 0.087726 0.870648 60.605499 0.016937 0.993837 -0.109554 86.534798 -0.874893 0.067772 0.479551 -0.325872 0.000000 0.000000 0.000000 1.000000
0.491791 0.069875 0.867905 66.235703 0.039760 0.993933 -0.102551 87.425034 -0.869805 0.084942 0.486029 -0.624482 0.000000 0.000000 0.000000 1.000000
0.480717 0.066036 0.874386 71.789139 0.041466 0.994333 -0.097891 88.929863 -0.875895 0.083315 0.475255 -0.751648 0.000000 0.000000 0.000000 1.000000
0.455152 0.065024 0.888037 77.280083 0.036671 0.995115 -0.091659 90.672943 -0.889659 0.074284 0.450544 -0.684102 0.000000 0.000000 0.000000 1.000000
0.435024 0.064137 0.898132 82.702705 0.028958 0.995947 -0.085148 92.267990 -0.899953 0.063050 0.431404 -0.507532 0.000000 0.000000 0.000000 1.000000
0.416398 0.068817 0.906574 87.984863 0.013780 0.996539 -0.081976 93.467796 -0.909078 0.046627 0.414009 -0.305346 0.000000 0.000000 0.000000 1.000000
0.388550 0.080124 0.917938 93.202461 -0.002559 0.996302 -0.085882 93.903275 -0.921424 0.031021 0.387318 -0.021822 0.000000 0.000000 0.000000 1.000000
0.353082 0.091288 0.931128 98.494156 -0.005330 0.995409 -0.095569 93.577393 -0.935577 0.028781 0.351948 0.327302 0.000000 0.000000 0.000000 1.000000
0.304155 0.096159 0.947757 103.916611 0.005294 0.994706 -0.102622 92.615723 -0.952608 0.036230 0.302036 0.655816 0.000000 0.000000 0.000000 1.000000
0.229764 0.094983 0.968600 109.785469 0.026230 0.994260 -0.103722 90.829865 -0.972893 0.049238 0.225954 0.914011 0.000000 0.000000 0.000000 1.000000
0.153540 0.093014 0.983755 115.712700 0.049209 0.993605 -0.101626 88.861832 -0.986916 0.064013 0.147981 1.033815 0.000000 0.000000 0.000000 1.000000
0.104327 0.094624 0.990031 121.317299 0.058751 0.993139 -0.101112 87.268860 -0.992806 0.068714 0.098052 0.979203 0.000000 0.000000 0.000000 1.000000
0.099054 0.100439 0.990000 127.197517 0.046926 0.993315 -0.105471 86.066475 -0.993975 0.056904 0.093678 0.906370 0.000000 0.000000 0.000000 1.000000
0.124609 0.106533 0.986470 133.410431 0.019820 0.993754 -0.109823 85.510033 -0.992008 0.033236 0.121719 0.907909 0.000000 0.000000 0.000000 1.000000
0.175196 0.116667 0.977597 139.388290 -0.028296 0.993141 -0.113451 85.971031 -0.984127 -0.007786 0.177295 0.783264 0.000000 0.000000 0.000000 1.000000
0.229454 0.126858 0.965017 145.000397 -0.070550 0.991030 -0.113503 86.675301 -0.970759 -0.042038 0.236346 0.663286 0.000000 0.000000 0.000000 1.000000
0.280644 0.134959 0.950276 150.064209 -0.097346 0.988962 -0.111704 87.646751 -0.954863 -0.061157 0.290684 0.716304 0.000000 0.000000 0.000000 1.000000
0.323022 0.139031 0.936124 155.258987 -0.105838 0.988252 -0.110252 89.084122 -0.940455 -0.063463 0.333942 0.663805 0.000000 0.000000 0.000000 1.000000
0.359654 0.135336 0.923219 160.414230 -0.084104 0.990100 -0.112376 90.706642 -0.929288 -0.037230 0.367476 0.392981 0.000000 0.000000 0.000000 1.000000
0.390108 0.131653 0.911309 165.447510 -0.057044 0.991280 -0.118788 92.246536 -0.919001 -0.005645 0.394216 0.109193 0.000000 0.000000 0.000000 1.000000
0.404523 0.131839 0.904975 170.295090 -0.032750 0.991008 -0.129733 93.535698 -0.913941 0.022842 0.405203 -0.021529 0.000000 0.000000 0.000000 1.000000</float_array>
        <technique_common>
          <accessor source="#mixamorig_Hips-Matrix-animation-output-transform-array" count="32" stride="16">
            <param type="float4x4"/>
          </accessor>
        </technique_common>
      </source>
      <source id="mixamorig_Hips-Interpolations">
        <Name_array id="mixamorig_Hips-Interpolations-array" count="32">
 LINEAR LINEAR LINEAR LINEAR LINEAR LINEAR LINEAR LINEAR LINEAR LINEAR LINEAR
LINEAR LINEAR LINEAR LINEAR LINEAR LINEAR LINEAR LINEAR LINEAR LINEAR LINEAR LINEAR
LINEAR LINEAR LINEAR LINEAR LINEAR LINEAR LINEAR LINEAR LINEAR</Name_array>
        <technique_common>
          <accessor source="#mixamorig_Hips-Interpolations-array" count="32">
            <param type="name"/>
          </accessor>
        </technique_common>
      </source>
      <sampler id="mixamorig_Hips-Matrix-animation-transform">
        <input semantic="INPUT" source="#mixamorig_Hips-Matrix-animation-input"/>
        <input semantic="OUTPUT" source="#mixamorig_Hips-Matrix-animation-output-transform"/>
        <input semantic="INTERPOLATION" source="#mixamorig_Hips-Interpolations"/>
      </sampler>
      <channel source="#mixamorig_Hips-Matrix-animation-transform" target="mixamorig_Hips/matrix"/>
    </animation>
    <animation id="mixamorig_Spine-anim" name="mixamorig_Spine">
      <source id="mixamorig_Spine-Matrix-animation-input">
        <float_array id="mixamorig_Spine-Matrix-animation-input-array" count="32">

0.000000 0.033333 0.066667 0.100000 0.133333 0.166667 0.200000 0.233333 0.266667 0.300000 0.333333 0.366667 0.400000 0.433333 0.466667 0.500000
0.533333 0.566667 0.600000 0.633333 0.666667 0.700000 0.733333 0.766667 0.800000 0.833333 0.866667 0.900000 0.933333 0.966667 1.000000 1.033333</float_array>
        <technique_common>
          <accessor source="#mixamorig_Spine-Matrix-animation-input-array" count="32">
            <param name="TIME" type="float"/>
          </accessor>
        </technique_common>
      </source>
      <source id="mixamorig_Spine-Matrix-animation-output-transform">
        <float_array id="mixamorig_Spine-Matrix-animation-output-transform-array" count="512">

0.990750 -0.032183 -0.131825 0.000800 0.019676 0.995273 -0.095102 9.226300 0.134263 0.091629 0.986700 1.577100 0.000000 0.000000 0.000000 1.000000
0.991942 -0.003218 -0.126650 0.000800 -0.008482 0.995748 -0.091730 9.226300 0.126407 0.092066 0.987697 1.577100 0.000000 0.000000 0.000000 1.000000
0.993409 0.005278 -0.114499 0.000800 -0.015716 0.995777 -0.090451 9.226300 0.113538 0.091654 0.989297 1.577100 0.000000 0.000000 0.000000 1.000000
0.995496 -0.006968 -0.094548 0.000800 -0.001539 0.995976 -0.089610 9.226300 0.094792 0.089352 0.991479 1.577100 0.000000 0.000000 0.000000 1.000000
0.997293 -0.034469 -0.064956 0.000800 0.028758 0.995803 -0.086891 9.226300 0.067678 0.084788 0.994098 1.577100 0.000000 0.000000 0.000000 1.000000
0.997708 -0.057253 -0.036063 0.000800 0.054022 0.994918 -0.084969 9.226300 0.040745 0.082826 0.995731 1.577100 0.000000 0.000000 0.000000 1.000000
0.998269 -0.054250 -0.022731 0.000800 0.052079 0.994834 -0.087137 9.226300 0.027341 0.085802 0.995937 1.577100 0.000000 0.000000 0.000000 1.000000
0.999398 -0.027112 -0.021659 0.000800 0.025048 0.995582 -0.090497 9.226300 0.024017 0.089900 0.995661 1.577100 0.000000 0.000000 0.000000 1.000000
0.999613 0.003983 -0.027516 0.000800 -0.006535 0.995620 -0.093268 9.226300 0.027024 0.093412 0.995261 1.577100 0.000000 0.000000 0.000000 1.000000
0.999127 0.013584 -0.039507 0.000800 -0.016990 0.996046 -0.087195 9.226300 0.038167 0.087790 0.995408 1.577100 0.000000 0.000000 0.000000 1.000000
0.998344 0.031463 -0.048159 0.000800 -0.035283 0.996119 -0.080640 9.226300 0.045435 0.082206 0.995579 1.577100 0.000000 0.000000 0.000000 1.000000
0.997157 0.053205 -0.053366 0.000800 -0.057511 0.994915 -0.082684 9.226300 0.048695 0.085518 0.995146 1.577100 0.000000 0.000000 0.000000 1.000000
0.995832 0.068917 -0.059739 0.000800 -0.073920 0.993546 -0.086040 9.226300 0.053424 0.090097 0.994499 1.577100 0.000000 0.000000 0.000000 1.000000
0.995264 0.059490 -0.076875 0.000800 -0.066118 0.994032 -0.086764 9.226300 0.071255 0.091436 0.993258 1.577100 0.000000 0.000000 0.000000 1.000000
0.994386 0.041852 -0.097189 0.000800 -0.050463 0.994850 -0.087903 9.226300 0.093009 0.092314 0.991376 1.577100 0.000000 0.000000 0.000000 1.000000
0.993641 0.024722 -0.109852 0.000800 -0.034655 0.995387 -0.089460 9.226300 0.107133 0.092698 0.989914 1.577100 0.000000 0.000000 0.000000 1.000000
0.992750 0.003055 -0.120160 0.000800 -0.014162 0.995687 -0.091688 9.226300 0.119361 0.092725 0.988512 1.577100 0.000000 0.000000 0.000000 1.000000
0.990211 -0.019065 -0.138271 0.000800 0.006321 0.995736 -0.092030 9.226300 0.139436 0.090255 0.986109 1.577100 0.000000 0.000000 0.000000 1.000000
0.985520 -0.026262 -0.167511 0.000800 0.011695 0.996108 -0.087365 9.226300 0.169154 0.084141 0.981992 1.577100 0.000000 0.000000 0.000000 1.000000
0.977370 -0.023114 -0.210270 0.000800 0.005942 0.996620 -0.081935 9.226300 0.211453 0.078831 0.974204 1.577100 0.000000 0.000000 0.000000 1.000000
0.962192 -0.018679 -0.271730 0.000800 -0.001426 0.997287 -0.073601 9.226300 0.272368 0.071206 0.959555 1.577100 0.000000 0.000000 0.000000 1.000000
0.944521 -0.013983 -0.328153 0.000800 -0.009033 0.997610 -0.068509 9.226300 0.328327 0.067672 0.942137 1.577100 0.000000 0.000000 0.000000 1.000000
0.931612 -0.018610 -0.362978 0.000800 -0.008664 0.997267 -0.073367 9.226300 0.363352 0.071494 0.928905 1.577100 0.000000 0.000000 0.000000 1.000000
0.929650 -0.035761 -0.366704 0.000800 0.008296 0.997058 -0.076201 9.226300 0.368350 0.067798 0.927212 1.577100 0.000000 0.000000 0.000000 1.000000
0.934005 -0.060342 -0.352127 0.000800 0.034439 0.996250 -0.079374 9.226300 0.355596 0.062009 0.932581 1.577100 0.000000 0.000000 0.000000 1.000000
0.939861 -0.104804 -0.325080 0.000800 0.078390 0.992543 -0.093350 9.226300 0.332439 0.062253 0.941068 1.577100 0.000000 0.000000 0.000000 1.000000
0.946128 -0.138924 -0.292476 0.000800 0.112989 0.988153 -0.103856 9.226300 0.303439 0.065215 0.950617 1.577100 0.000000 0.000000 0.000000 1.000000
0.959263 -0.145242 -0.242319 0.000800 0.121837 0.986546 -0.109004 9.226300 0.254891 0.075040 0.964054 1.577100 0.000000 0.000000 0.000000 1.000000
0.971247 -0.136329 -0.195175 0.000800 0.116614 0.987154 -0.109215 9.226300 0.207557 0.083315 0.974669 1.577100 0.000000 0.000000 0.000000 1.000000
0.980615 -0.104343 -0.165853 0.000800 0.087503 0.990530 -0.105801 9.226300 0.175322 0.089237 0.980458 1.577100 0.000000 0.000000 0.000000 1.000000
0.987408 -0.067318 -0.143155 0.000800 0.053179 0.993525 -0.100404 9.226300 0.148987 0.091527 0.984594 1.577100 0.000000 0.000000 0.000000 1.000000
0.990750 -0.032183 -0.131825 0.000800 0.019676 0.995273 -0.095102 9.226300 0.134263 0.091629 0.986700 1.577100 0.000000 0.000000 0.000000 1.000000</float_array>
        <technique_common>
          <accessor source="#mixamorig_Spine-Matrix-animation-output-transform-array" count="32" stride="16">
            <param type="float4x4"/>
          </accessor>
        </technique_common>
      </source>
      <source id="mixamorig_Spine-Interpolations">
        <Name_array id="mixamorig_Spine-Interpolations-array" count="32">
 LINEAR LINEAR LINEAR LINEAR LINEAR LINEAR LINEAR LINEAR LINEAR LINEAR LINEAR
LINEAR LINEAR LINEAR LINEAR LINEAR LINEAR LINEAR LINEAR LINEAR LINEAR LINEAR LINEAR
LINEAR LINEAR LINEAR LINEAR LINEAR LINEAR LINEAR LINEAR LINEAR</Name_array>
        <technique_common>
          <accessor source="#mixamorig_Spine-Interpolations-array" count="32">
            <param type="name"/>
          </accessor>
        </technique_common>
      </source>
      <sampler id="mixamorig_Spine-Matrix-animation-transform">
        <input semantic="INPUT" source="#mixamorig_Spine-Matrix-animation-input"/>
        <input semantic="OUTPUT" source="#mixamorig_Spine-Matrix-animation-output-transform"/>
        <input semantic="INTERPOLATION" source="#mixamorig_Spine-Interpolations"/>
      </sampler>
      <channel source="#mixamorig_Spine-Matrix-animation-transform" target="mixamorig_Spine/matrix"/>
    </animation>
    <animation id="mixamorig_Spine1-anim" name="mixamorig_Spine1">
      <source id="mixamorig_Spine1-Matrix-animation-input">
        <float_array id="mixamorig_Spine1-Matrix-animation-input-array" count="32">

0.000000 0.033333 0.066667 0.100000 0.133333 0.166667 0.200000 0.233333 0.266667 0.300000 0.333333 0.366667 0.400000 0.433333 0.466667 0.500000
0.533333 0.566667 0.600000 0.633333 0.666667 0.700000 0.733333 0.766667 0.800000 0.833333 0.866667 0.900000 0.933333 0.966667 1.000000 1.033333</float_array>
        <technique_common>
          <accessor source="#mixamorig_Spine1-Matrix-animation-input-array" count="32">
            <param name="TIME" type="float"/>
          </accessor>
        </technique_common>
      </source>
      <source id="mixamorig_Spine1-Matrix-animation-output-transform">
        <float_array id="mixamorig_Spine1-Matrix-animation-output-transform-array" count="512">

0.995735 -0.017453 -0.090597 -0.000000 0.018376 0.999787 0.009358 16.254801 0.090415 -0.010983 0.995844 -0.000000 0.000000 0.000000 0.000000 1.000000
0.996380 -0.008766 -0.084558 -0.000000 0.009622 0.999906 0.009724 16.254801 0.084465 -0.010502 0.996371 -0.000000 0.000000 0.000000 0.000000 1.000000
0.996740 -0.003505 -0.080605 -0.000000 0.004344 0.999938 0.010234 16.254801 0.080564 -0.010551 0.996694 0.000000 0.000000 0.000000 0.000000 1.000000
0.997024 -0.003217 -0.077025 -0.000000 0.004153 0.999919 0.011993 16.254801 0.076980 -0.012277 0.996957 0.000000 0.000000 0.000000 0.000000 1.000000
0.997469 -0.009202 -0.070505 -0.000000 0.010376 0.999813 0.016303 16.254801 0.070342 -0.016994 0.997378 0.000000 0.000000 0.000000 0.000000 1.000000
0.997889 -0.016847 -0.062727 0.000000 0.018086 0.999651 0.019238 16.254801 0.062381 -0.020332 0.997845 0.000000 0.000000 0.000000 0.000000 1.000000
0.998211 -0.019119 -0.056651 -0.000000 0.020138 0.999644 0.017485 16.254801 0.056297 -0.018595 0.998241 0.000000 0.000000 0.000000 0.000000 1.000000
0.998463 -0.013021 -0.053865 -0.000000 0.013806 0.999803 0.014230 16.254801 0.053670 -0.014952 0.998447 0.000000 0.000000 0.000000 0.000000 1.000000
0.998544 -0.002096 -0.053902 -0.000000 0.002691 0.999936 0.010962 16.254801 0.053876 -0.011091 0.998486 0.000000 0.000000 0.000000 0.000000 1.000000
0.998388 0.003924 -0.056626 0.000000 -0.003171 0.999905 0.013380 16.254801 0.056673 -0.013179 0.998306 0.000000 0.000000 0.000000 0.000000 1.000000
0.998117 0.010238 -0.060482 0.000000 -0.009269 0.999825 0.016281 16.254801 0.060638 -0.015689 0.998036 0.000000 0.000000 0.000000 0.000000 1.000000
0.998006 0.020909 -0.059561 0.000000 -0.020094 0.999697 0.014244 16.254801 0.059841 -0.013019 0.998123 0.000000 0.000000 0.000000 0.000000 1.000000
0.997952 0.027993 -0.057516 0.000000 -0.027345 0.999554 0.012019 16.254801 0.057827 -0.010421 0.998272 0.000000 0.000000 0.000000 0.000000 1.000000
0.997629 0.024195 -0.064426 0.000000 -0.023474 0.999653 0.011928 16.254801 0.064692 -0.010388 0.997851 -0.000000 0.000000 0.000000 0.000000 1.000000
0.997082 0.018216 -0.074136 0.000000 -0.017370 0.999777 0.012041 16.254801 0.074338 -0.010718 0.997175 -0.000000 0.000000 0.000000 0.000000 1.000000
0.996857 0.013029 -0.078140 0.000000 -0.012134 0.999855 0.011918 16.254801 0.078284 -0.010932 0.996871 0.000000 0.000000 0.000000 0.000000 1.000000
0.996721 0.005503 -0.080728 0.000000 -0.004619 0.999927 0.011127 16.254801 0.080784 -0.010717 0.996674 -0.000000 0.000000 0.000000 0.000000 1.000000
0.996260 -0.003476 -0.086335 0.000000 0.004518 0.999919 0.011880 16.254801 0.086287 -0.012226 0.996195 -0.000000 0.000000 0.000000 0.000000 1.000000
0.995509 -0.008832 -0.094249 0.000000 0.010356 0.999823 0.015696 16.254801 0.094094 -0.016602 0.995425 0.000000 0.000000 0.000000 0.000000 1.000000
0.994654 -0.007747 -0.102974 0.000000 0.009914 0.999740 0.020549 16.254801 0.102788 -0.021460 0.994472 -0.000000 0.000000 0.000000 0.000000 1.000000
0.993658 -0.003471 -0.112388 0.000000 0.006440 0.999639 0.026066 16.254801 0.112257 -0.026625 0.993322 0.000000 0.000000 0.000000 0.000000 1.000000
0.992599 0.000557 -0.121435 0.000000 0.003064 0.999556 0.029629 16.254801 0.121397 -0.029781 0.992157 0.000000 0.000000 0.000000 0.000000 1.000000
0.991976 0.000202 -0.126424 -0.000000 0.003310 0.999614 0.027569 16.254801 0.126381 -0.027766 0.991593 0.000000 0.000000 0.000000 0.000000 1.000000
0.991750 -0.006891 -0.127999 0.000000 0.010130 0.999644 0.024677 16.254801 0.127783 -0.025770 0.991467 0.000000 0.000000 0.000000 0.000000 1.000000
0.991757 -0.017692 -0.126908 0.000000 0.021065 0.999458 0.025284 16.254801 0.126392 -0.027749 0.991592 -0.000000 0.000000 0.000000 0.000000 1.000000
0.992150 -0.029920 -0.121422 0.000000 0.032771 0.999230 0.021552 16.254801 0.120684 -0.025362 0.992367 0.000000 0.000000 0.000000 0.000000 1.000000
0.992071 -0.038813 -0.119533 -0.000000 0.040994 0.999034 0.015833 16.254801 0.118803 -0.020607 0.992704 0.000000 0.000000 0.000000 0.000000 1.000000
0.991305 -0.042523 -0.124521 -0.000000 0.044308 0.998951 0.011602 16.254801 0.123897 -0.017019 0.992149 0.000000 0.000000 0.000000 0.000000 1.000000
0.991409 -0.041948 -0.123891 0.000000 0.043533 0.999001 0.010113 16.254801 0.123343 -0.015419 0.992244 0.000000 0.000000 0.000000 0.000000 1.000000
0.992893 -0.035052 -0.113733 0.000000 0.036294 0.999302 0.008868 16.254801 0.113343 -0.012933 0.993472 -0.000000 0.000000 0.000000 0.000000 1.000000
0.994480 -0.026654 -0.101484 0.000000 0.027694 0.999577 0.008849 16.254801 0.101205 -0.011611 0.994798 -0.000000 0.000000 0.000000 0.000000 1.000000
0.995735 -0.017453 -0.090597 0.000000 0.018376 0.999787 0.009358 16.254801 0.090415 -0.010983 0.995844 -0.000000 0.000000 0.000000 0.000000 1.000000</float_array>
        <technique_common>
          <accessor source="#mixamorig_Spine1-Matrix-animation-output-transform-array" count="32" stride="16">
            <param type="float4x4"/>
          </accessor>
        </technique_common>
      </source>
      <source id="mixamorig_Spine1-Interpolations">
        <Name_array id="mixamorig_Spine1-Interpolations-array" count="32">
 LINEAR LINEAR LINEAR LINEAR LINEAR LINEAR LINEAR LINEAR LINEAR LINEAR LINEAR
LINEAR LINEAR LINEAR LINEAR LINEAR LINEAR LINEAR LINEAR LINEAR LINEAR LINEAR LINEAR
LINEAR LINEAR LINEAR LINEAR LINEAR LINEAR LINEAR LINEAR LINEAR</Name_array>
        <technique_common>
          <accessor source="#mixamorig_Spine1-Interpolations-array" count="32">
            <param type="name"/>
          </accessor>
        </technique_common>
      </source>
      <sampler id="mixamorig_Spine1-Matrix-animation-transform">
        <input semantic="INPUT" source="#mixamorig_Spine1-Matrix-animation-input"/>
        <input semantic="OUTPUT" source="#mixamorig_Spine1-Matrix-animation-output-transform"/>
        <input semantic="INTERPOLATION" source="#mixamorig_Spine1-Interpolations"/>
      </sampler>
      <channel source="#mixamorig_Spine1-Matrix-animation-transform" target="mixamorig_Spine1/matrix"/>
    </animation>
    <animation id="mixamorig_Spine2-anim" name="mixamorig_Spine2">
      <source id="mixamorig_Spine2-Matrix-animation-input">
        <float_array id="mixamorig_Spine2-Matrix-animation-input-array" count="32">

0.000000 0.033333 0.066667 0.100000 0.133333 0.166667 0.200000 0.233333 0.266667 0.300000 0.333333 0.366667 0.400000 0.433333 0.466667 0.500000
0.533333 0.566667 0.600000 0.633333 0.666667 0.700000 0.733333 0.766667 0.800000 0.833333 0.866667 0.900000 0.933333 0.966667 1.000000 1.033333</float_array>
        <technique_common>
          <accessor source="#mixamorig_Spine2-Matrix-animation-input-array" count="32">
            <param name="TIME" type="float"/>
          </accessor>
        </technique_common>
      </source>
      <source id="mixamorig_Spine2-Matrix-animation-output-transform">
        <float_array id="mixamorig_Spine2-Matrix-animation-output-transform-array" count="512">

0.995699 0.002202 -0.092618 -0.000000 0.010366 0.990791 0.135004 13.700700 0.092063 -0.135384 0.986507 0.000000 0.000000 0.000000 0.000000 1.000000
0.996337 0.009511 -0.084985 -0.000000 0.002094 0.990785 0.135427 13.700700 0.085490 -0.135109 0.987136 0.000000 0.000000 0.000000 0.000000 1.000000
0.996702 0.013914 -0.079949 0.000000 -0.002932 0.990724 0.135857 13.700700 0.081098 -0.135175 0.987497 0.000000 0.000000 0.000000 0.000000 1.000000
0.997005 0.013407 -0.076167 0.000000 -0.002825 0.990516 0.137371 13.700700 0.077286 -0.136744 0.987587 -0.000000 0.000000 0.000000 0.000000 1.000000
0.997481 0.005932 -0.070680 -0.000000 0.004121 0.989968 0.141232 13.700700 0.070809 -0.141168 0.987450 0.000000 0.000000 0.000000 0.000000 1.000000
0.997921 -0.003490 -0.064352 0.000000 0.012733 0.989525 0.143798 13.700700 0.063176 -0.144318 0.987513 0.000000 0.000000 0.000000 0.000000 1.000000
0.998238 -0.006986 -0.058929 -0.000000 0.015315 0.989734 0.142096 13.700700 0.057331 -0.142748 0.988097 0.000000 0.000000 0.000000 0.000000 1.000000
0.998471 -0.001424 -0.055269 -0.000000 0.009113 0.990233 0.139126 13.700700 0.054531 -0.139416 0.988731 -0.000000 0.000000 0.000000 0.000000 1.000000
0.998535 0.009453 -0.053284 0.000000 -0.002117 0.990695 0.136085 13.700700 0.054075 -0.135773 0.989263 0.000000 0.000000 0.000000 0.000000 1.000000
0.998374 0.016070 -0.054687 0.000000 -0.008352 0.990324 0.138526 13.700700 0.056384 -0.137844 0.988848 0.000000 0.000000 0.000000 0.000000 1.000000
0.998082 0.023321 -0.057339 0.000000 -0.014987 0.989798 0.141690 13.700700 0.060058 -0.140558 0.988249 0.000000 0.000000 0.000000 0.000000 1.000000
0.997958 0.033619 -0.054316 0.000000 -0.025737 0.989846 0.139793 13.700700 0.058464 -0.138109 0.988690 0.000000 0.000000 0.000000 0.000000 1.000000
0.997908 0.040007 -0.050790 -0.000000 -0.032692 0.989966 0.137474 13.700700 0.055781 -0.135526 0.989202 -0.000000 0.000000 0.000000 0.000000 1.000000
0.997596 0.037636 -0.058193 -0.000000 -0.029339 0.990084 0.137376 13.700700 0.062786 -0.135338 0.988808 0.000000 0.000000 0.000000 0.000000 1.000000
0.997056 0.033712 -0.068864 0.000000 -0.023983 0.990211 0.137502 13.700700 0.072825 -0.135445 0.988105 0.000000 0.000000 0.000000 0.000000 1.000000
0.996831 0.029408 -0.073919 0.000000 -0.019032 0.990340 0.137348 13.700700 0.077244 -0.135506 0.987761 -0.000000 0.000000 0.000000 0.000000 1.000000
0.996688 0.022626 -0.078108 -0.000000 -0.011775 0.990545 0.136680 13.700700 0.080462 -0.135308 0.987531 -0.000000 0.000000 0.000000 0.000000 1.000000
0.996217 0.015025 -0.085595 -0.000000 -0.003114 0.990480 0.137624 13.700700 0.086848 -0.136837 0.986779 0.000000 0.000000 0.000000 0.000000 1.000000
0.995444 0.011296 -0.094681 -0.000000 0.002253 0.989894 0.141788 13.700700 0.095326 -0.141355 0.985359 0.000000 0.000000 0.000000 0.000000 1.000000
0.994567 0.013908 -0.103168 -0.000000 0.001418 0.989135 0.147006 13.700700 0.104092 -0.146353 0.983741 0.000000 0.000000 0.000000 0.000000 1.000000
0.993566 0.019440 -0.111574 0.000000 -0.002203 0.988289 0.152580 13.700700 0.113233 -0.151353 0.981973 0.000000 0.000000 0.000000 0.000000 1.000000
0.992504 0.024810 -0.119667 -0.000000 -0.005858 0.987710 0.156190 13.700700 0.122072 -0.154318 0.980451 0.000000 0.000000 0.000000 0.000000 1.000000
0.991876 0.025739 -0.124575 0.000000 -0.006253 0.987997 0.154349 13.700700 0.127053 -0.152316 0.980131 0.000000 0.000000 0.000000 0.000000 1.000000
0.991658 0.019471 -0.127420 0.000000 0.000064 0.988451 0.151538 13.700700 0.128899 -0.150282 0.980204 0.000000 0.000000 0.000000 0.000000 1.000000
0.991673 0.009129 -0.128460 -0.000000 0.010622 0.988288 0.152229 13.700700 0.128345 -0.152326 0.979961 0.000000 0.000000 0.000000 0.000000 1.000000
0.992077 -0.003263 -0.125587 0.000000 0.022041 0.988677 0.148429 13.700700 0.123681 -0.150022 0.980916 -0.000000 0.000000 0.000000 0.000000 1.000000
0.992013 -0.012165 -0.125546 -0.000000 0.030164 0.989338 0.142482 13.700700 0.122474 -0.145131 0.981803 -0.000000 0.000000 0.000000 0.000000 1.000000
0.991252 -0.014722 -0.131159 0.000000 0.033000 0.989841 0.138299 13.700700 0.127791 -0.141417 0.981667 0.000000 0.000000 0.000000 0.000000 1.000000
0.991370 -0.014617 -0.130275 0.000000 0.032540 0.990101 0.136533 13.700700 0.126990 -0.139594 0.982032 0.000000 0.000000 0.000000 0.000000 1.000000
0.992859 -0.010265 -0.118848 -0.000000 0.026394 0.990501 0.134951 13.700700 0.116333 -0.137124 0.983699 -0.000000 0.000000 0.000000 0.000000 1.000000
0.994450 -0.004645 -0.105109 0.000000 0.018858 0.990716 0.134634 13.700700 0.103508 -0.135869 0.985305 0.000000 0.000000 0.000000 0.000000 1.000000
0.995699 0.002202 -0.092618 -0.000000 0.010366 0.990791 0.135004 13.700700 0.092063 -0.135384 0.986507 0.000000 0.000000 0.000000 0.000000 1.000000</float_array>
        <technique_common>
          <accessor source="#mixamorig_Spine2-Matrix-animation-output-transform-array" count="32" stride="16">
            <param type="float4x4"/>
          </accessor>
        </technique_common>
      </source>
      <source id="mixamorig_Spine2-Interpolations">
        <Name_array id="mixamorig_Spine2-Interpolations-array" count="32">
 LINEAR LINEAR LINEAR LINEAR LINEAR LINEAR LINEAR LINEAR LINEAR LINEAR LINEAR
LINEAR LINEAR LINEAR LINEAR LINEAR LINEAR LINEAR LINEAR LINEAR LINEAR LINEAR LINEAR
LINEAR LINEAR LINEAR LINEAR LINEAR LINEAR LINEAR LINEAR LINEAR</Name_array>
        <technique_common>
          <accessor source="#mixamorig_Spine2-Interpolations-array" count="32">
            <param type="name"/>
          </accessor>
        </technique_common>
      </source>
      <sampler id="mixamorig_Spine2-Matrix-animation-transform">
        <input semantic="INPUT" source="#mixamorig_Spine2-Matrix-animation-input"/>
        <input semantic="OUTPUT" source="#mixamorig_Spine2-Matrix-animation-output-transform"/>
        <input semantic="INTERPOLATION" source="#mixamorig_Spine2-Interpolations"/>
      </sampler>
      <channel source="#mixamorig_Spine2-Matrix-animation-transform" target="mixamorig_Spine2/matrix"/>
    </animation>
    <animation id="mixamorig_Neck-anim" name="mixamorig_Neck">
      <source id="mixamorig_Neck-Matrix-animation-input">
        <float_array id="mixamorig_Neck-Matrix-animation-input-array" count="32">

0.000000 0.033333 0.066667 0.100000 0.133333 0.166667 0.200000 0.233333 0.266667 0.300000 0.333333 0.366667 0.400000 0.433333 0.466667 0.500000
0.533333 0.566667 0.600000 0.633333 0.666667 0.700000 0.733333 0.766667 0.800000 0.833333 0.866667 0.900000 0.933333 0.966667 1.000000 1.033333</float_array>
        <technique_common>
          <accessor source="#mixamorig_Neck-Matrix-animation-input-array" count="32">
            <param name="TIME" type="float"/>
          </accessor>
        </technique_common>
      </source>
      <source id="mixamorig_Neck-Matrix-animation-output-transform">
        <float_array id="mixamorig_Neck-Matrix-animation-output-transform-array" count="512">

0.994486 0.005576 -0.104719 0.000000 -0.045086 0.924319 -0.378949 14.544500 0.094681 0.381581 0.919473 0.000000 0.000000 0.000000 0.000000 1.000000
0.994421 0.006485 -0.105286 -0.000000 -0.045861 0.925422 -0.376154 14.544500 0.094995 0.378884 0.920556 0.000000 0.000000 0.000000 0.000000 1.000000
0.994346 0.009199 -0.105793 -0.000000 -0.048174 0.926905 -0.372190 14.544500 0.094637 0.375182 0.922108 0.000000 0.000000 0.000000 0.000000 1.000000
0.994222 0.012954 -0.106560 -0.000000 -0.051338 0.929184 -0.366036 14.544500 0.094272 0.369391 0.924480 0.000000 0.000000 0.000000 0.000000 1.000000
0.993998 0.016418 -0.108161 0.000000 -0.054616 0.931126 -0.360584 14.544500 0.094791 0.364327 0.926434 0.000000 0.000000 0.000000 0.000000 1.000000
0.993846 0.019344 -0.109065 -0.000000 -0.057505 0.931653 -0.358770 14.544500 0.094670 0.362834 0.927032 0.000000 0.000000 0.000000 0.000000 1.000000
0.993839 0.019512 -0.109107 0.000000 -0.057534 0.932191 -0.357366 14.544500 0.094736 0.361441 0.927570 -0.000000 0.000000 0.000000 0.000000 1.000000
0.993867 0.016595 -0.109328 -0.000000 -0.054914 0.932220 -0.357701 14.544500 0.095982 0.361511 0.927414 0.000000 0.000000 0.000000 0.000000 1.000000
0.993928 0.014026 -0.109135 0.000000 -0.052809 0.930951 -0.361306 14.544500 0.096532 0.364876 0.926039 0.000000 0.000000 0.000000 0.000000 1.000000
0.994109 0.014743 -0.107381 -0.000000 -0.053062 0.930067 -0.363538 14.544500 0.094511 0.367094 0.925370 -0.000000 0.000000 0.000000 0.000000 1.000000
0.994229 0.014877 -0.106243 0.000000 -0.052581 0.930804 -0.361717 14.544500 0.093510 0.365216 0.926215 0.000000 0.000000 0.000000 0.000000 1.000000
0.994293 0.013087 -0.105875 0.000000 -0.050517 0.931882 -0.359227 14.544500 0.093962 0.362526 0.927225 0.000000 0.000000 0.000000 0.000000 1.000000
0.994479 0.015448 -0.103789 0.000000 -0.051876 0.932157 -0.358319 14.544500 0.091212 0.361725 0.927812 0.000000 0.000000 0.000000 0.000000 1.000000
0.994711 0.022157 -0.100291 0.000000 -0.056944 0.931615 -0.358959 14.544500 0.085479 0.362771 0.927950 -0.000000 0.000000 0.000000 0.000000 1.000000
0.994778 0.028165 -0.098098 0.000000 -0.062107 0.929773 -0.362855 14.544500 0.080989 0.367053 0.926668 0.000000 0.000000 0.000000 0.000000 1.000000
0.994720 0.031321 -0.097728 -0.000000 -0.065478 0.926973 -0.369369 14.544500 0.079022 0.373818 0.924130 0.000000 0.000000 0.000000 0.000000 1.000000
0.994685 0.032633 -0.097652 0.000000 -0.067094 0.924855 -0.374354 14.544500 0.078097 0.378917 0.922130 0.000000 0.000000 0.000000 0.000000 1.000000
0.994688 0.032848 -0.097549 0.000000 -0.067401 0.924129 -0.376088 14.544500 0.077794 0.380666 0.921435 -0.000000 0.000000 0.000000 0.000000 1.000000
0.994787 0.029689 -0.097553 0.000000 -0.064467 0.924338 -0.376090 14.544500 0.079006 0.380418 0.921434 0.000000 0.000000 0.000000 0.000000 1.000000
0.994907 0.023688 -0.097976 0.000000 -0.058892 0.925448 -0.374269 14.544500 0.081806 0.378132 0.922130 0.000000 0.000000 0.000000 0.000000 1.000000
0.994815 0.023508 -0.098945 -0.000000 -0.058725 0.927105 -0.370173 14.544500 0.083031 0.374064 0.923679 -0.000000 0.000000 0.000000 0.000000 1.000000
0.994632 0.023558 -0.100762 0.000000 -0.058968 0.929208 -0.364824 14.544500 0.085034 0.368807 0.925608 0.000000 0.000000 0.000000 0.000000 1.000000
0.994478 0.021888 -0.102639 0.000000 -0.057609 0.931339 -0.359567 14.544500 0.087721 0.363494 0.927457 -0.000000 0.000000 0.000000 0.000000 1.000000
0.994423 0.022819 -0.102967 0.000000 -0.058474 0.931806 -0.358216 14.544500 0.087771 0.362239 0.927944 0.000000 0.000000 0.000000 0.000000 1.000000
0.994543 0.022579 -0.101853 0.000000 -0.057968 0.931316 -0.359570 14.544500 0.086739 0.363512 0.927543 0.000000 0.000000 0.000000 0.000000 1.000000
0.994751 0.024268 -0.099407 0.000000 -0.058699 0.931068 -0.360093 14.544500 0.083816 0.364038 0.927605 -0.000000 0.000000 0.000000 0.000000 1.000000
0.994988 0.023903 -0.097097 0.000000 -0.057720 0.930199 -0.362490 14.544500 0.081655 0.366278 0.926916 0.000000 0.000000 0.000000 0.000000 1.000000
0.995077 0.013040 -0.098243 0.000000 -0.048549 0.928350 -0.368524 14.544500 0.086399 0.371480 0.924412 -0.000000 0.000000 0.000000 0.000000 1.000000
0.994893 0.009426 -0.100494 -0.000000 -0.046096 0.928168 -0.369297 14.544500 0.089795 0.372043 0.923862 -0.000000 0.000000 0.000000 0.000000 1.000000
0.994776 0.008751 -0.101706 -0.000000 -0.046058 0.927620 -0.370675 14.544500 0.091101 0.373423 0.923177 0.000000 0.000000 0.000000 0.000000 1.000000
0.994661 0.008234 -0.102868 0.000000 -0.046490 0.925682 -0.375436 14.544500 0.092131 0.378214 0.921122 0.000000 0.000000 0.000000 0.000000 1.000000
0.994486 0.005576 -0.104719 0.000000 -0.045086 0.924319 -0.378949 14.544500 0.094681 0.381581 0.919473 0.000000 0.000000 0.000000 0.000000 1.000000</float_array>
        <technique_common>
          <accessor source="#mixamorig_Neck-Matrix-animation-output-transform-array" count="32" stride="16">
            <param type="float4x4"/>
          </accessor>
        </technique_common>
      </source>
      <source id="mixamorig_Neck-Interpolations">
        <Name_array id="mixamorig_Neck-Interpolations-array" count="32">
 LINEAR LINEAR LINEAR LINEAR LINEAR LINEAR LINEAR LINEAR LINEAR LINEAR LINEAR
LINEAR LINEAR LINEAR LINEAR LINEAR LINEAR LINEAR LINEAR LINEAR LINEAR LINEAR LINEAR
LINEAR LINEAR LINEAR LINEAR LINEAR LINEAR LINEAR LINEAR LINEAR</Name_array>
        <technique_common>
          <accessor source="#mixamorig_Neck-Interpolations-array" count="32">
            <param type="name"/>
          </accessor>
        </technique_common>
      </source>
      <sampler id="mixamorig_Neck-Matrix-animation-transform">
        <input semantic="INPUT" source="#mixamorig_Neck-Matrix-animation-input"/>
        <input semantic="OUTPUT" source="#mixamorig_Neck-Matrix-animation-output-transform"/>
        <input semantic="INTERPOLATION" source="#mixamorig_Neck-Interpolations"/>
      </sampler>
      <channel source="#mixamorig_Neck-Matrix-animation-transform" target="mixamorig_Neck/matrix"/>
    </animation>
    <animation id="mixamorig_Neck1-anim" name="mixamorig_Neck1">
      <source id="mixamorig_Neck1-Matrix-animation-input">
        <float_array id="mixamorig_Neck1-Matrix-animation-input-array" count="32">

0.000000 0.033333 0.066667 0.100000 0.133333 0.166667 0.200000 0.233333 0.266667 0.300000 0.333333 0.366667 0.400000 0.433333 0.466667 0.500000
0.533333 0.566667 0.600000 0.633333 0.666667 0.700000 0.733333 0.766667 0.800000 0.833333 0.866667 0.900000 0.933333 0.966667 1.000000 1.033333</float_array>
        <technique_common>
          <accessor source="#mixamorig_Neck1-Matrix-animation-input-array" count="32">
            <param name="TIME" type="float"/>
          </accessor>
        </technique_common>
      </source>
      <source id="mixamorig_Neck1-Matrix-animation-output-transform">
        <float_array id="mixamorig_Neck1-Matrix-animation-output-transform-array" count="512">

1.000000 -0.000000 0.000000 0.000000 0.000000 1.000000 0.000000 4.340000 0.000000 0.000000 1.000000 0.926900 0.000000 0.000000 0.000000 1.000000
1.000000 0.000000 -0.000000 -0.000000 0.000000 1.000000 0.000000 4.340000 0.000000 -0.000000 1.000000 0.926900 0.000000 0.000000 0.000000 1.000000
1.000000 0.000000 0.000000 -0.000000 -0.000000 1.000000 0.000000 4.340000 0.000000 0.000000 1.000000 0.926900 0.000000 0.000000 0.000000 1.000000
1.000000 -0.000000 -0.000000 0.000000 0.000000 1.000000 -0.000000 4.340000 -0.000000 0.000000 1.000000 0.926900 0.000000 0.000000 0.000000 1.000000
1.000000 0.000000 0.000000 0.000000 0.000000 1.000000 0.000000 4.340000 -0.000000 0.000000 1.000000 0.926900 0.000000 0.000000 0.000000 1.000000
1.000000 -0.000000 -0.000000 0.000000 -0.000000 1.000000 -0.000000 4.340000 0.000000 -0.000000 1.000000 0.926900 0.000000 0.000000 0.000000 1.000000
1.000000 0.000000 0.000000 0.000000 0.000000 1.000000 0.000000 4.340000 0.000000 0.000000 1.000000 0.926900 0.000000 0.000000 0.000000 1.000000
1.000000 0.000000 -0.000000 0.000000 0.000000 1.000000 0.000000 4.340000 0.000000 0.000000 1.000000 0.926900 0.000000 0.000000 0.000000 1.000000
1.000000 -0.000000 -0.000000 -0.000000 0.000000 1.000000 0.000000 4.340000 -0.000000 -0.000000 1.000000 0.926900 0.000000 0.000000 0.000000 1.000000
1.000000 -0.000000 0.000000 0.000000 -0.000000 1.000000 -0.000000 4.340000 0.000000 -0.000000 1.000000 0.926900 0.000000 0.000000 0.000000 1.000000
1.000000 0.000000 -0.000000 0.000000 0.000000 1.000000 0.000000 4.340000 -0.000000 -0.000000 1.000000 0.926900 0.000000 0.000000 0.000000 1.000000
1.000000 -0.000000 -0.000000 0.000000 -0.000000 1.000000 -0.000000 4.340000 0.000000 -0.000000 1.000000 0.926900 0.000000 0.000000 0.000000 1.000000
1.000000 -0.000000 -0.000000 -0.000000 0.000000 1.000000 0.000000 4.340000 0.000000 0.000000 1.000000 0.926900 0.000000 0.000000 0.000000 1.000000
1.000000 0.000000 0.000000 0.000000 0.000000 1.000000 0.000000 4.340000 0.000000 0.000000 1.000000 0.926900 0.000000 0.000000 0.000000 1.000000
1.000000 0.000000 0.000000 0.000000 0.000000 1.000000 -0.000000 4.340000 -0.000000 -0.000000 1.000000 0.926900 0.000000 0.000000 0.000000 1.000000
1.000000 0.000000 -0.000000 0.000000 0.000000 1.000000 0.000000 4.340000 0.000000 -0.000000 1.000000 0.926900 0.000000 0.000000 0.000000 1.000000
1.000000 -0.000000 -0.000000 0.000000 -0.000000 1.000000 0.000000 4.340000 0.000000 -0.000000 1.000000 0.926900 0.000000 0.000000 0.000000 1.000000
1.000000 -0.000000 -0.000000 -0.000000 -0.000000 1.000000 0.000000 4.340000 -0.000000 0.000000 1.000000 0.926900 0.000000 0.000000 0.000000 1.000000
1.000000 -0.000000 -0.000000 0.000000 0.000000 1.000000 0.000000 4.340000 -0.000000 0.000000 1.000000 0.926900 0.000000 0.000000 0.000000 1.000000
1.000000 0.000000 0.000000 0.000000 -0.000000 1.000000 0.000000 4.340000 0.000000 0.000000 1.000000 0.926900 0.000000 0.000000 0.000000 1.000000
1.000000 -0.000000 0.000000 0.000000 -0.000000 1.000000 0.000000 4.340000 0.000000 0.000000 1.000000 0.926900 0.000000 0.000000 0.000000 1.000000
1.000000 -0.000000 -0.000000 0.000000 0.000000 1.000000 -0.000000 4.340000 0.000000 -0.000000 1.000000 0.926900 0.000000 0.000000 0.000000 1.000000
1.000000 0.000000 -0.000000 0.000000 0.000000 1.000000 -0.000000 4.340000 -0.000000 0.000000 1.000000 0.926900 0.000000 0.000000 0.000000 1.000000
1.000000 0.000000 0.000000 0.000000 0.000000 1.000000 0.000000 4.340000 0.000000 -0.000000 1.000000 0.926900 0.000000 0.000000 0.000000 1.000000
1.000000 -0.000000 -0.000000 0.000000 -0.000000 1.000000 0.000000 4.340000 0.000000 0.000000 1.000000 0.926900 0.000000 0.000000 0.000000 1.000000
1.000000 -0.000000 0.000000 0.000000 0.000000 1.000000 0.000000 4.340000 0.000000 -0.000000 1.000000 0.926900 0.000000 0.000000 0.000000 1.000000
