<?xml version="1.0" encoding="utf-8"?>
<COLLADA xmlns="http://www.collada.org/2005/11/COLLADASchema" version="1.4.1">
  <asset>
    <contributor>
      <author>Mixamo</author>
      <authoring_tool>COLLADA Mixamo exporter</authoring_tool>
      <comments/>
    </contributor>
    <created>2025-03-25T19:44:47Z</created>
    <modified>2025-03-25T19:44:47Z</modified>
    <revision/>
    <title/>
    <unit meter="0.010000"/>
    <up_axis>Y_UP</up_axis>
  </asset>
  <library_animations>
    <animation id="mixamorig_Hips-anim" name="mixamorig_Hips">
      <source id="mixamorig_Hips-Matrix-animation-input">
        <float_array id="mixamorig_Hips-Matrix-animation-input-array" count="32">

0.000000 0.033333 0.066667 0.100000 0.133333 0.166667 0.200000 0.233333 0.266667 0.300000 0.333333 0.366667 0.400000 0.433333 0.466667 0.500000
0.533333 0.566667 0.600000 0.633333 0.666667 0.700000 0.733333 0.766667 0.800000 0.833333 0.866667 0.900000 0.933333 0.966667 1.000000 1.033333</float_array>
        <technique_common>
          <accessor source="#mixamorig_Hips-Matrix-animation-input-array" count="32">
            <param name="TIME" type="float"/>
          </accessor>
        </technique_common>
      </source>
      <source id="mixamorig_Hips-Matrix-animation-output-transform">
        <float_array id="mixamorig_Hips-Matrix-animation-output-transform-array" count="512">

0.403715 -0.074181 -0.911872 0.015988 -0.002805 0.996602 -0.082316 93.744408 0.914880 0.035790 0.402135 0.055531 0.000000 0.000000 0.000000 1.000000
0.371535 -0.086881 -0.924345 -5.219582 0.007681 0.995865 -0.090516 93.789024 0.928387 0.026530 0.370666 0.379445 0.000000 0.000000 0.000000 1.000000
0.332715 -0.095537 -0.938176 -10.573686 0.002842 0.994952 -0.100311 93.125877 0.943023 0.030709 0.331307 0.734900 0.000000 0.000000 0.000000 1.000000
0.268637 -0.096427 -0.958403 -16.162453 -0.013222 0.994514 -0.103766 91.813454 0.963151 0.040548 0.265888 1.022916 0.000000 0.000000 0.000000 1.000000
0.189914 -0.094181 -0.977273 -22.148981 -0.036674 0.994013 -0.102921 89.784470 0.981116 0.055386 0.185323 1.226776 0.000000 0.000000 0.000000 1.000000
0.122853 -0.093115 -0.988047 -27.952600 -0.056620 0.993309 -0.100651 87.931953 0.990808 0.068309 0.116759 1.262373 0.000000 0.000000 0.000000 1.000000
0.094260 -0.096045 -0.990904 -33.621525 -0.061201 0.992894 -0.102060 86.480194 0.993665 0.070265 0.087712 1.191642 0.000000 0.000000 0.000000 1.000000
0.108434 -0.103871 -0.988662 -39.640938 -0.032527 0.993623 -0.107960 85.698112 0.993571 0.043865 0.104364 1.134236 0.000000 0.000000 0.000000 1.000000
0.144054 -0.109283 -0.983517 -45.977837 -0.005024 0.993790 -0.111160 85.260773 0.989557 0.020954 0.142610 1.127031 0.000000 0.000000 0.000000 1.000000
0.195821 -0.117563 -0.973567 -51.930626 0.035087 0.992992 -0.112851 85.575768 0.980012 -0.012061 0.198573 0.987640 0.000000 0.000000 0.000000 1.000000
0.250178 -0.127346 -0.959789 -57.083942 0.073348 0.990956 -0.112362 86.405235 0.965418 -0.042288 0.257256 0.946963 0.000000 0.000000 0.000000 1.000000
0.298854 -0.134981 -0.944704 -62.078892 0.096283 0.989160 -0.110874 87.695496 0.949429 -0.057824 0.308611 0.973889 0.000000 0.000000 0.000000 1.000000
0.337469 -0.136791 -0.931345 -67.203354 0.093984 0.989338 -0.111254 89.408501 0.936633 -0.049986 0.346727 0.778162 0.000000 0.000000 0.000000 1.000000
0.374576 -0.134595 -0.917375 -72.284134 0.074044 0.990590 -0.115104 91.138649 0.924235 -0.024811 0.381018 0.449398 0.000000 0.000000 0.000000 1.000000
0.397679 -0.134675 -0.907587 -77.236534 0.052674 0.990889 -0.123955 92.732666 0.916011 0.001488 0.401150 0.220074 0.000000 0.000000 0.000000 1.000000
0.403933 -0.132953 -0.905075 -82.018967 0.033529 0.990869 -0.130592 93.955177 0.914174 0.022404 0.404703 0.378441 0.000000 0.000000 0.000000 1.000000
0.407468 -0.132249 -0.903593 -86.742889 0.022799 0.990623 -0.134706 94.561501 0.912935 0.034287 0.406662 0.747826 0.000000 0.000000 0.000000 1.000000
0.414566 -0.137695 -0.899542 -91.616066 0.027465 0.989929 -0.138873 94.487114 0.909605 0.032866 0.414173 1.027769 0.000000 0.000000 0.000000 1.000000
0.427782 -0.149264 -0.891472 -96.756516 0.046538 0.988600 -0.143195 93.721436 0.902683 0.019769 0.429852 1.222388 0.000000 0.000000 0.000000 1.000000
0.452472 -0.158384 -0.877601 -102.361092 0.073427 0.987377 -0.140338 91.921692 0.888751 -0.000941 0.458390 1.362229 0.000000 0.000000 0.000000 1.000000
0.475502 -0.160394 -0.864969 -107.911690 0.091649 0.986920 -0.132626 90.240372 0.874928 -0.016209 0.483982 1.511200 0.000000 0.000000 0.000000 1.000000
0.483710 -0.159428 -0.860585 -113.262238 0.096612 0.986987 -0.128542 88.823723 0.869880 -0.020966 0.492818 1.560480 0.000000 0.000000 0.000000 1.000000
0.482059 -0.144059 -0.864214 -119.004494 0.079556 0.989512 -0.120569 87.823273 0.872519 -0.010632 0.488464 1.438874 0.000000 0.000000 0.000000 1.000000
0.483812 -0.117755 -0.867214 -125.447365 0.048530 0.992992 -0.107759 87.057144 0.873825 0.010049 0.486136 1.069179 0.000000 0.000000 0.000000 1.000000
0.484281 -0.106250 -0.868437 -131.750763 0.023777 0.993830 -0.108332 86.438202 0.874589 0.031814 0.483820 0.555698 0.000000 0.000000 0.000000 1.000000
0.481675 -0.098826 -0.870760 -137.614914 0.002169 0.993753 -0.111585 86.251274 0.876347 0.051859 0.478880 0.094523 0.000000 0.000000 0.000000 1.000000
0.488908 -0.079443 -0.868711 -143.274368 -0.025923 0.994082 -0.105497 86.813446 0.871950 0.074098 0.483955 -0.271204 0.000000 0.000000 0.000000 1.000000
0.489562 -0.068594 -0.869266 -148.843979 -0.038093 0.994267 -0.099912 88.022438 0.871136 0.082026 0.484142 -0.487943 0.000000 0.000000 0.000000 1.000000
0.468258 -0.067617 -0.881001 -154.334671 -0.034975 0.994868 -0.094945 89.725792 0.882900 0.075272 0.463490 -0.512946 0.000000 0.000000 0.000000 1.000000
0.444116 -0.065532 -0.893569 -159.788391 -0.030279 0.995654 -0.088068 91.421936 0.895457 0.066169 0.440202 -0.372170 0.000000 0.000000 0.000000 1.000000
0.426286 -0.066587 -0.902134 -165.125443 -0.019911 0.996355 -0.082950 92.888336 0.904369 0.053323 0.423406 -0.179024 0.000000 0.000000 0.000000 1.000000
0.403715 -0.074181 -0.911872 -170.351257 -0.002805 0.996602 -0.082316 93.744408 0.914880 0.035790 0.402135 0.055532 0.000000 0.000000 0.000000 1.000000</float_array>
        <technique_common>
          <accessor source="#mixamorig_Hips-Matrix-animation-output-transform-array" count="32" stride="16">
            <param type="float4x4"/>
          </accessor>
        </technique_common>
      </source>
      <source id="mixamorig_Hips-Interpolations">
        <Name_array id="mixamorig_Hips-Interpolations-array" count="32">
 LINEAR LINEAR LINEAR LINEAR LINEAR LINEAR LINEAR LINEAR LINEAR LINEAR LINEAR
LINEAR LINEAR LINEAR LINEAR LINEAR LINEAR LINEAR LINEAR LINEAR LINEAR LINEAR LINEAR
LINEAR LINEAR LINEAR LINEAR LINEAR LINEAR LINEAR LINEAR LINEAR</Name_array>
        <technique_common>
          <accessor source="#mixamorig_Hips-Interpolations-array" count="32">
            <param type="name"/>
          </accessor>
        </technique_common>
      </source>
      <sampler id="mixamorig_Hips-Matrix-animation-transform">
        <input semantic="INPUT" source="#mixamorig_Hips-Matrix-animation-input"/>
        <input semantic="OUTPUT" source="#mixamorig_Hips-Matrix-animation-output-transform"/>
        <input semantic="INTERPOLATION" source="#mixamorig_Hips-Interpolations"/>
      </sampler>
      <channel source="#mixamorig_Hips-Matrix-animation-transform" target="mixamorig_Hips/matrix"/>
    </animation>
    <animation id="mixamorig_Spine-anim" name="mixamorig_Spine">
      <source id="mixamorig_Spine-Matrix-animation-input">
        <float_array id="mixamorig_Spine-Matrix-animation-input-array" count="32">

0.000000 0.033333 0.066667 0.100000 0.133333 0.166667 0.200000 0.233333 0.266667 0.300000 0.333333 0.366667 0.400000 0.433333 0.466667 0.500000
0.533333 0.566667 0.600000 0.633333 0.666667 0.700000 0.733333 0.766667 0.800000 0.833333 0.866667 0.900000 0.933333 0.966667 1.000000 1.033333</float_array>
        <technique_common>
          <accessor source="#mixamorig_Spine-Matrix-animation-input-array" count="32">
            <param name="TIME" type="float"/>
          </accessor>
        </technique_common>
      </source>
      <source id="mixamorig_Spine-Matrix-animation-output-transform">
        <float_array id="mixamorig_Spine-Matrix-animation-output-transform-array" count="512">

0.991784 0.010991 0.127449 0.000800 0.000862 0.995705 -0.092576 9.226300 -0.127919 0.091925 0.987515 1.577100 0.000000 0.000000 0.000000 1.000000
0.988099 0.026738 0.151479 0.000800 -0.013048 0.995796 -0.090662 9.226300 -0.153266 0.087607 0.984294 1.577100 0.000000 0.000000 0.000000 1.000000
0.982407 0.026415 0.184873 0.000800 -0.010954 0.996392 -0.084158 9.226300 -0.186429 0.080653 0.979152 1.577100 0.000000 0.000000 0.000000 1.000000
0.970439 0.022902 0.240256 0.000800 -0.003965 0.996866 -0.079008 9.226300 -0.241313 0.075720 0.967489 1.577100 0.000000 0.000000 0.000000 1.000000
0.953256 0.017784 0.301641 0.000800 0.003769 0.997489 -0.070720 9.226300 -0.302141 0.068551 0.950795 1.577100 0.000000 0.000000 0.000000 1.000000
0.936610 0.014538 0.350073 0.000800 0.010545 0.997517 -0.069637 9.226300 -0.350216 0.068914 0.934131 1.577100 0.000000 0.000000 0.000000 1.000000
0.928200 0.019146 0.371588 0.000800 0.008352 0.997352 -0.072251 9.226300 -0.371987 0.070167 0.925582 1.577100 0.000000 0.000000 0.000000 1.000000
0.931414 0.049904 0.360523 0.000800 -0.023055 0.996656 -0.078395 9.226300 -0.363229 0.064707 0.929450 1.577100 0.000000 0.000000 0.000000 1.000000
0.935899 0.072674 0.344690 0.000800 -0.047542 0.995594 -0.080824 9.226300 -0.349046 0.059255 0.935230 1.577100 0.000000 0.000000 0.000000 1.000000
0.940874 0.107843 0.321133 0.000800 -0.083067 0.992479 -0.089919 9.226300 -0.328415 0.057927 0.942756 1.577100 0.000000 0.000000 0.000000 1.000000
0.951494 0.131721 0.278046 0.000800 -0.107322 0.989051 -0.101289 9.226300 -0.288344 0.066536 0.955213 1.577100 0.000000 0.000000 0.000000 1.000000
0.965553 0.133674 0.223248 0.000800 -0.112288 0.988012 -0.105944 9.226300 -0.234733 0.077227 0.968987 1.577100 0.000000 0.000000 0.000000 1.000000
0.975618 0.119074 0.184366 0.000800 -0.100515 0.989169 -0.106963 9.226300 -0.195106 0.085824 0.977020 1.577100 0.000000 0.000000 0.000000 1.000000
0.983865 0.090255 0.154478 0.000800 -0.074624 0.991757 -0.104159 9.226300 -0.162606 0.090951 0.982490 1.577100 0.000000 0.000000 0.000000 1.000000
0.988995 0.059004 0.135675 0.000800 -0.045689 0.994014 -0.099240 9.226300 -0.140719 0.091949 0.985771 1.577100 0.000000 0.000000 0.000000 1.000000
0.991410 0.032097 0.126793 0.000800 -0.019974 0.995205 -0.095751 9.226300 -0.129258 0.092396 0.987297 1.577100 0.000000 0.000000 0.000000 1.000000
0.992989 0.015878 0.117132 0.000800 -0.004929 0.995637 -0.093181 9.226300 -0.118100 0.091950 0.988735 1.577100 0.000000 0.000000 0.000000 1.000000
0.994646 0.017293 0.101884 0.000800 -0.007894 0.995733 -0.091941 9.226300 -0.103040 0.090644 0.990538 1.577100 0.000000 0.000000 0.000000 1.000000
0.996370 0.033485 0.078261 0.000800 -0.026470 0.995678 -0.089022 9.226300 -0.080904 0.086627 0.992950 1.577100 0.000000 0.000000 0.000000 1.000000
0.997414 0.053856 0.047581 0.000800 -0.049672 0.995131 -0.085124 9.226300 -0.051933 0.082540 0.995234 1.577100 0.000000 0.000000 0.000000 1.000000
0.997869 0.059525 0.026726 0.000800 -0.057042 0.994692 -0.085639 9.226300 -0.031681 0.083932 0.995968 1.577100 0.000000 0.000000 0.000000 1.000000
0.998388 0.052972 0.020391 0.000800 -0.050989 0.994827 -0.087862 9.226300 -0.024939 0.086681 0.995924 1.577100 0.000000 0.000000 0.000000 1.000000
0.999184 0.031640 0.025122 0.000800 -0.029243 0.995453 -0.090650 9.226300 -0.027875 0.089841 0.995566 1.577100 0.000000 0.000000 0.000000 1.000000
0.999426 0.003501 0.033685 0.000800 -0.000455 0.995938 -0.090035 9.226300 -0.033863 0.089968 0.995369 1.577100 0.000000 0.000000 0.000000 1.000000
0.998916 -0.017763 0.043016 0.000800 0.021272 0.996360 -0.082553 9.226300 -0.041393 0.083378 0.995658 1.577100 0.000000 0.000000 0.000000 1.000000
0.998119 -0.035474 0.050008 0.000800 0.039412 0.996007 -0.080106 9.226300 -0.046966 0.081926 0.995531 1.577100 0.000000 0.000000 0.000000 1.000000
0.996863 -0.057507 0.054383 0.000800 0.061970 0.994513 -0.084286 9.226300 -0.049237 0.087392 0.994956 1.577100 0.000000 0.000000 0.000000 1.000000
0.995959 -0.061048 0.065877 0.000800 0.066633 0.994047 -0.086202 9.226300 -0.060222 0.090243 0.994097 1.577100 0.000000 0.000000 0.000000 1.000000
0.995195 -0.045485 0.086711 0.000800 0.053072 0.994767 -0.087307 9.226300 -0.082286 0.091489 0.992400 1.577100 0.000000 0.000000 0.000000 1.000000
0.994151 -0.029562 0.103872 0.000800 0.038868 0.995296 -0.088744 9.226300 -0.100759 0.092262 0.990624 1.577100 0.000000 0.000000 0.000000 1.000000
0.993378 -0.011845 0.114283 0.000800 0.022319 0.995618 -0.090808 9.226300 -0.112706 0.092757 0.989289 1.577100 0.000000 0.000000 0.000000 1.000000
0.991784 0.010991 0.127449 0.000800 0.000862 0.995705 -0.092576 9.226300 -0.127919 0.091925 0.987515 1.577100 0.000000 0.000000 0.000000 1.000000</float_array>
        <technique_common>
          <accessor source="#mixamorig_Spine-Matrix-animation-output-transform-array" count="32" stride="16">
            <param type="float4x4"/>
          </accessor>
        </technique_common>
      </source>
      <source id="mixamorig_Spine-Interpolations">
        <Name_array id="mixamorig_Spine-Interpolations-array" count="32">
 LINEAR LINEAR LINEAR LINEAR LINEAR LINEAR LINEAR LINEAR LINEAR LINEAR LINEAR
LINEAR LINEAR LINEAR LINEAR LINEAR LINEAR LINEAR LINEAR LINEAR LINEAR LINEAR LINEAR
LINEAR LINEAR LINEAR LINEAR LINEAR LINEAR LINEAR LINEAR LINEAR</Name_array>
        <technique_common>
          <accessor source="#mixamorig_Spine-Interpolations-array" count="32">
            <param type="name"/>
          </accessor>
        </technique_common>
      </source>
      <sampler id="mixamorig_Spine-Matrix-animation-transform">
        <input semantic="INPUT" source="#mixamorig_Spine-Matrix-animation-input"/>
        <input semantic="OUTPUT" source="#mixamorig_Spine-Matrix-animation-output-transform"/>
        <input semantic="INTERPOLATION" source="#mixamorig_Spine-Interpolations"/>
      </sampler>
      <channel source="#mixamorig_Spine-Matrix-animation-transform" target="mixamorig_Spine/matrix"/>
    </animation>
    <animation id="mixamorig_Spine1-anim" name="mixamorig_Spine1">
      <source id="mixamorig_Spine1-Matrix-animation-input">
        <float_array id="mixamorig_Spine1-Matrix-animation-input-array" count="32">

0.000000 0.033333 0.066667 0.100000 0.133333 0.166667 0.200000 0.233333 0.266667 0.300000 0.333333 0.366667 0.400000 0.433333 0.466667 0.500000
0.533333 0.566667 0.600000 0.633333 0.666667 0.700000 0.733333 0.766667 0.800000 0.833333 0.866667 0.900000 0.933333 0.966667 1.000000 1.033333</float_array>
        <technique_common>
          <accessor source="#mixamorig_Spine1-Matrix-animation-input-array" count="32">
            <param name="TIME" type="float"/>
          </accessor>
        </technique_common>
      </source>
      <source id="mixamorig_Spine1-Matrix-animation-output-transform">
        <float_array id="mixamorig_Spine1-Matrix-animation-output-transform-array" count="512">

0.996539 -0.000751 0.083119 0.000000 -0.000175 0.999938 0.011138 16.254801 -0.083123 -0.011114 0.996477 0.000000 0.000000 0.000000 0.000000 1.000000
0.995905 0.007016 0.090128 -0.000000 -0.008254 0.999876 0.013376 16.254801 -0.090023 -0.014065 0.995840 -0.000000 0.000000 0.000000 0.000000 1.000000
0.995092 0.009114 0.098536 -0.000000 -0.010962 0.999774 0.018224 16.254801 -0.098347 -0.019214 0.994967 -0.000000 0.000000 0.000000 0.000000 1.000000
0.994179 0.005813 0.107582 -0.000000 -0.008337 0.999700 0.023033 16.254801 -0.107416 -0.023796 0.993929 -0.000000 0.000000 0.000000 0.000000 1.000000
0.993109 0.001221 0.117189 0.000000 -0.004544 0.999595 0.028097 16.254801 -0.117107 -0.028436 0.992712 0.000000 0.000000 0.000000 0.000000 1.000000
0.992213 -0.001134 0.124545 -0.000000 -0.002581 0.999556 0.029670 16.254801 -0.124523 -0.029761 0.991770 0.000000 0.000000 0.000000 0.000000 1.000000
0.991843 0.002191 0.127445 0.000000 -0.005640 0.999627 0.026713 16.254801 -0.127339 -0.027214 0.991486 -0.000000 0.000000 0.000000 0.000000 1.000000
0.991702 0.012069 0.127992 -0.000000 -0.015324 0.999583 0.024476 16.254801 -0.127643 -0.026234 0.991473 0.000000 0.000000 0.000000 0.000000 1.000000
0.991937 0.023715 0.124493 -0.000000 -0.027147 0.999295 0.025944 16.254801 -0.123790 -0.029114 0.991881 0.000000 0.000000 0.000000 0.000000 1.000000
0.992241 0.034597 0.119421 0.000000 -0.037488 0.999054 0.022049 16.254801 -0.118545 -0.026354 0.992599 0.000000 0.000000 0.000000 0.000000 1.000000
0.991719 0.040503 0.121873 0.000000 -0.042695 0.998969 0.015425 16.254801 -0.121123 -0.020501 0.992426 0.000000 0.000000 0.000000 0.000000 1.000000
0.991166 0.042345 0.125684 0.000000 -0.044203 0.998950 0.012024 16.254801 -0.125043 -0.017473 0.991997 0.000000 0.000000 0.000000 0.000000 1.000000
0.992074 0.038610 0.119580 0.000000 -0.040056 0.999150 0.009714 16.254801 -0.119103 -0.014427 0.992777 0.000000 0.000000 0.000000 0.000000 1.000000
0.993720 0.031073 0.107494 0.000000 -0.032173 0.999446 0.008509 16.254801 -0.107170 -0.011914 0.994169 0.000000 0.000000 0.000000 0.000000 1.000000
0.995133 0.022965 0.095824 0.000000 -0.023905 0.999677 0.008681 16.254801 -0.095594 -0.010929 0.995360 0.000000 0.000000 0.000000 0.000000 1.000000
0.996077 0.014255 0.087340 0.000000 -0.015090 0.999846 0.008910 16.254801 -0.087200 -0.010193 0.996139 0.000000 0.000000 0.000000 0.000000 1.000000
0.996586 0.007597 0.082214 -0.000000 -0.008408 0.999919 0.009529 16.254801 -0.082135 -0.010187 0.996569 0.000000 0.000000 0.000000 0.000000 1.000000
0.996867 0.004642 0.078958 0.000000 -0.005502 0.999928 0.010681 16.254801 -0.078902 -0.011082 0.996821 -0.000000 0.000000 0.000000 0.000000 1.000000
0.997228 0.007129 0.074062 0.000000 -0.008182 0.999870 0.013919 16.254801 -0.073953 -0.014487 0.997156 0.000000 0.000000 0.000000 0.000000 1.000000
0.997685 0.014094 0.066531 0.000000 -0.015373 0.999706 0.018761 16.254801 -0.066247 -0.019741 0.997608 -0.000000 0.000000 0.000000 0.000000 1.000000
0.998058 0.018977 0.059326 0.000000 -0.020125 0.999621 0.018811 16.254801 -0.058946 -0.019968 0.998061 0.000000 0.000000 0.000000 0.000000 1.000000
0.998325 0.018582 0.054788 0.000000 -0.019523 0.999670 0.016686 16.254801 -0.054460 -0.017728 0.998359 0.000000 0.000000 0.000000 0.000000 1.000000
0.998513 0.010901 0.053414 0.000000 -0.011656 0.999836 0.013839 16.254801 -0.053255 -0.014441 0.998477 0.000000 0.000000 0.000000 0.000000 1.000000
0.998497 0.000559 0.054808 0.000000 -0.001252 0.999920 0.012611 16.254801 -0.054796 -0.012660 0.998417 -0.000000 0.000000 0.000000 0.000000 1.000000
0.998256 -0.006051 0.058729 -0.000000 0.005132 0.999862 0.015800 16.254801 -0.058816 -0.015471 0.998149 0.000000 0.000000 0.000000 0.000000 1.000000
0.998052 -0.014150 0.060763 0.000000 0.013174 0.999778 0.016436 16.254801 -0.060982 -0.015603 0.998017 -0.000000 0.000000 0.000000 0.000000 1.000000
0.998019 -0.024914 0.057776 0.000000 0.024181 0.999618 0.013352 16.254801 -0.058087 -0.011928 0.998240 -0.000000 0.000000 0.000000 0.000000 1.000000
0.997866 -0.026268 0.059775 0.000000 0.025574 0.999597 0.012349 16.254801 -0.060075 -0.010794 0.998135 0.000000 0.000000 0.000000 0.000000 1.000000
0.997357 -0.020417 0.069728 0.000000 0.019609 0.999733 0.012244 16.254801 -0.069960 -0.010844 0.997491 0.000000 0.000000 0.000000 0.000000 1.000000
0.996931 -0.015315 0.076770 0.000000 0.014419 0.999821 0.012212 16.254801 -0.076943 -0.011067 0.996974 0.000000 0.000000 0.000000 0.000000 1.000000
0.996817 -0.009425 0.079165 0.000000 0.008538 0.999897 0.011540 16.254801 -0.079265 -0.010827 0.996795 0.000000 0.000000 0.000000 0.000000 1.000000
0.996539 -0.000751 0.083119 -0.000000 -0.000175 0.999938 0.011138 16.254801 -0.083122 -0.011114 0.996477 0.000000 0.000000 0.000000 0.000000 1.000000</float_array>
        <technique_common>
          <accessor source="#mixamorig_Spine1-Matrix-animation-output-transform-array" count="32" stride="16">
            <param type="float4x4"/>
          </accessor>
        </technique_common>
      </source>
      <source id="mixamorig_Spine1-Interpolations">
        <Name_array id="mixamorig_Spine1-Interpolations-array" count="32">
 LINEAR LINEAR LINEAR LINEAR LINEAR LINEAR LINEAR LINEAR LINEAR LINEAR LINEAR
LINEAR LINEAR LINEAR LINEAR LINEAR LINEAR LINEAR LINEAR LINEAR LINEAR LINEAR LINEAR
LINEAR LINEAR LINEAR LINEAR LINEAR LINEAR LINEAR LINEAR LINEAR</Name_array>
        <technique_common>
          <accessor source="#mixamorig_Spine1-Interpolations-array" count="32">
            <param type="name"/>
          </accessor>
        </technique_common>
      </source>
      <sampler id="mixamorig_Spine1-Matrix-animation-transform">
        <input semantic="INPUT" source="#mixamorig_Spine1-Matrix-animation-input"/>
        <input semantic="OUTPUT" source="#mixamorig_Spine1-Matrix-animation-output-transform"/>
        <input semantic="INTERPOLATION" source="#mixamorig_Spine1-Interpolations"/>
      </sampler>
      <channel source="#mixamorig_Spine1-Matrix-animation-transform" target="mixamorig_Spine1/matrix"/>
    </animation>
    <animation id="mixamorig_Spine2-anim" name="mixamorig_Spine2">
      <source id="mixamorig_Spine2-Matrix-animation-input">
        <float_array id="mixamorig_Spine2-Matrix-animation-input-array" count="32">

0.000000 0.033333 0.066667 0.100000 0.133333 0.166667 0.200000 0.233333 0.266667 0.300000 0.333333 0.366667 0.400000 0.433333 0.466667 0.500000
0.533333 0.566667 0.600000 0.633333 0.666667 0.700000 0.733333 0.766667 0.800000 0.833333 0.866667 0.900000 0.933333 0.966667 1.000000 1.033333</float_array>
        <technique_common>
          <accessor source="#mixamorig_Spine2-Matrix-animation-input-array" count="32">
            <param name="TIME" type="float"/>
          </accessor>
        </technique_common>
      </source>
      <source id="mixamorig_Spine2-Matrix-animation-output-transform">
        <float_array id="mixamorig_Spine2-Matrix-animation-output-transform-array" count="512">

0.996504 -0.018495 0.081477 0.000000 0.007204 0.990578 0.136757 13.700700 -0.083239 -0.135692 0.987248 0.000000 0.000000 0.000000 0.000000 1.000000
0.995853 -0.012309 0.090144 0.000000 -0.000367 0.990255 0.139269 13.700700 -0.090980 -0.138724 0.986143 0.000000 0.000000 0.000000 0.000000 1.000000
0.995014 -0.011791 0.099031 0.000000 -0.002657 0.989501 0.144504 13.700700 -0.099695 -0.144047 0.984536 -0.000000 0.000000 0.000000 0.000000 1.000000
0.994088 -0.016517 0.107314 0.000000 0.000283 0.988753 0.149556 13.700700 -0.108577 -0.148641 0.982912 0.000000 0.000000 0.000000 0.000000 1.000000
0.993016 -0.022369 0.115842 -0.000000 0.004219 0.987966 0.154613 13.700700 -0.117907 -0.153045 0.981160 0.000000 0.000000 0.000000 0.000000 1.000000
0.992115 -0.026027 0.122595 0.000000 0.006595 0.987685 0.156318 13.700700 -0.125154 -0.154277 0.980069 -0.000000 0.000000 0.000000 0.000000 1.000000
0.991743 -0.023671 0.126034 -0.000000 0.004068 0.988129 0.153570 13.700700 -0.128173 -0.151789 0.980067 0.000000 0.000000 0.000000 0.000000 1.000000
0.991614 -0.014636 0.128403 0.000000 -0.005012 0.988463 0.151378 13.700700 -0.129137 -0.150752 0.980101 -0.000000 0.000000 0.000000 0.000000 1.000000
0.991858 -0.002893 0.127316 -0.000000 -0.016739 0.988107 0.152856 13.700700 -0.126244 -0.153743 0.980013 0.000000 0.000000 0.000000 0.000000 1.000000
0.992176 0.008531 0.124552 0.000000 -0.027170 0.988504 0.148732 13.700700 -0.121852 -0.150952 0.981002 0.000000 0.000000 0.000000 0.000000 1.000000
0.991660 0.013546 0.128167 0.000000 -0.031881 0.989337 0.142110 13.700700 -0.124876 -0.145011 0.981518 0.000000 0.000000 0.000000 0.000000 1.000000
0.991116 0.014599 0.132197 -0.000000 -0.033075 0.989786 0.138670 13.700700 -0.128823 -0.141811 0.981476 0.000000 0.000000 0.000000 0.000000 1.000000
0.992035 0.012447 0.125347 0.000000 -0.029610 0.990265 0.136006 13.700700 -0.122434 -0.138635 0.982746 0.000000 0.000000 0.000000 0.000000 1.000000
0.993690 0.007703 0.111893 0.000000 -0.022815 0.990663 0.134409 13.700700 -0.109813 -0.136114 0.984588 -0.000000 0.000000 0.000000 0.000000 1.000000
0.995107 0.002136 0.098784 0.000000 -0.015460 0.990818 0.134316 13.700700 -0.097590 -0.135186 0.986003 -0.000000 0.000000 0.000000 0.000000 1.000000
0.996046 -0.004703 0.088710 0.000000 -0.007298 0.990890 0.134474 13.700700 -0.088534 -0.134590 0.986938 0.000000 0.000000 0.000000 0.000000 1.000000
0.996556 -0.010227 0.082289 0.000000 -0.000984 0.990837 0.135057 13.700700 -0.082916 -0.134673 0.987415 0.000000 0.000000 0.000000 0.000000 1.000000
0.996850 -0.012443 0.078329 -0.000000 0.001676 0.990701 0.136046 13.700700 -0.079293 -0.135486 0.987601 -0.000000 0.000000 0.000000 0.000000 1.000000
0.997233 -0.008845 0.073815 0.000000 -0.001504 0.990295 0.138975 13.700700 -0.074328 -0.138702 0.987541 0.000000 0.000000 0.000000 0.000000 1.000000
0.997714 -0.000098 0.067574 0.000000 -0.009615 0.989618 0.143402 13.700700 -0.066887 -0.143724 0.987355 0.000000 0.000000 0.000000 0.000000 1.000000
0.998091 0.006332 0.061437 0.000000 -0.015101 0.989558 0.143344 13.700700 -0.059887 -0.143998 0.987764 0.000000 0.000000 0.000000 0.000000 1.000000
0.998349 0.006824 0.057041 -0.000000 -0.014841 0.989851 0.141334 13.700700 -0.055498 -0.141947 0.988317 0.000000 0.000000 0.000000 0.000000 1.000000
0.998524 -0.000533 0.054308 0.000000 -0.007014 0.990314 0.138669 13.700700 -0.053856 -0.138846 0.988849 0.000000 0.000000 0.000000 0.000000 1.000000
0.998495 -0.011127 0.053703 0.000000 0.003636 0.990480 0.137612 13.700700 -0.054723 -0.137209 0.989029 0.000000 0.000000 0.000000 0.000000 1.000000
0.998236 -0.018700 0.056354 -0.000000 0.010584 0.989951 0.141017 13.700700 -0.058424 -0.140172 0.988402 0.000000 0.000000 0.000000 0.000000 1.000000
0.998013 -0.027219 0.056821 0.000000 0.018914 0.989702 0.141889 13.700700 -0.060098 -0.140532 0.988250 0.000000 0.000000 0.000000 0.000000 1.000000
0.997975 -0.037072 0.051684 -0.000000 0.029582 0.989877 0.138812 13.700700 -0.056307 -0.137002 0.988969 0.000000 0.000000 0.000000 0.000000 1.000000
0.997831 -0.038708 0.053247 0.000000 0.031055 0.989986 0.137709 13.700700 -0.058044 -0.135757 0.989040 0.000000 0.000000 0.000000 0.000000 1.000000
0.997332 -0.034978 0.064078 0.000000 0.025880 0.990140 0.137670 13.700700 -0.068261 -0.135644 0.988403 0.000000 0.000000 0.000000 0.000000 1.000000
0.996909 -0.031363 0.072036 0.000000 0.021213 0.990265 0.137566 13.700700 -0.075649 -0.135613 0.987870 0.000000 0.000000 0.000000 0.000000 1.000000
0.996789 -0.026104 0.075702 0.000000 0.015532 0.990448 0.137011 13.700700 -0.078555 -0.135395 0.987673 -0.000000 0.000000 0.000000 0.000000 1.000000
0.996504 -0.018495 0.081477 -0.000000 0.007204 0.990578 0.136757 13.700700 -0.083239 -0.135692 0.987248 0.000000 0.000000 0.000000 0.000000 1.000000</float_array>
        <technique_common>
          <accessor source="#mixamorig_Spine2-Matrix-animation-output-transform-array" count="32" stride="16">
            <param type="float4x4"/>
          </accessor>
        </technique_common>
      </source>
      <source id="mixamorig_Spine2-Interpolations">
        <Name_array id="mixamorig_Spine2-Interpolations-array" count="32">
 LINEAR LINEAR LINEAR LINEAR LINEAR LINEAR LINEAR LINEAR LINEAR LINEAR LINEAR
LINEAR LINEAR LINEAR LINEAR LINEAR LINEAR LINEAR LINEAR LINEAR LINEAR LINEAR LINEAR
LINEAR LINEAR LINEAR LINEAR LINEAR LINEAR LINEAR LINEAR LINEAR</Name_array>
        <technique_common>
          <accessor source="#mixamorig_Spine2-Interpolations-array" count="32">
            <param type="name"/>
          </accessor>
        </technique_common>
      </source>
      <sampler id="mixamorig_Spine2-Matrix-animation-transform">
        <input semantic="INPUT" source="#mixamorig_Spine2-Matrix-animation-input"/>
        <input semantic="OUTPUT" source="#mixamorig_Spine2-Matrix-animation-output-transform"/>
        <input semantic="INTERPOLATION" source="#mixamorig_Spine2-Interpolations"/>
      </sampler>
      <channel source="#mixamorig_Spine2-Matrix-animation-transform" target="mixamorig_Spine2/matrix"/>
    </animation>
    <animation id="mixamorig_Neck-anim" name="mixamorig_Neck">
      <source id="mixamorig_Neck-Matrix-animation-input">
        <float_array id="mixamorig_Neck-Matrix-animation-input-array" count="32">

0.000000 0.033333 0.066667 0.100000 0.133333 0.166667 0.200000 0.233333 0.266667 0.300000 0.333333 0.366667 0.400000 0.433333 0.466667 0.500000
0.533333 0.566667 0.600000 0.633333 0.666667 0.700000 0.733333 0.766667 0.800000 0.833333 0.866667 0.900000 0.933333 0.966667 1.000000 1.033333</float_array>
        <technique_common>
          <accessor source="#mixamorig_Neck-Matrix-animation-input-array" count="32">
            <param name="TIME" type="float"/>
          </accessor>
        </technique_common>
      </source>
      <source id="mixamorig_Neck-Matrix-animation-output-transform">
        <float_array id="mixamorig_Neck-Matrix-animation-output-transform-array" count="512">

0.994678 -0.032992 0.097603 -0.000000 0.067512 0.924329 -0.375577 14.544500 -0.077827 0.380168 0.921637 0.000000 0.000000 0.000000 0.000000 1.000000
0.994724 -0.031798 0.097534 -0.000000 0.066428 0.924161 -0.376183 14.544500 -0.078176 0.380677 0.921398 0.000000 0.000000 0.000000 0.000000 1.000000
0.994858 -0.026724 0.097695 0.000000 0.061736 0.924668 -0.375737 14.544500 -0.080294 0.379837 0.921562 0.000000 0.000000 0.000000 0.000000 1.000000
0.994889 -0.022705 0.098388 0.000000 0.057967 0.926258 -0.372405 14.544500 -0.082678 0.376205 0.922840 0.000000 0.000000 0.000000 0.000000 1.000000
0.994726 -0.023756 0.099777 -0.000000 0.059048 0.928061 -0.367717 14.544500 -0.083863 0.371670 0.924569 0.000000 0.000000 0.000000 0.000000 1.000000
0.994542 -0.022920 0.101792 0.000000 0.058471 0.930426 -0.361786 14.544500 -0.086418 0.365763 0.926687 -0.000000 0.000000 0.000000 0.000000 1.000000
0.994452 -0.020805 0.103117 -0.000000 0.056732 0.931549 -0.359162 14.544500 -0.088587 0.363019 0.927561 0.000000 0.000000 0.000000 0.000000 1.000000
0.994459 -0.023108 0.102553 0.000000 0.058649 0.931565 -0.358814 14.544500 -0.087243 0.362840 0.927758 0.000000 0.000000 0.000000 0.000000 1.000000
0.994642 -0.022862 0.100816 -0.000000 0.057888 0.931171 -0.359958 14.544500 -0.085647 0.363866 0.927505 0.000000 0.000000 0.000000 0.000000 1.000000
0.994863 -0.025497 0.097969 0.000000 0.059375 0.930790 -0.360700 14.544500 -0.081991 0.364664 0.927522 0.000000 0.000000 0.000000 0.000000 1.000000
0.995081 -0.018837 0.097255 0.000000 0.053312 0.929290 -0.365484 14.544500 -0.083493 0.368871 0.925723 0.000000 0.000000 0.000000 0.000000 1.000000
0.994990 -0.009434 0.099527 -0.000000 0.045828 0.927821 -0.370201 14.544500 -0.088851 0.372907 0.923605 -0.000000 0.000000 0.000000 0.000000 1.000000
0.994825 -0.008747 0.101222 0.000000 0.045776 0.928023 -0.369699 14.544500 -0.090702 0.372419 0.923622 0.000000 0.000000 0.000000 0.000000 1.000000
0.994725 -0.008715 0.102209 0.000000 0.046419 0.926775 -0.372739 14.544500 -0.091476 0.375517 0.922290 0.000000 0.000000 0.000000 0.000000 1.000000
0.994580 -0.007154 0.103728 0.000000 0.046051 0.924754 -0.377768 14.544500 -0.093221 0.380497 0.920072 0.000000 0.000000 0.000000 0.000000 1.000000
0.994456 -0.005768 0.104994 0.000000 0.045232 0.924859 -0.377610 14.544500 -0.094926 0.380266 0.919993 0.000000 0.000000 0.000000 0.000000 1.000000
0.994382 -0.007610 0.105573 0.000000 0.046840 0.926074 -0.374423 14.544500 -0.094919 0.377264 0.921229 -0.000000 0.000000 0.000000 0.000000 1.000000
0.994297 -0.011062 0.106068 -0.000000 0.049723 0.927966 -0.369332 14.544500 -0.094342 0.372500 0.923225 -0.000000 0.000000 0.000000 0.000000 1.000000
0.994117 -0.014626 0.107318 0.000000 0.052857 0.930354 -0.362833 14.544500 -0.094536 0.366371 0.925654 -0.000000 0.000000 0.000000 0.000000 1.000000
0.993896 -0.018187 0.108812 0.000000 0.056398 0.931457 -0.359454 14.544500 -0.094817 0.363397 0.926797 -0.000000 0.000000 0.000000 0.000000 1.000000
0.993832 -0.019816 0.109110 0.000000 0.057891 0.931903 -0.358058 14.544500 -0.094585 0.362166 0.927302 -0.000000 0.000000 0.000000 0.000000 1.000000
0.993852 -0.018363 0.109186 0.000000 0.056458 0.932357 -0.357103 14.544500 -0.095243 0.361071 0.927662 0.000000 0.000000 0.000000 0.000000 1.000000
0.993884 -0.014909 0.109414 0.000000 0.053527 0.931699 -0.359267 14.544500 -0.096585 0.362926 0.926799 -0.000000 0.000000 0.000000 0.000000 1.000000
0.994012 -0.014054 0.108367 0.000000 0.052719 0.930327 -0.362921 14.544500 -0.095716 0.366461 0.925497 -0.000000 0.000000 0.000000 0.000000 1.000000
0.994183 -0.015227 0.106618 -0.000000 0.053177 0.930269 -0.363005 14.544500 -0.093656 0.366563 0.925667 0.000000 0.000000 0.000000 0.000000 1.000000
0.994256 -0.013869 0.106129 0.000000 0.051452 0.931414 -0.360307 14.544500 -0.093853 0.363698 0.926777 0.000000 0.000000 0.000000 0.000000 1.000000
0.994365 -0.013495 0.105147 -0.000000 0.050571 0.932117 -0.358608 14.544500 -0.093170 0.361905 0.927547 0.000000 0.000000 0.000000 0.000000 1.000000
0.994606 -0.018581 0.102043 -0.000000 0.054179 0.932007 -0.358367 14.544500 -0.088446 0.361963 0.927987 0.000000 0.000000 0.000000 0.000000 1.000000
0.994769 -0.025463 0.098925 0.000000 0.059667 0.930892 -0.360388 14.544500 -0.082912 0.364406 0.927542 -0.000000 0.000000 0.000000 0.000000 1.000000
0.994754 -0.030091 0.097773 -0.000000 0.064062 0.928389 -0.366047 14.544500 -0.079756 0.370390 0.925446 0.000000 0.000000 0.000000 0.000000 1.000000
0.994699 -0.032075 0.097702 0.000000 0.066416 0.925748 -0.372262 14.544500 -0.078507 0.376777 0.922971 0.000000 0.000000 0.000000 0.000000 1.000000
0.994678 -0.032992 0.097603 0.000000 0.067512 0.924329 -0.375577 14.544500 -0.077827 0.380168 0.921637 0.000000 0.000000 0.000000 0.000000 1.000000</float_array>
        <technique_common>
          <accessor source="#mixamorig_Neck-Matrix-animation-output-transform-array" count="32" stride="16">
            <param type="float4x4"/>
          </accessor>
        </technique_common>
      </source>
      <source id="mixamorig_Neck-Interpolations">
        <Name_array id="mixamorig_Neck-Interpolations-array" count="32">
 LINEAR LINEAR LINEAR LINEAR LINEAR LINEAR LINEAR LINEAR LINEAR LINEAR LINEAR
LINEAR LINEAR LINEAR LINEAR LINEAR LINEAR LINEAR LINEAR LINEAR LINEAR LINEAR LINEAR
LINEAR LINEAR LINEAR LINEAR LINEAR LINEAR LINEAR LINEAR LINEAR</Name_array>
        <technique_common>
          <accessor source="#mixamorig_Neck-Interpolations-array" count="32">
            <param type="name"/>
          </accessor>
        </technique_common>
      </source>
      <sampler id="mixamorig_Neck-Matrix-animation-transform">
        <input semantic="INPUT" source="#mixamorig_Neck-Matrix-animation-input"/>
        <input semantic="OUTPUT" source="#mixamorig_Neck-Matrix-animation-output-transform"/>
        <input semantic="INTERPOLATION" source="#mixamorig_Neck-Interpolations"/>
      </sampler>
      <channel source="#mixamorig_Neck-Matrix-animation-transform" target="mixamorig_Neck/matrix"/>
    </animation>
    <animation id="mixamorig_Neck1-anim" name="mixamorig_Neck1">
      <source id="mixamorig_Neck1-Matrix-animation-input">
        <float_array id="mixamorig_Neck1-Matrix-animation-input-array" count="32">

0.000000 0.033333 0.066667 0.100000 0.133333 0.166667 0.200000 0.233333 0.266667 0.300000 0.333333 0.366667 0.400000 0.433333 0.466667 0.500000
0.533333 0.566667 0.600000 0.633333 0.666667 0.700000 0.733333 0.766667 0.800000 0.833333 0.866667 0.900000 0.933333 0.966667 1.000000 1.033333</float_array>
        <technique_common>
          <accessor source="#mixamorig_Neck1-Matrix-animation-input-array" count="32">
            <param name="TIME" type="float"/>
          </accessor>
        </technique_common>
      </source>
      <source id="mixamorig_Neck1-Matrix-animation-output-transform">
        <float_array id="mixamorig_Neck1-Matrix-animation-output-transform-array" count="512">

1.000000 0.000000 0.000000 -0.000000 0.000000 1.000000 -0.000000 4.340000 -0.000000 0.000000 1.000000 0.926900 0.000000 0.000000 0.000000 1.000000
1.000000 0.000000 0.000000 0.000000 -0.000000 1.000000 -0.000000 4.340000 0.000000 0.000000 1.000000 0.926900 0.000000 0.000000 0.000000 1.000000
1.000000 0.000000 0.000000 -0.000000 0.000000 1.000000 -0.000000 4.340000 0.000000 -0.000000 1.000000 0.926900 0.000000 0.000000 0.000000 1.000000
1.000000 -0.000000 0.000000 0.000000 -0.000000 1.000000 0.000000 4.340000 -0.000000 -0.000000 1.000000 0.926900 0.000000 0.000000 0.000000 1.000000
1.000000 -0.000000 -0.000000 0.000000 0.000000 1.000000 0.000000 4.340000 -0.000000 0.000000 1.000000 0.926900 0.000000 0.000000 0.000000 1.000000
1.000000 0.000000 0.000000 0.000000 0.000000 1.000000 -0.000000 4.340000 0.000000 -0.000000 1.000000 0.926900 0.000000 0.000000 0.000000 1.000000
1.000000 0.000000 0.000000 0.000000 0.000000 1.000000 -0.000000 4.340000 0.000000 0.000000 1.000000 0.926900 0.000000 0.000000 0.000000 1.000000
1.000000 -0.000000 -0.000000 0.000000 -0.000000 1.000000 0.000000 4.340000 0.000000 0.000000 1.000000 0.926900 0.000000 0.000000 0.000000 1.000000
1.000000 0.000000 -0.000000 -0.000000 -0.000000 1.000000 -0.000000 4.340000 -0.000000 0.000000 1.000000 0.926900 0.000000 0.000000 0.000000 1.000000
1.000000 -0.000000 0.000000 0.000000 -0.000000 1.000000 0.000000 4.340000 0.000000 0.000000 1.000000 0.926900 0.000000 0.000000 0.000000 1.000000
1.000000 -0.000000 -0.000000 0.000000 0.000000 1.000000 0.000000 4.340000 0.000000 0.000000 1.000000 0.926900 0.000000 0.000000 0.000000 1.000000
1.000000 0.000000 0.000000 0.000000 -0.000000 1.000000 0.000000 4.340000 0.000000 0.000000 1.000000 0.926900 0.000000 0.000000 0.000000 1.000000
1.000000 0.000000 0.000000 0.000000 0.000000 1.000000 -0.000000 4.340000 -0.000000 -0.000000 1.000000 0.926900 0.000000 0.000000 0.000000 1.000000
1.000000 0.000000 -0.000000 0.000000 0.000000 1.000000 0.000000 4.340000 -0.000000 0.000000 1.000000 0.926900 0.000000 0.000000 0.000000 1.000000
1.000000 -0.000000 0.000000 0.000000 0.000000 1.000000 0.000000 4.340000 0.000000 0.000000 1.000000 0.926900 0.000000 0.000000 0.000000 1.000000
1.000000 -0.000000 -0.000000 0.000000 0.000000 1.000000 0.000000 4.340000 0.000000 -0.000000 1.000000 0.926900 0.000000 0.000000 0.000000 1.000000
1.000000 0.000000 0.000000 0.000000 0.000000 1.000000 0.000000 4.340000 -0.000000 0.000000 1.000000 0.926900 0.000000 0.000000 0.000000 1.000000
1.000000 0.000000 -0.000000 0.000000 -0.000000 1.000000 0.000000 4.340000 0.000000 0.000000 1.000000 0.926900 0.000000 0.000000 0.000000 1.000000
1.000000 -0.000000 0.000000 0.000000 0.000000 1.000000 0.000000 4.340000 0.000000 0.000000 1.000000 0.926900 0.000000 0.000000 0.000000 1.000000
1.000000 0.000000 0.000000 0.000000 -0.000000 1.000000 0.000000 4.340000 -0.000000 -0.000000 1.000000 0.926900 0.000000 0.000000 0.000000 1.000000
1.000000 0.000000 0.000000 0.000000 0.000000 1.000000 -0.000000 4.340000 -0.000000 -0.000000 1.000000 0.926900 0.000000 0.000000 0.000000 1.000000
1.000000 -0.000000 -0.000000 0.000000 0.000000 1.000000 0.000000 4.340000 -0.000000 -0.000000 1.000000 0.926900 0.000000 0.000000 0.000000 1.000000
1.000000 0.000000 -0.000000 0.000000 0.000000 1.000000 0.000000 4.340000 -0.000000 0.000000 1.000000 0.926900 0.000000 0.000000 0.000000 1.000000
1.000000 -0.000000 -0.000000 0.000000 -0.000000 1.000000 0.000000 4.340000 -0.000000 0.000000 1.000000 0.926900 0.000000 0.000000 0.000000 1.000000
1.000000 0.000000 -0.000000 0.000000 0.000000 1.000000 0.000000 4.340000 0.000000 -0.000000 1.000000 0.926900 0.000000 0.000000 0.000000 1.000000
1.000000 -0.000000 -0.000000 -0.000000 -0.000000 1.000000 0.000000 4.340000 -0.000000 0.000000 1.000000 0.926900 0.000000 0.000000 0.000000 1.000000
