<?xml version="1.0" encoding="utf-8"?>
<COLLADA xmlns="http://www.collada.org/2005/11/COLLADASchema" version="1.4.1">
  <asset>
    <contributor>
      <author>Mixamo</author>
      <authoring_tool>COLLADA Mixamo exporter</authoring_tool>
      <comments/>
    </contributor>
    <created>2025-03-25T19:51:59Z</created>
    <modified>2025-03-25T19:51:59Z</modified>
    <revision/>
    <title/>
    <unit meter="0.010000"/>
    <up_axis>Y_UP</up_axis>
  </asset>
  <library_animations>
    <animation id="mixamorig_Hips-anim" name="mixamorig_Hips">
      <source id="mixamorig_Hips-Matrix-animation-input">
        <float_array id="mixamorig_Hips-Matrix-animation-input-array" count="32">

0.000000 0.033333 0.066667 0.100000 0.133333 0.166667 0.200000 0.233333 0.266667 0.300000 0.333333 0.366667 0.400000 0.433333 0.466667 0.500000
0.533333 0.566667 0.600000 0.633333 0.666667 0.700000 0.733333 0.766667 0.800000 0.833333 0.866667 0.900000 0.933333 0.966667 1.000000 1.033333</float_array>
        <technique_common>
          <accessor source="#mixamorig_Hips-Matrix-animation-input-array" count="32">
            <param name="TIME" type="float"/>
          </accessor>
        </technique_common>
      </source>
      <source id="mixamorig_Hips-Matrix-animation-output-transform">
        <float_array id="mixamorig_Hips-Matrix-animation-output-transform-array" count="512">

0.998409 0.030626 0.047341 -0.201705 -0.029814 0.999398 -0.017770 94.615517 -0.047856 0.016330 0.998721 0.007957 0.000000 0.000000 0.000000 1.000000
0.999269 0.029864 0.023870 -0.308333 -0.029442 0.999408 -0.017802 95.194183 -0.024387 0.017086 0.999557 5.384004 0.000000 0.000000 0.000000 1.000000
0.999447 0.032999 0.004150 -0.391030 -0.032931 0.999336 -0.015605 95.200470 -0.004662 0.015460 0.999870 10.689561 0.000000 0.000000 0.000000 1.000000
0.999317 0.035620 -0.009867 -0.410677 -0.035737 0.999289 -0.012036 94.743408 0.009431 0.012381 0.999879 16.214193 0.000000 0.000000 0.000000 1.000000
0.999183 0.035118 -0.020016 -0.415539 -0.035327 0.999324 -0.010153 93.913406 0.019646 0.010852 0.999748 21.579348 0.000000 0.000000 0.000000 1.000000
0.998960 0.033415 -0.031027 -0.349358 -0.033783 0.999364 -0.011416 92.903175 0.030626 0.012452 0.999453 26.900373 0.000000 0.000000 0.000000 1.000000
0.998493 0.032342 -0.044347 -0.188888 -0.032968 0.999366 -0.013467 91.839203 0.043883 0.014908 0.998925 32.354809 0.000000 0.000000 0.000000 1.000000
0.997839 0.031891 -0.057454 0.079491 -0.032700 0.999378 -0.013204 90.622963 0.056997 0.015054 0.998261 38.236477 0.000000 0.000000 0.000000 1.000000
0.997301 0.029512 -0.067226 0.567250 -0.030403 0.999462 -0.012270 89.283806 0.066828 0.014280 0.997662 44.704788 0.000000 0.000000 0.000000 1.000000
0.997159 0.022389 -0.071918 1.068072 -0.023589 0.999596 -0.015880 88.512733 0.071533 0.017531 0.997284 51.314480 0.000000 0.000000 0.000000 1.000000
0.997439 0.011949 -0.070517 1.610185 -0.013666 0.999621 -0.023916 88.283249 0.070204 0.024819 0.997224 57.613964 0.000000 0.000000 0.000000 1.000000
0.997991 0.002627 -0.063309 2.101557 -0.004464 0.999572 -0.028897 88.517998 0.063206 0.029122 0.997576 63.440876 0.000000 0.000000 0.000000 1.000000
0.998499 -0.000947 -0.054758 2.596065 -0.000492 0.999655 -0.026268 89.685066 0.054764 0.026256 0.998154 69.124916 0.000000 0.000000 0.000000 1.000000
0.998890 0.002109 -0.047060 2.995071 -0.003039 0.999801 -0.019706 91.412399 0.047009 0.019827 0.998698 74.681297 0.000000 0.000000 0.000000 1.000000
0.999336 0.010774 -0.034805 3.227619 -0.011301 0.999824 -0.014974 93.115028 0.034638 0.015358 0.999282 80.077782 0.000000 0.000000 0.000000 1.000000
0.999728 0.020488 -0.011170 3.408071 -0.020656 0.999671 -0.015194 94.608704 0.010855 0.015421 0.999822 85.586876 0.000000 0.000000 0.000000 1.000000
0.999479 0.024003 0.021578 3.529362 -0.023565 0.999516 -0.020297 95.479912 -0.022055 0.019777 0.999561 90.724579 0.000000 0.000000 0.000000 1.000000
0.998427 0.017924 0.053128 3.600224 -0.016507 0.999499 -0.026994 95.611382 -0.053586 0.026074 0.998223 95.760048 0.000000 0.000000 0.000000 1.000000
0.997146 0.005995 0.075259 3.650075 -0.003638 0.999500 -0.031418 95.071487 -0.075409 0.031055 0.996669 101.037582 0.000000 0.000000 0.000000 1.000000
0.996106 -0.005719 0.087975 3.713398 0.008612 0.999433 -0.032547 93.988907 -0.087739 0.033178 0.995591 106.419418 0.000000 0.000000 0.000000 1.000000
0.995122 -0.014372 0.097599 3.723008 0.017591 0.999327 -0.032195 92.726875 -0.097071 0.033755 0.994705 111.870140 0.000000 0.000000 0.000000 1.000000
0.993749 -0.020019 0.109824 3.674431 0.023722 0.999190 -0.032513 91.269867 -0.109084 0.034915 0.993419 117.450783 0.000000 0.000000 0.000000 1.000000
0.991887 -0.022307 0.125153 3.509079 0.026809 0.999048 -0.034405 89.872841 -0.124266 0.037481 0.991541 123.048019 0.000000 0.000000 0.000000 1.000000
0.990102 -0.019107 0.139041 3.091738 0.024648 0.998965 -0.038236 88.652588 -0.138166 0.041285 0.989548 129.104065 0.000000 0.000000 0.000000 1.000000
0.989437 -0.008355 0.144721 2.550035 0.014988 0.998883 -0.044806 88.060287 -0.144185 0.046502 0.988458 135.414322 0.000000 0.000000 0.000000 1.000000
0.990197 0.009421 0.139357 1.943168 -0.002014 0.998582 -0.053195 87.981857 -0.139661 0.052393 0.988812 141.410706 0.000000 0.000000 0.000000 1.000000
0.991316 0.028853 0.128299 1.379265 -0.021497 0.998064 -0.058355 88.648476 -0.129734 0.055090 0.990017 147.262436 0.000000 0.000000 0.000000 1.000000
0.991766 0.044119 0.120223 0.727751 -0.037723 0.997775 -0.054967 89.741806 -0.122380 0.049980 0.991224 152.919876 0.000000 0.000000 0.000000 1.000000
0.992347 0.049145 0.113281 0.334457 -0.044444 0.998057 -0.043660 91.150551 -0.115206 0.038291 0.992603 158.527847 0.000000 0.000000 0.000000 1.000000
0.993922 0.044964 0.100485 0.089859 -0.042076 0.998643 -0.030679 92.584518 -0.101728 0.026264 0.994466 164.387558 0.000000 0.000000 0.000000 1.000000
0.996276 0.037046 0.077863 -0.079867 -0.035466 0.999138 -0.021582 93.778946 -0.078596 0.018740 0.996730 170.219543 0.000000 0.000000 0.000000 1.000000
0.998409 0.030626 0.047341 -0.201705 -0.029814 0.999398 -0.017770 94.615524 -0.047856 0.016330 0.998721 175.707458 0.000000 0.000000 0.000000 1.000000</float_array>
        <technique_common>
          <accessor source="#mixamorig_Hips-Matrix-animation-output-transform-array" count="32" stride="16">
            <param type="float4x4"/>
          </accessor>
        </technique_common>
      </source>
      <source id="mixamorig_Hips-Interpolations">
        <Name_array id="mixamorig_Hips-Interpolations-array" count="32">
 LINEAR LINEAR LINEAR LINEAR LINEAR LINEAR LINEAR LINEAR LINEAR LINEAR LINEAR
LINEAR LINEAR LINEAR LINEAR LINEAR LINEAR LINEAR LINEAR LINEAR LINEAR LINEAR LINEAR
LINEAR LINEAR LINEAR LINEAR LINEAR LINEAR LINEAR LINEAR LINEAR</Name_array>
        <technique_common>
          <accessor source="#mixamorig_Hips-Interpolations-array" count="32">
            <param type="name"/>
          </accessor>
        </technique_common>
      </source>
      <sampler id="mixamorig_Hips-Matrix-animation-transform">
        <input semantic="INPUT" source="#mixamorig_Hips-Matrix-animation-input"/>
        <input semantic="OUTPUT" source="#mixamorig_Hips-Matrix-animation-output-transform"/>
        <input semantic="INTERPOLATION" source="#mixamorig_Hips-Interpolations"/>
      </sampler>
      <channel source="#mixamorig_Hips-Matrix-animation-transform" target="mixamorig_Hips/matrix"/>
    </animation>
    <animation id="mixamorig_Spine-anim" name="mixamorig_Spine">
      <source id="mixamorig_Spine-Matrix-animation-input">
        <float_array id="mixamorig_Spine-Matrix-animation-input-array" count="32">

0.000000 0.033333 0.066667 0.100000 0.133333 0.166667 0.200000 0.233333 0.266667 0.300000 0.333333 0.366667 0.400000 0.433333 0.466667 0.500000
0.533333 0.566667 0.600000 0.633333 0.666667 0.700000 0.733333 0.766667 0.800000 0.833333 0.866667 0.900000 0.933333 0.966667 1.000000 1.033333</float_array>
        <technique_common>
          <accessor source="#mixamorig_Spine-Matrix-animation-input-array" count="32">
            <param name="TIME" type="float"/>
          </accessor>
        </technique_common>
      </source>
      <source id="mixamorig_Spine-Matrix-animation-output-transform">
        <float_array id="mixamorig_Spine-Matrix-animation-output-transform-array" count="512">

0.999948 -0.008510 0.005689 0.000800 0.008471 0.999941 0.006839 9.226300 -0.005746 -0.006790 0.999960 1.577100 0.000000 0.000000 0.000000 1.000000
0.999922 -0.004742 0.011582 0.000800 0.004667 0.999968 0.006510 9.226300 -0.011613 -0.006456 0.999912 1.577100 0.000000 0.000000 0.000000 1.000000
0.999860 -0.002370 0.016586 0.000800 0.002294 0.999987 0.004578 9.226300 -0.016597 -0.004540 0.999852 1.577100 0.000000 0.000000 0.000000 1.000000
0.999792 -0.001103 0.020378 0.000800 0.001030 0.999993 0.003618 9.226300 -0.020382 -0.003596 0.999786 1.577100 0.000000 0.000000 0.000000 1.000000
0.999729 0.000839 0.023277 0.000800 -0.000892 0.999997 0.002268 9.226300 -0.023275 -0.002288 0.999726 1.577100 0.000000 0.000000 0.000000 1.000000
0.999646 0.002869 0.026462 0.000800 -0.002923 0.999994 0.001990 9.226300 -0.026456 -0.002067 0.999648 1.577100 0.000000 0.000000 0.000000 1.000000
0.999530 0.005127 0.030215 0.000800 -0.005195 0.999984 0.002163 9.226300 -0.030203 -0.002319 0.999541 1.577100 0.000000 0.000000 0.000000 1.000000
0.999395 0.007179 0.034033 0.000800 -0.007270 0.999970 0.002554 9.226300 -0.034014 -0.002800 0.999417 1.577100 0.000000 0.000000 0.000000 1.000000
0.999273 0.009084 0.037019 0.000800 -0.009225 0.999951 0.003626 9.226300 -0.036984 -0.003964 0.999308 1.577100 0.000000 0.000000 0.000000 1.000000
0.999201 0.011546 0.038261 0.000800 -0.011838 0.999902 0.007408 9.226300 -0.038172 -0.007855 0.999240 1.577100 0.000000 0.000000 0.000000 1.000000
0.999190 0.014927 0.037359 0.000800 -0.015409 0.999802 0.012625 9.226300 -0.037163 -0.013190 0.999222 1.577100 0.000000 0.000000 0.000000 1.000000
0.999264 0.017592 0.034080 0.000800 -0.018100 0.999729 0.014656 9.226300 -0.033813 -0.015262 0.999312 1.577100 0.000000 0.000000 0.000000 1.000000
0.999416 0.017316 0.029465 0.000800 -0.017707 0.999758 0.013074 9.226300 -0.029231 -0.013588 0.999480 1.577100 0.000000 0.000000 0.000000 1.000000
0.999579 0.016095 0.024146 0.000800 -0.016356 0.999810 0.010635 9.226300 -0.023970 -0.011026 0.999652 1.577100 0.000000 0.000000 0.000000 1.000000
0.999763 0.012863 0.017589 0.000800 -0.013019 0.999877 0.008786 9.226300 -0.017474 -0.009013 0.999807 1.577100 0.000000 0.000000 0.000000 1.000000
0.999923 0.008235 0.009263 0.000800 -0.008312 0.999931 0.008323 9.226300 -0.009194 -0.008400 0.999922 1.577100 0.000000 0.000000 0.000000 1.000000
0.999988 0.004899 0.000231 0.000800 -0.004901 0.999959 0.007589 9.226300 -0.000194 -0.007590 0.999971 1.577100 0.000000 0.000000 0.000000 1.000000
0.999965 0.003937 -0.007366 0.000800 -0.003886 0.999969 0.006872 9.226300 0.007393 -0.006843 0.999949 1.577100 0.000000 0.000000 0.000000 1.000000
0.999914 0.004408 -0.012360 0.000800 -0.004331 0.999971 0.006246 9.226300 0.012387 -0.006192 0.999904 1.577100 0.000000 0.000000 0.000000 1.000000
0.999876 0.003921 -0.015229 0.000800 -0.003851 0.999982 0.004622 9.226300 0.015247 -0.004563 0.999873 1.577100 0.000000 0.000000 0.000000 1.000000
0.999839 0.003458 -0.017592 0.000800 -0.003406 0.999990 0.003010 9.226300 0.017602 -0.002950 0.999841 1.577100 0.000000 0.000000 0.000000 1.000000
0.999785 0.002085 -0.020615 0.000800 -0.002042 0.999996 0.002127 9.226300 0.020619 -0.002085 0.999785 1.577100 0.000000 0.000000 0.000000 1.000000
0.999706 -0.000191 -0.024232 0.000800 0.000238 0.999998 0.001964 9.226300 0.024231 -0.001969 0.999704 1.577100 0.000000 0.000000 0.000000 1.000000
0.999625 -0.002475 -0.027277 0.000800 0.002585 0.999989 0.004008 9.226300 0.027267 -0.004077 0.999620 1.577100 0.000000 0.000000 0.000000 1.000000
0.999588 -0.005335 -0.028199 0.000800 0.005582 0.999947 0.008661 9.226300 0.028151 -0.008815 0.999565 1.577100 0.000000 0.000000 0.000000 1.000000
0.999611 -0.008766 -0.026467 0.000800 0.009124 0.999868 0.013467 9.226300 0.026345 -0.013704 0.999559 1.577100 0.000000 0.000000 0.000000 1.000000
0.999651 -0.013288 -0.022834 0.000800 0.013651 0.999782 0.015820 9.226300 0.022619 -0.016126 0.999614 1.577100 0.000000 0.000000 0.000000 1.000000
0.999657 -0.017307 -0.019661 0.000800 0.017595 0.999739 0.014595 9.226300 0.019403 -0.014936 0.999700 1.577100 0.000000 0.000000 0.000000 1.000000
0.999692 -0.019191 -0.015728 0.000800 0.019373 0.999746 0.011492 9.226300 0.015503 -0.011793 0.999810 1.577100 0.000000 0.000000 0.000000 1.000000
0.999799 -0.017268 -0.010145 0.000800 0.017359 0.999809 0.008966 9.226300 0.009988 -0.009140 0.999908 1.577100 0.000000 0.000000 0.000000 1.000000
0.999914 -0.012849 -0.002697 0.000800 0.012871 0.999885 0.007990 9.226300 0.002594 -0.008024 0.999964 1.577100 0.000000 0.000000 0.000000 1.000000
0.999948 -0.008510 0.005689 0.000800 0.008471 0.999941 0.006839 9.226300 -0.005747 -0.006790 0.999960 1.577100 0.000000 0.000000 0.000000 1.000000</float_array>
        <technique_common>
          <accessor source="#mixamorig_Spine-Matrix-animation-output-transform-array" count="32" stride="16">
            <param type="float4x4"/>
          </accessor>
        </technique_common>
      </source>
      <source id="mixamorig_Spine-Interpolations">
        <Name_array id="mixamorig_Spine-Interpolations-array" count="32">
 LINEAR LINEAR LINEAR LINEAR LINEAR LINEAR LINEAR LINEAR LINEAR LINEAR LINEAR
LINEAR LINEAR LINEAR LINEAR LINEAR LINEAR LINEAR LINEAR LINEAR LINEAR LINEAR LINEAR
LINEAR LINEAR LINEAR LINEAR LINEAR LINEAR LINEAR LINEAR LINEAR</Name_array>
        <technique_common>
          <accessor source="#mixamorig_Spine-Interpolations-array" count="32">
            <param type="name"/>
          </accessor>
        </technique_common>
      </source>
      <sampler id="mixamorig_Spine-Matrix-animation-transform">
        <input semantic="INPUT" source="#mixamorig_Spine-Matrix-animation-input"/>
        <input semantic="OUTPUT" source="#mixamorig_Spine-Matrix-animation-output-transform"/>
        <input semantic="INTERPOLATION" source="#mixamorig_Spine-Interpolations"/>
      </sampler>
      <channel source="#mixamorig_Spine-Matrix-animation-transform" target="mixamorig_Spine/matrix"/>
    </animation>
    <animation id="mixamorig_Spine1-anim" name="mixamorig_Spine1">
      <source id="mixamorig_Spine1-Matrix-animation-input">
        <float_array id="mixamorig_Spine1-Matrix-animation-input-array" count="32">

0.000000 0.033333 0.066667 0.100000 0.133333 0.166667 0.200000 0.233333 0.266667 0.300000 0.333333 0.366667 0.400000 0.433333 0.466667 0.500000
0.533333 0.566667 0.600000 0.633333 0.666667 0.700000 0.733333 0.766667 0.800000 0.833333 0.866667 0.900000 0.933333 0.966667 1.000000 1.033333</float_array>
        <technique_common>
          <accessor source="#mixamorig_Spine1-Matrix-animation-input-array" count="32">
            <param name="TIME" type="float"/>
          </accessor>
        </technique_common>
      </source>
      <source id="mixamorig_Spine1-Matrix-animation-output-transform">
        <float_array id="mixamorig_Spine1-Matrix-animation-output-transform-array" count="512">

0.999889 -0.009773 0.011213 0.000000 0.008876 0.996955 0.077477 16.254801 -0.011936 -0.077369 0.996931 0.000000 0.000000 0.000000 0.000000 1.000000
0.999723 -0.004803 0.023027 0.000000 0.003021 0.997043 0.076788 16.254801 -0.023328 -0.076697 0.996781 0.000000 0.000000 0.000000 0.000000 1.000000
0.999450 -0.002369 0.033080 0.000000 -0.000050 0.997338 0.072912 16.254801 -0.033165 -0.072873 0.996790 0.000000 0.000000 0.000000 0.000000 1.000000
0.999167 -0.001441 0.040790 -0.000000 -0.001459 0.997476 0.070984 16.254801 -0.040789 -0.070984 0.996643 0.000000 0.000000 0.000000 0.000000 1.000000
0.998865 0.000797 0.047625 -0.000000 -0.004051 0.997658 0.068273 16.254801 -0.047459 -0.068389 0.996529 -0.000000 0.000000 0.000000 0.000000 1.000000
0.998454 0.004100 0.055433 -0.000000 -0.007853 0.997678 0.067652 16.254801 -0.055027 -0.067983 0.996168 0.000000 0.000000 0.000000 0.000000 1.000000
0.997879 0.007638 0.064649 0.000000 -0.012035 0.997619 0.067909 16.254801 -0.063977 -0.068543 0.995595 0.000000 0.000000 0.000000 0.000000 1.000000
0.997228 0.010479 0.073663 0.000000 -0.015550 0.997523 0.068606 16.254801 -0.072762 -0.069561 0.994921 0.000000 0.000000 0.000000 0.000000 1.000000
0.996679 0.013007 0.080384 -0.000000 -0.018716 0.997324 0.070673 16.254801 -0.079249 -0.071943 0.994255 0.000000 0.000000 0.000000 0.000000 1.000000
0.996396 0.016401 0.083217 0.000000 -0.022933 0.996677 0.078156 16.254801 -0.081659 -0.079783 0.993462 -0.000000 0.000000 0.000000 0.000000 1.000000
0.996446 0.022628 0.081140 -0.000000 -0.029811 0.995636 0.088436 16.254801 -0.078784 -0.090540 0.992772 0.000000 0.000000 0.000000 0.000000 1.000000
0.996911 0.027457 0.073580 0.000000 -0.034233 0.995125 0.092485 16.254801 -0.070682 -0.094718 0.992992 0.000000 0.000000 0.000000 0.000000 1.000000
0.997703 0.026507 0.062334 0.000000 -0.032040 0.995471 0.089501 16.254801 -0.059680 -0.091292 0.994034 0.000000 0.000000 0.000000 0.000000 1.000000
0.998475 0.023307 0.050035 0.000000 -0.027501 0.996016 0.084829 16.254801 -0.047859 -0.086075 0.995138 0.000000 0.000000 0.000000 0.000000 1.000000
0.999203 0.017282 0.035987 0.000000 -0.020162 0.996486 0.081293 16.254801 -0.034456 -0.081954 0.996040 -0.000000 0.000000 0.000000 0.000000 1.000000
0.999763 0.010584 0.019011 -0.000000 -0.012081 0.996686 0.080441 16.254801 -0.018097 -0.080652 0.996578 0.000000 0.000000 0.000000 0.000000 1.000000
0.999973 0.007328 0.000934 0.000000 -0.007379 0.996848 0.078996 16.254801 -0.000352 -0.079000 0.996875 0.000000 0.000000 0.000000 0.000000 1.000000
0.999868 0.007921 -0.014193 0.000000 -0.006797 0.996963 0.077582 16.254801 0.014764 -0.077476 0.996885 0.000000 0.000000 0.000000 0.000000 1.000000
0.999659 0.010129 -0.024070 -0.000000 -0.008264 0.997046 0.076361 16.254801 0.024772 -0.076136 0.996790 0.000000 0.000000 0.000000 0.000000 1.000000
0.999496 0.009344 -0.030333 0.000000 -0.007104 0.997298 0.073121 16.254801 0.030934 -0.072869 0.996862 0.000000 0.000000 0.000000 0.000000 1.000000
0.999319 0.008059 -0.036021 0.000000 -0.005526 0.997540 0.069885 16.254801 0.036495 -0.069639 0.996904 0.000000 0.000000 0.000000 0.000000 1.000000
0.999040 0.005465 -0.043465 0.000000 -0.002495 0.997676 0.068089 16.254801 0.043736 -0.067915 0.996732 0.000000 0.000000 0.000000 0.000000 1.000000
0.998636 0.002007 -0.052176 0.000000 0.001533 0.997703 0.067719 16.254801 0.052192 -0.067707 0.996339 0.000000 0.000000 0.000000 0.000000 1.000000
0.998240 -0.000946 -0.059291 -0.000000 0.005208 0.997408 0.071763 16.254801 0.059069 -0.071946 0.995658 0.000000 0.000000 0.000000 0.000000 1.000000
0.998082 -0.005265 -0.061675 0.000000 0.010262 0.996662 0.080991 16.254801 0.061043 -0.081468 0.994805 0.000000 0.000000 0.000000 0.000000 1.000000
0.998264 -0.010958 -0.057877 0.000000 0.016179 0.995763 0.090524 16.254801 0.056640 -0.091303 0.994211 0.000000 0.000000 0.000000 0.000000 1.000000
0.998541 -0.019603 -0.050318 -0.000000 0.024331 0.995166 0.095146 16.254801 0.048210 -0.096232 0.994191 0.000000 0.000000 0.000000 0.000000 1.000000
0.998840 -0.024315 -0.041551 0.000000 0.028089 0.995290 0.092786 16.254801 0.039099 -0.093846 0.994819 -0.000000 0.000000 0.000000 0.000000 1.000000
0.999166 -0.025135 -0.032174 0.000000 0.027843 0.995845 0.086701 16.254801 0.029862 -0.087525 0.995715 0.000000 0.000000 0.000000 0.000000 1.000000
0.999563 -0.021419 -0.020350 0.000000 0.023015 0.996389 0.081726 16.254801 0.018526 -0.082159 0.996447 -0.000000 0.000000 0.000000 0.000000 1.000000
0.999866 -0.015441 -0.005449 0.000000 0.015827 0.996686 0.079794 16.254801 0.004199 -0.079869 0.996797 -0.000000 0.000000 0.000000 0.000000 1.000000
0.999889 -0.009773 0.011213 0.000000 0.008876 0.996955 0.077478 16.254801 -0.011936 -0.077369 0.996931 0.000000 0.000000 0.000000 0.000000 1.000000</float_array>
        <technique_common>
          <accessor source="#mixamorig_Spine1-Matrix-animation-output-transform-array" count="32" stride="16">
            <param type="float4x4"/>
          </accessor>
        </technique_common>
      </source>
      <source id="mixamorig_Spine1-Interpolations">
        <Name_array id="mixamorig_Spine1-Interpolations-array" count="32">
 LINEAR LINEAR LINEAR LINEAR LINEAR LINEAR LINEAR LINEAR LINEAR LINEAR LINEAR
LINEAR LINEAR LINEAR LINEAR LINEAR LINEAR LINEAR LINEAR LINEAR LINEAR LINEAR LINEAR
LINEAR LINEAR LINEAR LINEAR LINEAR LINEAR LINEAR LINEAR LINEAR</Name_array>
        <technique_common>
          <accessor source="#mixamorig_Spine1-Interpolations-array" count="32">
            <param type="name"/>
          </accessor>
        </technique_common>
      </source>
      <sampler id="mixamorig_Spine1-Matrix-animation-transform">
        <input semantic="INPUT" source="#mixamorig_Spine1-Matrix-animation-input"/>
        <input semantic="OUTPUT" source="#mixamorig_Spine1-Matrix-animation-output-transform"/>
        <input semantic="INTERPOLATION" source="#mixamorig_Spine1-Interpolations"/>
      </sampler>
      <channel source="#mixamorig_Spine1-Matrix-animation-transform" target="mixamorig_Spine1/matrix"/>
    </animation>
    <animation id="mixamorig_Spine2-anim" name="mixamorig_Spine2">
      <source id="mixamorig_Spine2-Matrix-animation-input">
        <float_array id="mixamorig_Spine2-Matrix-animation-input-array" count="32">

0.000000 0.033333 0.066667 0.100000 0.133333 0.166667 0.200000 0.233333 0.266667 0.300000 0.333333 0.366667 0.400000 0.433333 0.466667 0.500000
0.533333 0.566667 0.600000 0.633333 0.666667 0.700000 0.733333 0.766667 0.800000 0.833333 0.866667 0.900000 0.933333 0.966667 1.000000 1.033333</float_array>
        <technique_common>
          <accessor source="#mixamorig_Spine2-Matrix-animation-input-array" count="32">
            <param name="TIME" type="float"/>
          </accessor>
        </technique_common>
      </source>
      <source id="mixamorig_Spine2-Matrix-animation-output-transform">
        <float_array id="mixamorig_Spine2-Matrix-animation-output-transform-array" count="512">

0.999889 -0.011892 0.008934 0.000000 0.009849 0.979448 0.201456 13.700700 -0.011146 -0.201345 0.979457 -0.000000 0.000000 0.000000 0.000000 1.000000
0.999723 -0.009488 0.021524 -0.000000 0.004974 0.979619 0.200803 13.700700 -0.022991 -0.200640 0.979395 0.000000 0.000000 0.000000 0.000000 1.000000
0.999450 -0.009199 0.031864 0.000000 0.002742 0.980396 0.197018 13.700700 -0.033052 -0.196823 0.979882 0.000000 0.000000 0.000000 0.000000 1.000000
0.999167 -0.009896 0.039597 -0.000000 0.001980 0.980772 0.195147 13.700700 -0.040767 -0.194906 0.979974 0.000000 0.000000 0.000000 0.000000 1.000000
0.998865 -0.009129 0.046749 0.000000 -0.000042 0.981296 0.192506 13.700700 -0.047632 -0.192290 0.980182 0.000000 0.000000 0.000000 0.000000 1.000000
0.998454 -0.007522 0.055073 0.000000 -0.003193 0.981404 0.191928 13.700700 -0.055493 -0.191807 0.979863 0.000000 0.000000 0.000000 0.000000 1.000000
0.997879 -0.005979 0.064824 -0.000000 -0.006607 0.981329 0.192223 13.700700 -0.064763 -0.192243 0.979208 0.000000 0.000000 0.000000 0.000000 1.000000
0.997228 -0.005075 0.074231 -0.000000 -0.009370 0.981163 0.192956 13.700700 -0.073812 -0.193116 0.978396 0.000000 0.000000 0.000000 0.000000 1.000000
0.996679 -0.004000 0.081331 0.000000 -0.011978 0.980725 0.195026 13.700700 -0.080544 -0.195352 0.977420 0.000000 0.000000 0.000000 0.000000 1.000000
0.996396 -0.001270 0.084808 0.000000 -0.015978 0.979175 0.202387 13.700700 -0.083299 -0.203013 0.975626 -0.000000 0.000000 0.000000 0.000000 1.000000
0.996446 0.005252 0.084072 0.000000 -0.023073 0.976903 0.212436 13.700700 -0.081014 -0.213621 0.973552 0.000000 0.000000 0.000000 0.000000 1.000000
0.996911 0.011548 0.077682 0.000000 -0.028162 0.975914 0.216331 13.700700 -0.073313 -0.217851 0.973225 0.000000 0.000000 0.000000 0.000000 1.000000
0.997703 0.012959 0.066485 -0.000000 -0.026902 0.976606 0.213349 13.700700 -0.062165 -0.214648 0.974711 0.000000 0.000000 0.000000 0.000000 1.000000
0.998475 0.012388 0.053790 0.000000 -0.023374 0.977695 0.208726 13.700700 -0.050004 -0.209665 0.976494 0.000000 0.000000 0.000000 0.000000 1.000000
0.999203 0.009417 0.038795 0.000000 -0.017190 0.978563 0.205231 13.700700 -0.036031 -0.205734 0.977944 0.000000 0.000000 0.000000 0.000000 1.000000
0.999763 0.006397 0.020797 0.000000 -0.010515 0.978836 0.204375 13.700700 -0.019049 -0.204546 0.978672 0.000000 0.000000 0.000000 0.000000 1.000000
0.999973 0.006973 0.002438 -0.000000 -0.007323 0.979162 0.202946 13.700700 -0.000972 -0.202959 0.979187 -0.000000 0.000000 0.000000 0.000000 1.000000
0.999868 0.010701 -0.012234 -0.000000 -0.008016 0.979442 0.201565 13.700700 0.014140 -0.201441 0.979399 0.000000 0.000000 0.000000 0.000000 1.000000
0.999659 0.014915 -0.021436 -0.000000 -0.010320 0.979665 0.200376 13.700700 0.023989 -0.200087 0.979484 -0.000000 0.000000 0.000000 0.000000 1.000000
0.999496 0.015450 -0.027726 -0.000000 -0.009683 0.980314 0.197208 13.700700 0.030227 -0.196840 0.979970 0.000000 0.000000 0.000000 0.000000 1.000000
0.999319 0.015377 -0.033556 0.000000 -0.008578 0.980955 0.194044 13.700700 0.035900 -0.193624 0.980419 0.000000 0.000000 0.000000 0.000000 1.000000
0.999040 0.014388 -0.041377 0.000000 -0.006168 0.981316 0.192305 13.700700 0.043371 -0.191866 0.980462 0.000000 0.000000 0.000000 0.000000 1.000000
0.998636 0.012818 -0.050617 0.000000 -0.002866 0.981395 0.191979 13.700700 0.052136 -0.191573 0.980093 0.000000 0.000000 0.000000 0.000000 1.000000
0.998240 0.011409 -0.058190 -0.000000 0.000217 0.980606 0.195990 13.700700 0.059298 -0.195658 0.978878 -0.000000 0.000000 0.000000 0.000000 1.000000
0.998082 0.007681 -0.061421 0.000000 0.005087 0.978735 0.205066 13.700700 0.061690 -0.204985 0.976819 0.000000 0.000000 0.000000 0.000000 1.000000
0.998264 0.001322 -0.058891 0.000000 0.011354 0.976682 0.214392 13.700700 0.057801 -0.214689 0.974971 0.000000 0.000000 0.000000 0.000000 1.000000
0.998541 -0.008706 -0.053295 0.000000 0.020186 0.975547 0.218861 13.700700 0.050087 -0.219618 0.974299 0.000000 0.000000 0.000000 0.000000 1.000000
0.998840 -0.015139 -0.045701 -0.000000 0.024698 0.975972 0.216494 13.700700 0.041325 -0.217371 0.975214 0.000000 0.000000 0.000000 0.000000 1.000000
0.999166 -0.017891 -0.036700 0.000000 0.025230 0.977270 0.210494 13.700700 0.032099 -0.211244 0.976906 0.000000 0.000000 0.000000 0.000000 1.000000
0.999563 -0.016717 -0.024361 0.000000 0.021373 0.978402 0.205603 13.700700 0.020398 -0.206034 0.978332 0.000000 0.000000 0.000000 0.000000 1.000000
0.999866 -0.013969 -0.008543 0.000000 0.015417 0.978909 0.203712 13.700700 0.005517 -0.203817 0.978994 0.000000 0.000000 0.000000 0.000000 1.000000
0.999889 -0.011892 0.008934 0.000000 0.009849 0.979448 0.201456 13.700700 -0.011146 -0.201345 0.979457 -0.000000 0.000000 0.000000 0.000000 1.000000</float_array>
        <technique_common>
          <accessor source="#mixamorig_Spine2-Matrix-animation-output-transform-array" count="32" stride="16">
            <param type="float4x4"/>
          </accessor>
        </technique_common>
      </source>
      <source id="mixamorig_Spine2-Interpolations">
        <Name_array id="mixamorig_Spine2-Interpolations-array" count="32">
 LINEAR LINEAR LINEAR LINEAR LINEAR LINEAR LINEAR LINEAR LINEAR LINEAR LINEAR
LINEAR LINEAR LINEAR LINEAR LINEAR LINEAR LINEAR LINEAR LINEAR LINEAR LINEAR LINEAR
LINEAR LINEAR LINEAR LINEAR LINEAR LINEAR LINEAR LINEAR LINEAR</Name_array>
        <technique_common>
          <accessor source="#mixamorig_Spine2-Interpolations-array" count="32">
            <param type="name"/>
          </accessor>
        </technique_common>
      </source>
      <sampler id="mixamorig_Spine2-Matrix-animation-transform">
        <input semantic="INPUT" source="#mixamorig_Spine2-Matrix-animation-input"/>
        <input semantic="OUTPUT" source="#mixamorig_Spine2-Matrix-animation-output-transform"/>
        <input semantic="INTERPOLATION" source="#mixamorig_Spine2-Interpolations"/>
      </sampler>
      <channel source="#mixamorig_Spine2-Matrix-animation-transform" target="mixamorig_Spine2/matrix"/>
    </animation>
    <animation id="mixamorig_Neck-anim" name="mixamorig_Neck">
      <source id="mixamorig_Neck-Matrix-animation-input">
        <float_array id="mixamorig_Neck-Matrix-animation-input-array" count="32">

0.000000 0.033333 0.066667 0.100000 0.133333 0.166667 0.200000 0.233333 0.266667 0.300000 0.333333 0.366667 0.400000 0.433333 0.466667 0.500000
0.533333 0.566667 0.600000 0.633333 0.666667 0.700000 0.733333 0.766667 0.800000 0.833333 0.866667 0.900000 0.933333 0.966667 1.000000 1.033333</float_array>
        <technique_common>
          <accessor source="#mixamorig_Neck-Matrix-animation-input-array" count="32">
            <param name="TIME" type="float"/>
          </accessor>
        </technique_common>
      </source>
      <source id="mixamorig_Neck-Matrix-animation-output-transform">
        <float_array id="mixamorig_Neck-Matrix-animation-output-transform-array" count="512">

0.999746 0.021084 -0.007955 0.000000 -0.022499 0.953897 -0.299291 14.544500 0.001278 0.299394 0.954129 0.000000 0.000000 0.000000 0.000000 1.000000
0.999909 0.008096 -0.010773 0.000000 -0.011024 0.951224 -0.308305 14.544500 0.007752 0.308396 0.951227 0.000000 0.000000 0.000000 0.000000 1.000000
0.999849 -0.009063 -0.014859 0.000000 0.004023 0.950956 -0.309301 14.544500 0.016934 0.309194 0.950848 -0.000000 0.000000 0.000000 0.000000 1.000000
0.999629 -0.021021 -0.017348 0.000000 0.014244 0.945595 -0.325035 14.544500 0.023237 0.324667 0.945543 -0.000000 0.000000 0.000000 0.000000 1.000000
0.999162 -0.035486 -0.020378 0.000000 0.026662 0.942308 -0.333685 14.544500 0.031043 0.332862 0.942464 0.000000 0.000000 0.000000 0.000000 1.000000
0.998260 -0.053527 -0.024752 0.000000 0.041860 0.938785 -0.341950 14.544500 0.041540 0.340319 0.939392 0.000000 0.000000 0.000000 0.000000 1.000000
0.996879 -0.072844 -0.030422 0.000000 0.058059 0.937655 -0.342685 14.544500 0.053488 0.339849 0.938958 0.000000 0.000000 0.000000 0.000000 1.000000
0.995707 -0.085503 -0.035452 0.000000 0.069074 0.941346 -0.330297 14.544500 0.061614 0.326430 0.943211 0.000000 0.000000 0.000000 0.000000 1.000000
0.995584 -0.086100 -0.037398 0.000000 0.070484 0.948781 -0.307972 14.544500 0.061999 0.303976 0.950660 0.000000 0.000000 0.000000 0.000000 1.000000
0.996182 -0.079902 -0.035184 -0.000000 0.065211 0.948935 -0.308660 14.544500 0.058050 0.305187 0.950522 0.000000 0.000000 0.000000 0.000000 1.000000
0.996334 -0.079390 -0.031868 0.000000 0.064977 0.944597 -0.321736 14.544500 0.055645 0.318486 0.946293 0.000000 0.000000 0.000000 0.000000 1.000000
0.997093 -0.071279 -0.026910 0.000000 0.059052 0.946179 -0.318210 14.544500 0.048143 0.315696 0.947638 0.000000 0.000000 0.000000 0.000000 1.000000
0.998647 -0.048599 -0.018484 -0.000000 0.040334 0.948408 -0.314477 14.544500 0.032813 0.313306 0.949085 0.000000 0.000000 0.000000 0.000000 1.000000
0.999337 -0.034500 -0.011600 0.000000 0.028939 0.946402 -0.321693 14.544500 0.022077 0.321145 0.946773 -0.000000 0.000000 0.000000 0.000000 1.000000
0.999735 -0.022407 -0.005255 0.000000 0.019401 0.943327 -0.331296 14.544500 0.012380 0.331107 0.943512 0.000000 0.000000 0.000000 0.000000 1.000000
0.999933 -0.011585 0.000599 0.000000 0.011068 0.937270 -0.348429 14.544500 0.003475 0.348412 0.937335 -0.000000 0.000000 0.000000 0.000000 1.000000
0.999961 -0.007401 0.004886 -0.000000 0.008649 0.935624 -0.352892 14.544500 -0.001960 0.352921 0.935651 0.000000 0.000000 0.000000 0.000000 1.000000
0.999949 -0.006030 0.008141 0.000000 0.008511 0.935902 -0.352158 14.544500 -0.005496 0.352209 0.935905 0.000000 0.000000 0.000000 0.000000 1.000000
0.999937 -0.003517 0.010676 0.000000 0.007070 0.935177 -0.354109 14.544500 -0.008738 0.354162 0.935143 0.000000 0.000000 0.000000 0.000000 1.000000
0.999837 0.011059 0.014288 0.000000 -0.005354 0.936624 -0.350296 14.544500 -0.017256 0.350162 0.936530 0.000000 0.000000 0.000000 0.000000 1.000000
0.999646 0.021208 0.016036 0.000000 -0.014284 0.937074 -0.348839 14.544500 -0.022425 0.348487 0.937045 0.000000 0.000000 0.000000 0.000000 1.000000
0.999268 0.033676 0.018136 0.000000 -0.025475 0.939659 -0.341164 14.544500 -0.028530 0.340452 0.939829 0.000000 0.000000 0.000000 0.000000 1.000000
0.998653 0.047333 0.021260 0.000000 -0.038005 0.946188 -0.321379 14.544500 -0.035328 0.320138 0.946712 0.000000 0.000000 0.000000 0.000000 1.000000
0.998376 0.052245 0.022729 0.000000 -0.042931 0.952107 -0.302736 14.544500 -0.037457 0.301269 0.952803 0.000000 0.000000 0.000000 0.000000 1.000000
0.998295 0.053921 0.022332 0.000000 -0.044690 0.952349 -0.301719 14.544500 -0.037536 0.300206 0.953135 0.000000 0.000000 0.000000 0.000000 1.000000
0.998775 0.045769 0.018823 0.000000 -0.038069 0.953586 -0.298704 14.544500 -0.031621 0.297622 0.954160 0.000000 0.000000 0.000000 0.000000 1.000000
0.998939 0.043303 0.015683 0.000000 -0.036915 0.956448 -0.289560 14.544500 -0.027539 0.288674 0.957031 0.000000 0.000000 0.000000 0.000000 1.000000
0.999538 0.028923 0.009390 0.000000 -0.025260 0.961647 -0.273124 14.544500 -0.016930 0.272760 0.961933 0.000000 0.000000 0.000000 0.000000 1.000000
0.999810 0.019128 0.003697 0.000000 -0.017469 0.964233 -0.264480 14.544500 -0.008624 0.264366 0.964384 -0.000000 0.000000 0.000000 0.000000 1.000000
0.999933 0.011453 -0.001793 -0.000000 -0.011510 0.962488 -0.271080 14.544500 -0.001379 0.271083 0.962555 0.000000 0.000000 0.000000 0.000000 1.000000
0.999932 0.009977 -0.006053 0.000000 -0.011299 0.957429 -0.288447 14.544500 0.002917 0.288496 0.957477 0.000000 0.000000 0.000000 0.000000 1.000000
0.999746 0.021084 -0.007955 -0.000000 -0.022499 0.953897 -0.299291 14.544500 0.001278 0.299394 0.954129 0.000000 0.000000 0.000000 0.000000 1.000000</float_array>
        <technique_common>
          <accessor source="#mixamorig_Neck-Matrix-animation-output-transform-array" count="32" stride="16">
            <param type="float4x4"/>
          </accessor>
        </technique_common>
      </source>
      <source id="mixamorig_Neck-Interpolations">
        <Name_array id="mixamorig_Neck-Interpolations-array" count="32">
 LINEAR LINEAR LINEAR LINEAR LINEAR LINEAR LINEAR LINEAR LINEAR LINEAR LINEAR
LINEAR LINEAR LINEAR LINEAR LINEAR LINEAR LINEAR LINEAR LINEAR LINEAR LINEAR LINEAR
LINEAR LINEAR LINEAR LINEAR LINEAR LINEAR LINEAR LINEAR LINEAR</Name_array>
        <technique_common>
          <accessor source="#mixamorig_Neck-Interpolations-array" count="32">
            <param type="name"/>
          </accessor>
        </technique_common>
      </source>
      <sampler id="mixamorig_Neck-Matrix-animation-transform">
        <input semantic="INPUT" source="#mixamorig_Neck-Matrix-animation-input"/>
        <input semantic="OUTPUT" source="#mixamorig_Neck-Matrix-animation-output-transform"/>
        <input semantic="INTERPOLATION" source="#mixamorig_Neck-Interpolations"/>
      </sampler>
      <channel source="#mixamorig_Neck-Matrix-animation-transform" target="mixamorig_Neck/matrix"/>
    </animation>
    <animation id="mixamorig_Neck1-anim" name="mixamorig_Neck1">
      <source id="mixamorig_Neck1-Matrix-animation-input">
        <float_array id="mixamorig_Neck1-Matrix-animation-input-array" count="32">

0.000000 0.033333 0.066667 0.100000 0.133333 0.166667 0.200000 0.233333 0.266667 0.300000 0.333333 0.366667 0.400000 0.433333 0.466667 0.500000
0.533333 0.566667 0.600000 0.633333 0.666667 0.700000 0.733333 0.766667 0.800000 0.833333 0.866667 0.900000 0.933333 0.966667 1.000000 1.033333</float_array>
        <technique_common>
          <accessor source="#mixamorig_Neck1-Matrix-animation-input-array" count="32">
            <param name="TIME" type="float"/>
          </accessor>
        </technique_common>
      </source>
      <source id="mixamorig_Neck1-Matrix-animation-output-transform">
        <float_array id="mixamorig_Neck1-Matrix-animation-output-transform-array" count="512">

1.000000 0.000000 0.000000 0.000000 0.000000 1.000000 0.000000 4.340000 0.000000 0.000000 1.000000 0.926900 0.000000 0.000000 0.000000 1.000000
1.000000 0.000000 0.000000 0.000000 0.000000 1.000000 0.000000 4.340000 0.000000 -0.000000 1.000000 0.926900 0.000000 0.000000 0.000000 1.000000
1.000000 0.000000 0.000000 0.000000 -0.000000 1.000000 -0.000000 4.340000 0.000000 0.000000 1.000000 0.926900 0.000000 0.000000 0.000000 1.000000
1.000000 0.000000 -0.000000 -0.000000 -0.000000 1.000000 -0.000000 4.340000 -0.000000 0.000000 1.000000 0.926900 0.000000 0.000000 0.000000 1.000000
1.000000 0.000000 0.000000 0.000000 -0.000000 1.000000 0.000000 4.340000 0.000000 0.000000 1.000000 0.926900 0.000000 0.000000 0.000000 1.000000
1.000000 0.000000 0.000000 0.000000 -0.000000 1.000000 0.000000 4.340000 0.000000 0.000000 1.000000 0.926900 0.000000 0.000000 0.000000 1.000000
1.000000 0.000000 0.000000 0.000000 0.000000 1.000000 0.000000 4.340000 0.000000 -0.000000 1.000000 0.926900 0.000000 0.000000 0.000000 1.000000
1.000000 0.000000 0.000000 -0.000000 0.000000 1.000000 0.000000 4.340000 0.000000 0.000000 1.000000 0.926900 0.000000 0.000000 0.000000 1.000000
1.000000 0.000000 0.000000 0.000000 0.000000 1.000000 0.000000 4.340000 0.000000 0.000000 1.000000 0.926900 0.000000 0.000000 0.000000 1.000000
1.000000 -0.000000 0.000000 0.000000 -0.000000 1.000000 0.000000 4.340000 0.000000 -0.000000 1.000000 0.926900 0.000000 0.000000 0.000000 1.000000
1.000000 0.000000 0.000000 0.000000 -0.000000 1.000000 0.000000 4.340000 0.000000 0.000000 1.000000 0.926900 0.000000 0.000000 0.000000 1.000000
1.000000 0.000000 0.000000 -0.000000 0.000000 1.000000 0.000000 4.340000 0.000000 0.000000 1.000000 0.926900 0.000000 0.000000 0.000000 1.000000
1.000000 0.000000 0.000000 -0.000000 0.000000 1.000000 0.000000 4.340000 0.000000 -0.000000 1.000000 0.926900 0.000000 0.000000 0.000000 1.000000
1.000000 -0.000000 0.000000 0.000000 -0.000000 1.000000 -0.000000 4.340000 0.000000 -0.000000 1.000000 0.926900 0.000000 0.000000 0.000000 1.000000
1.000000 0.000000 0.000000 0.000000 0.000000 1.000000 0.000000 4.340000 0.000000 0.000000 1.000000 0.926900 0.000000 0.000000 0.000000 1.000000
1.000000 -0.000000 0.000000 0.000000 -0.000000 1.000000 0.000000 4.340000 0.000000 -0.000000 1.000000 0.926900 0.000000 0.000000 0.000000 1.000000
1.000000 -0.000000 0.000000 0.000000 0.000000 1.000000 0.000000 4.340000 0.000000 -0.000000 1.000000 0.926900 0.000000 0.000000 0.000000 1.000000
1.000000 -0.000000 0.000000 0.000000 0.000000 1.000000 -0.000000 4.340000 0.000000 0.000000 1.000000 0.926900 0.000000 0.000000 0.000000 1.000000
1.000000 0.000000 -0.000000 0.000000 -0.000000 1.000000 0.000000 4.340000 -0.000000 0.000000 1.000000 0.926900 0.000000 0.000000 0.000000 1.000000
1.000000 0.000000 -0.000000 -0.000000 -0.000000 1.000000 0.000000 4.340000 0.000000 -0.000000 1.000000 0.926900 0.000000 0.000000 0.000000 1.000000
1.000000 -0.000000 0.000000 0.000000 0.000000 1.000000 0.000000 4.340000 -0.000000 0.000000 1.000000 0.926900 0.000000 0.000000 0.000000 1.000000
1.000000 0.000000 -0.000000 0.000000 -0.000000 1.000000 -0.000000 4.340000 -0.000000 -0.000000 1.000000 0.926900 0.000000 0.000000 0.000000 1.000000
1.000000 -0.000000 0.000000 -0.000000 0.000000 1.000000 0.000000 4.340000 0.000000 0.000000 1.000000 0.926900 0.000000 0.000000 0.000000 1.000000
1.000000 -0.000000 -0.000000 -0.000000 -0.000000 1.000000 0.000000 4.340000 -0.000000 0.000000 1.000000 0.926900 0.000000 0.000000 0.000000 1.000000
1.000000 -0.000000 0.000000 0.000000 0.000000 1.000000 -0.000000 4.340000 -0.000000 -0.000000 1.000000 0.926900 0.000000 0.000000 0.000000 1.000000
1.000000 0.000000 0.000000 0.000000 -0.000000 1.000000 0.000000 4.340000 0.000000 0.000000 1.000000 0.926900 0.000000 0.000000 0.000000 1.000000
