<?xml version="1.0" encoding="utf-8"?>
<COLLADA xmlns="http://www.collada.org/2005/11/COLLADASchema" version="1.4.1">
  <asset>
    <contributor>
      <author>Mixamo</author>
      <authoring_tool>COLLADA Mixamo exporter</authoring_tool>
      <comments/>
    </contributor>
    <created>2025-04-11T07:22:19Z</created>
    <modified>2025-04-11T07:22:19Z</modified>
    <revision/>
    <title/>
    <unit meter="0.010000"/>
    <up_axis>Y_UP</up_axis>
  </asset>
  <library_animations>
    <animation id="mixamorig_Hips-anim" name="mixamorig_Hips">
      <source id="mixamorig_Hips-Matrix-animation-input">
        <float_array id="mixamorig_Hips-Matrix-animation-input-array" count="122">

0.000000 0.033333 0.066667 0.100000 0.133333 0.166667 0.200000 0.233333 0.266667 0.300000 0.333333 0.366667 0.400000 0.433333 0.466667 0.500000
0.533333 0.566667 0.600000 0.633333 0.666667 0.700000 0.733333 0.766667 0.800000 0.833333 0.866667 0.900000 0.933333 0.966667 1.000000 1.033333
1.066667 1.100000 1.133333 1.166667 1.200000 1.233333 1.266667 1.300000 1.333333 1.366667 1.400000 1.433333 1.466667 1.500000 1.533333 1.566667
1.600000 1.633333 1.666667 1.700000 1.733333 1.766667 1.800000 1.833333 1.866667 1.900000 1.933333 1.966667 2.000000 2.033333 2.066667 2.100000
2.133333 2.166667 2.200000 2.233333 2.266667 2.300000 2.333333 2.366667 2.400000 2.433333 2.466667 2.500000 2.533333 2.566667 2.600000 2.633333
2.666667 2.700000 2.733333 2.766667 2.800000 2.833333 2.866667 2.900000 2.933333 2.966667 3.000000 3.033333 3.066667 3.100000 3.133333 3.166667
3.200000 3.233333 3.266667 3.300000 3.333333 3.366667 3.400000 3.433333 3.466667 3.500000 3.533333 3.566667 3.600000 3.633333 3.666667 3.700000
3.733333 3.766667 3.800000 3.833333 3.866667 3.900000 3.933333 3.966667 4.000000 4.033333</float_array>
        <technique_common>
          <accessor source="#mixamorig_Hips-Matrix-animation-input-array" count="122">
            <param name="TIME" type="float"/>
          </accessor>
        </technique_common>
      </source>
      <source id="mixamorig_Hips-Matrix-animation-output-transform">
        <float_array id="mixamorig_Hips-Matrix-animation-output-transform-array" count="1952">

0.918705 0.024676 0.394173 -0.114945 0.005767 0.997102 -0.075862 99.935219 -0.394902 0.071968 0.915900 -1.620094 0.000000 0.000000 0.000000 1.000000
0.924699 0.029814 0.379530 0.321371 -0.001205 0.997153 -0.075395 99.778259 -0.380697 0.069261 0.922102 -1.193857 0.000000 0.000000 0.000000 1.000000
0.934097 0.034380 0.355361 0.891647 -0.008693 0.997248 -0.073629 99.624741 -0.356914 0.065687 0.931825 -0.647620 0.000000 0.000000 0.000000 1.000000
0.946928 0.039073 0.319063 1.631354 -0.017164 0.997315 -0.071193 99.416885 -0.320988 0.061938 0.945056 0.005535 0.000000 0.000000 0.000000 1.000000
0.962461 0.040694 0.268353 2.530735 -0.023559 0.997490 -0.066768 99.179871 -0.270397 0.057940 0.961004 0.744894 0.000000 0.000000 0.000000 1.000000
0.979076 0.036249 0.200240 3.617937 -0.025308 0.998057 -0.056934 98.908455 -0.201915 0.050675 0.978091 1.544193 0.000000 0.000000 0.000000 1.000000
0.993398 0.025888 0.111764 4.914515 -0.021570 0.998980 -0.039680 98.594833 -0.112677 0.037007 0.992942 2.353794 0.000000 0.000000 0.000000 1.000000
0.999878 0.015456 0.002163 6.449969 -0.015416 0.999725 -0.017693 98.115410 -0.002436 0.017658 0.999841 3.169540 0.000000 0.000000 0.000000 1.000000
0.992345 0.009904 -0.123099 8.197832 -0.009714 0.999951 0.002144 97.324097 0.123114 -0.000931 0.992392 4.036417 0.000000 0.000000 0.000000 1.000000
0.967842 0.008877 -0.251401 10.073122 -0.005881 0.999903 0.012664 96.150482 0.251489 -0.010778 0.967800 5.013807 0.000000 0.000000 0.000000 1.000000
0.930526 0.010142 -0.366085 12.007134 -0.006453 0.999915 0.011299 94.678741 0.366169 -0.008152 0.930513 6.069035 0.000000 0.000000 0.000000 1.000000
0.892416 0.013383 -0.451014 13.972659 -0.013400 0.999905 0.003154 93.123108 0.451014 0.003229 0.892511 7.159997 0.000000 0.000000 0.000000 1.000000
0.865629 0.025319 -0.500046 15.977139 -0.030630 0.999528 -0.002414 91.620819 0.499749 0.017406 0.865996 8.142191 0.000000 0.000000 0.000000 1.000000
0.854826 0.041034 -0.517291 17.802429 -0.050970 0.998688 -0.005009 90.462288 0.516406 0.030648 0.855795 8.891915 0.000000 0.000000 0.000000 1.000000
0.855152 0.050100 -0.515950 19.219170 -0.067047 0.997648 -0.014250 89.887894 0.514022 0.046779 0.856500 9.364774 0.000000 0.000000 0.000000 1.000000
0.859925 0.047411 -0.508213 20.157742 -0.077080 0.996320 -0.037478 89.934311 0.504567 0.071401 0.860415 9.574177 0.000000 0.000000 0.000000 1.000000
0.866677 0.038438 -0.497387 20.745010 -0.084208 0.993992 -0.069914 90.410873 0.491711 0.102477 0.864707 9.563340 0.000000 0.000000 0.000000 1.000000
0.875554 0.031662 -0.482082 21.162357 -0.090587 0.990911 -0.099444 91.060616 0.474552 0.130739 0.870464 9.380619 0.000000 0.000000 0.000000 1.000000
0.885292 0.029789 -0.464080 21.509386 -0.095420 0.988348 -0.118585 91.695488 0.455140 0.149265 0.877820 9.075901 0.000000 0.000000 0.000000 1.000000
0.893517 0.030456 -0.447995 21.801788 -0.098149 0.986818 -0.128670 92.216125 0.438171 0.158940 0.884728 8.705479 0.000000 0.000000 0.000000 1.000000
0.899342 0.031649 -0.436099 22.038822 -0.099903 0.985868 -0.134477 92.588646 0.425680 0.164508 0.889794 8.327851 0.000000 0.000000 0.000000 1.000000
0.903494 0.032981 -0.427330 22.233603 -0.101517 0.985131 -0.138604 92.819641 0.416405 0.168609 0.893408 7.986526 0.000000 0.000000 0.000000 1.000000
0.906634 0.033501 -0.420587 22.407743 -0.101886 0.984725 -0.141192 92.933197 0.409432 0.170861 0.896199 7.695486 0.000000 0.000000 0.000000 1.000000
0.908613 0.031401 -0.416456 22.592306 -0.099281 0.984824 -0.142353 92.953094 0.405666 0.170689 0.897942 7.441277 0.000000 0.000000 0.000000 1.000000
0.909130 0.025978 -0.415702 22.829062 -0.093583 0.985275 -0.143091 92.891380 0.405863 0.168991 0.898174 7.202601 0.000000 0.000000 0.000000 1.000000
0.908342 0.018465 -0.417821 23.153326 -0.086423 0.985750 -0.144320 92.751152 0.409202 0.167201 0.896994 6.970311 0.000000 0.000000 0.000000 1.000000
0.906659 0.010477 -0.421733 23.574175 -0.079281 0.986111 -0.145943 92.542381 0.414347 0.165756 0.894898 6.759204 0.000000 0.000000 0.000000 1.000000
0.904081 0.002624 -0.427353 24.077515 -0.072345 0.986488 -0.146993 92.288429 0.421193 0.163810 0.892055 6.604306 0.000000 0.000000 0.000000 1.000000
0.900039 -0.004918 -0.435781 24.644669 -0.065447 0.987071 -0.146312 92.011505 0.430867 0.160207 0.888081 6.534502 0.000000 0.000000 0.000000 1.000000
0.894064 -0.011169 -0.447799 25.267872 -0.059455 0.987885 -0.143347 91.717773 0.443975 0.154785 0.882569 6.549290 0.000000 0.000000 0.000000 1.000000
0.886568 -0.014488 -0.462371 25.963661 -0.056231 0.988723 -0.138800 91.442589 0.459167 0.149055 0.875756 6.645013 0.000000 0.000000 0.000000 1.000000
0.878481 -0.014701 -0.477552 26.743687 -0.056381 0.989353 -0.134173 91.242416 0.474439 0.144793 0.868298 6.823674 0.000000 0.000000 0.000000 1.000000
0.870505 -0.012196 -0.492008 27.615656 -0.059665 0.989704 -0.130098 91.223610 0.488529 0.142606 0.860815 7.120744 0.000000 0.000000 0.000000 1.000000
0.862926 -0.007157 -0.505280 28.539074 -0.065039 0.990011 -0.125097 91.457504 0.501128 0.140812 0.853840 7.521679 0.000000 0.000000 0.000000 1.000000
0.861272 0.001822 -0.508141 29.434256 -0.071798 0.990398 -0.118143 91.911728 0.503047 0.138236 0.853132 7.928181 0.000000 0.000000 0.000000 1.000000
0.859957 0.011089 -0.510246 30.163748 -0.078257 0.990806 -0.110359 92.488022 0.504331 0.134834 0.852918 8.208210 0.000000 0.000000 0.000000 1.000000
0.859113 0.020457 -0.511376 30.684656 -0.084269 0.991217 -0.101920 93.080887 0.504800 0.130654 0.853292 8.269316 0.000000 0.000000 0.000000 1.000000
0.858859 0.030559 -0.511300 31.045120 -0.090655 0.991529 -0.093018 93.636185 0.504126 0.126241 0.854354 8.125179 0.000000 0.000000 0.000000 1.000000
0.859253 0.041725 -0.509846 31.317087 -0.097913 0.991656 -0.083858 94.074219 0.502093 0.121976 0.856168 7.857504 0.000000 0.000000 0.000000 1.000000
0.860282 0.054034 -0.506947 31.558336 -0.106247 0.991536 -0.074615 94.425705 0.498625 0.118051 0.858742 7.554193 0.000000 0.000000 0.000000 1.000000
0.861955 0.066504 -0.502604 31.775457 -0.114648 0.991247 -0.065457 94.747879 0.493851 0.114044 0.862035 7.248024 0.000000 0.000000 0.000000 1.000000
0.864319 0.078540 -0.496774 31.949663 -0.122547 0.990850 -0.056561 95.024872 0.487786 0.109765 0.866035 6.935334 0.000000 0.000000 0.000000 1.000000
0.867418 0.090292 -0.489319 32.064552 -0.130229 0.990316 -0.048118 95.271454 0.480236 0.105462 0.870776 6.631663 0.000000 0.000000 0.000000 1.000000
0.871286 0.101577 -0.480149 32.096870 -0.137589 0.989669 -0.040305 95.485199 0.471094 0.101180 0.876261 6.345330 0.000000 0.000000 0.000000 1.000000
0.875933 0.112313 -0.469178 32.042274 -0.144625 0.988927 -0.033275 95.676361 0.460245 0.097001 0.882477 6.098948 0.000000 0.000000 0.000000 1.000000
0.881396 0.122128 -0.456318 31.906555 -0.151001 0.988159 -0.027197 95.843430 0.447593 0.092876 0.889401 5.879307 0.000000 0.000000 0.000000 1.000000
0.887702 0.130720 -0.441472 31.695499 -0.156461 0.987434 -0.022229 95.986511 0.433019 0.088806 0.896999 5.655435 0.000000 0.000000 0.000000 1.000000
0.894855 0.137811 -0.424550 31.381567 -0.160759 0.986820 -0.018516 96.105682 0.416403 0.084820 0.905215 5.426405 0.000000 0.000000 0.000000 1.000000
0.902842 0.143180 -0.405433 30.912624 -0.163699 0.986377 -0.016193 96.202164 0.397591 0.080989 0.913981 5.246451 0.000000 0.000000 0.000000 1.000000
0.911609 0.146780 -0.383958 30.289564 -0.165225 0.986137 -0.015304 96.272926 0.376389 0.077391 0.923224 5.168921 0.000000 0.000000 0.000000 1.000000
0.920905 0.149783 -0.359860 29.637897 -0.166397 0.985938 -0.015448 96.316116 0.352485 0.074105 0.932879 5.175447 0.000000 0.000000 0.000000 1.000000
0.930526 0.151967 -0.333208 29.087408 -0.166914 0.985833 -0.016516 96.327103 0.325978 0.070985 0.942709 5.183772 0.000000 0.000000 0.000000 1.000000
0.940265 0.153003 -0.304124 28.676113 -0.166397 0.985886 -0.018457 96.303360 0.297007 0.067960 0.952454 5.145175 0.000000 0.000000 0.000000 1.000000
0.949923 0.152503 -0.272744 28.326574 -0.164410 0.986164 -0.021207 96.240265 0.265736 0.064986 0.961853 5.094482 0.000000 0.000000 0.000000 1.000000
0.959277 0.150106 -0.239281 27.947378 -0.160551 0.986719 -0.024659 96.130516 0.232402 0.062071 0.970637 5.101907 0.000000 0.000000 0.000000 1.000000
0.967949 0.147063 -0.203584 27.520521 -0.156050 0.987331 -0.028730 95.982513 0.196779 0.059578 0.978636 5.212505 0.000000 0.000000 0.000000 1.000000
0.975809 0.142536 -0.165773 27.040901 -0.149995 0.988125 -0.033314 95.798981 0.159056 0.057373 0.985601 5.405245 0.000000 0.000000 0.000000 1.000000
0.982610 0.136521 -0.125859 26.522240 -0.142324 0.989079 -0.038287 95.586571 0.119257 0.055534 0.991309 5.664605 0.000000 0.000000 0.000000 1.000000
0.988007 0.129649 -0.083861 25.982689 -0.133613 0.990078 -0.043503 95.369110 0.077388 0.054187 0.995527 6.010914 0.000000 0.000000 0.000000 1.000000
0.991644 0.122663 -0.039958 25.433451 -0.124551 0.991012 -0.048807 95.171677 0.033612 0.053376 0.998009 6.473529 0.000000 0.000000 0.000000 1.000000
0.993238 0.115962 0.005519 24.840963 -0.115498 0.991837 -0.054032 94.999168 -0.011739 0.053029 0.998524 7.037704 0.000000 0.000000 0.000000 1.000000
0.992638 0.109297 0.052199 24.114990 -0.106190 0.992594 -0.058995 94.850891 -0.058260 0.053018 0.996893 7.624749 0.000000 0.000000 0.000000 1.000000
0.989759 0.102084 0.099781 23.193495 -0.096053 0.993349 -0.063500 94.712257 -0.105599 0.053266 0.992981 8.140670 0.000000 0.000000 0.000000 1.000000
0.984310 0.096490 0.147728 22.168020 -0.087308 0.993896 -0.067445 94.703598 -0.153334 0.053489 0.986726 8.497342 0.000000 0.000000 0.000000 1.000000
0.976494 0.089307 0.196173 21.061943 -0.076786 0.994549 -0.070548 94.708847 -0.201404 0.053826 0.978028 8.712249 0.000000 0.000000 0.000000 1.000000
0.965632 0.076207 0.248491 19.820953 -0.059843 0.995552 -0.072766 94.634323 -0.252931 0.055394 0.965897 8.838232 0.000000 0.000000 0.000000 1.000000
0.950279 0.056211 0.306284 18.413990 -0.035195 0.996658 -0.073716 94.469849 -0.309404 0.059271 0.949082 8.900611 0.000000 0.000000 0.000000 1.000000
0.929732 0.029817 0.367027 16.787325 -0.003278 0.997347 -0.072720 94.148949 -0.368221 0.066407 0.927364 8.989895 0.000000 0.000000 0.000000 1.000000
0.903512 0.001005 0.428562 15.048594 0.031775 0.997088 -0.069327 93.743973 -0.427384 0.076255 0.900849 9.080833 0.000000 0.000000 0.000000 1.000000
0.872442 -0.026393 0.488004 13.304790 0.065769 0.995798 -0.063725 93.350220 -0.484271 0.087692 0.870512 9.147481 0.000000 0.000000 0.000000 1.000000
0.838170 -0.050405 0.543076 11.607927 0.096348 0.993745 -0.056468 93.004341 -0.536832 0.099653 0.837783 9.190557 0.000000 0.000000 0.000000 1.000000
0.828286 -0.013663 0.560140 10.206571 0.084630 0.991284 -0.100963 91.987289 -0.553878 0.131030 0.822223 9.577366 0.000000 0.000000 0.000000 1.000000
0.825556 0.010986 0.564213 8.989187 0.077023 0.988260 -0.131942 91.585617 -0.559039 0.152383 0.815018 9.778181 0.000000 0.000000 0.000000 1.000000
0.826210 0.024145 0.562844 8.031938 0.075834 0.985222 -0.153583 91.775146 -0.558235 0.169574 0.812169 9.783782 0.000000 0.000000 0.000000 1.000000
0.826707 0.031422 0.561754 7.372759 0.080599 0.981527 -0.173517 92.357117 -0.556829 0.188724 0.808903 9.607857 0.000000 0.000000 0.000000 1.000000
0.827300 0.037180 0.560529 6.949372 0.087601 0.977062 -0.194102 93.048866 -0.554888 0.209683 0.805066 9.288967 0.000000 0.000000 0.000000 1.000000
0.829926 0.041019 0.556364 6.659066 0.092690 0.973293 -0.210023 93.649353 -0.550120 0.225873 0.803959 8.846573 0.000000 0.000000 0.000000 1.000000
0.834533 0.041729 0.549375 6.438348 0.093611 0.971891 -0.216023 94.073044 -0.542947 0.231706 0.807169 8.275661 0.000000 0.000000 0.000000 1.000000
0.839796 0.040027 0.541425 6.273275 0.090604 0.972959 -0.212465 94.319153 -0.535289 0.227483 0.813460 7.577596 0.000000 0.000000 0.000000 1.000000
0.845414 0.037252 0.532811 6.144749 0.085165 0.975400 -0.203328 94.435463 -0.527278 0.217273 0.821444 6.782454 0.000000 0.000000 0.000000 1.000000
0.851780 0.034211 0.522782 6.023012 0.078833 0.978134 -0.192454 94.457481 -0.517935 0.205141 0.830458 5.945536 0.000000 0.000000 0.000000 1.000000
0.858616 0.032424 0.511593 5.882066 0.072104 0.980437 -0.183152 94.391663 -0.507523 0.194145 0.839481 5.120711 0.000000 0.000000 0.000000 1.000000
0.865280 0.034314 0.500113 5.703567 0.064391 0.981782 -0.178769 94.262886 -0.497137 0.186888 0.847306 4.351672 0.000000 0.000000 0.000000 1.000000
0.871453 0.040713 0.488786 5.450677 0.055419 0.981994 -0.180600 94.110367 -0.487337 0.184473 0.853506 3.677188 0.000000 0.000000 0.000000 1.000000
0.876997 0.049763 0.477912 5.076467 0.045638 0.981499 -0.185949 93.975052 -0.478324 0.184887 0.858501 3.105355 0.000000 0.000000 0.000000 1.000000
0.881479 0.058536 0.468582 4.550163 0.036085 0.981036 -0.190435 93.854004 -0.470843 0.184773 0.862650 2.608143 0.000000 0.000000 0.000000 1.000000
0.884423 0.066108 0.461981 3.884766 0.027450 0.980834 -0.192904 93.720596 -0.465879 0.183290 0.865657 2.152564 0.000000 0.000000 0.000000 1.000000
0.885262 0.074260 0.459126 3.133788 0.019724 0.980289 -0.196584 93.543617 -0.464674 0.183084 0.866348 1.744076 0.000000 0.000000 0.000000 1.000000
0.882892 0.084963 0.461825 2.348264 0.012900 0.978735 -0.204723 93.328743 -0.469398 0.186707 0.863021 1.425103 0.000000 0.000000 0.000000 1.000000
0.875891 0.097060 0.472645 1.536331 0.008133 0.976450 -0.215591 93.103073 -0.482440 0.192678 0.854475 1.215992 0.000000 0.000000 0.000000 1.000000
0.864093 0.106094 0.492023 0.675527 0.007336 0.974774 -0.223072 92.881943 -0.503278 0.196364 0.841518 1.070557 0.000000 0.000000 0.000000 1.000000
0.849703 0.108068 0.516067 -0.250142 0.011478 0.974747 -0.223018 92.699615 -0.527136 0.195422 0.827005 0.928864 0.000000 0.000000 0.000000 1.000000
0.835755 0.105183 0.538934 -1.151370 0.017897 0.975743 -0.218188 92.543633 -0.548811 0.191997 0.813599 0.743841 0.000000 0.000000 0.000000 1.000000
0.823995 0.102208 0.557302 -1.948779 0.024675 0.976189 -0.215514 92.460312 -0.566059 0.191334 0.801853 0.559903 0.000000 0.000000 0.000000 1.000000
0.814753 0.101893 0.570786 -2.620546 0.030949 0.975391 -0.218298 92.486946 -0.578982 0.195524 0.791549 0.423130 0.000000 0.000000 0.000000 1.000000
0.808283 0.103099 0.579697 -3.197767 0.036085 0.974025 -0.223545 92.631660 -0.587687 0.201606 0.783568 0.344764 0.000000 0.000000 0.000000 1.000000
0.804372 0.103679 0.585009 -3.711373 0.039450 0.973162 -0.226713 92.904114 -0.592814 0.205440 0.778695 0.328984 0.000000 0.000000 0.000000 1.000000
0.800912 0.103449 0.589778 -4.134844 0.040838 0.973232 -0.226167 93.298355 -0.597387 0.205225 0.775249 0.354668 0.000000 0.000000 0.000000 1.000000
0.794983 0.101979 0.597999 -4.444613 0.042269 0.974061 -0.222303 93.806625 -0.605158 0.202003 0.770051 0.372872 0.000000 0.000000 0.000000 1.000000
0.786112 0.096773 0.610461 -4.660480 0.046687 0.975548 -0.214769 94.420578 -0.616318 0.197333 0.762373 0.326567 0.000000 0.000000 0.000000 1.000000
0.777788 0.086333 0.622570 -4.804343 0.053936 0.977700 -0.202963 95.094704 -0.626209 0.191441 0.755786 0.176611 0.000000 0.000000 0.000000 1.000000
0.775144 0.072362 0.627626 -4.888926 0.061242 0.980135 -0.188641 95.792580 -0.628809 0.184661 0.755314 -0.043620 0.000000 0.000000 0.000000 1.000000
0.780595 0.058679 0.622277 -4.913601 0.065915 0.982304 -0.175313 96.493774 -0.621552 0.177866 0.762914 -0.272514 0.000000 0.000000 0.000000 1.000000
0.791798 0.047810 0.608909 -4.870812 0.067089 0.984092 -0.164507 97.169579 -0.607088 0.171107 0.775994 -0.499051 0.000000 0.000000 0.000000 1.000000
0.804300 0.039212 0.592929 -4.757366 0.065708 0.985832 -0.154327 97.777542 -0.590580 0.163085 0.790328 -0.766484 0.000000 0.000000 0.000000 1.000000
0.815515 0.031371 0.577885 -4.574587 0.062964 0.987793 -0.142479 98.274017 -0.575300 0.152580 0.803585 -1.112185 0.000000 0.000000 0.000000 1.000000
0.825547 0.024031 0.563822 -4.343880 0.059736 0.989759 -0.129651 98.667961 -0.561163 0.140714 0.815657 -1.495355 0.000000 0.000000 0.000000 1.000000
0.835024 0.018479 0.549903 -4.098001 0.056250 0.991332 -0.118729 99.012527 -0.547331 0.130073 0.826747 -1.825916 0.000000 0.000000 0.000000 1.000000
0.843511 0.015532 0.536888 -3.866902 0.052431 0.992427 -0.111085 99.359116 -0.534547 0.121851 0.836308 -2.036583 0.000000 0.000000 0.000000 1.000000
0.850145 0.015495 0.526320 -3.633536 0.046888 0.993368 -0.104980 99.670013 -0.524457 0.113926 0.843781 -2.160659 0.000000 0.000000 0.000000 1.000000
0.855246 0.016430 0.517962 -3.392633 0.040142 0.994394 -0.097824 99.920265 -0.516665 0.104456 0.849792 -2.239048 0.000000 0.000000 0.000000 1.000000
0.860363 0.016361 0.509419 -3.141047 0.033721 0.995467 -0.088924 100.103775 -0.508565 0.093685 0.855912 -2.304488 0.000000 0.000000 0.000000 1.000000
0.866900 0.014999 0.498257 -2.868264 0.028625 0.996400 -0.079799 100.231766 -0.497660 0.083441 0.863349 -2.375640 0.000000 0.000000 0.000000 1.000000
0.875060 0.013738 0.483820 -2.554712 0.024557 0.997050 -0.072727 100.317062 -0.483392 0.075521 0.872140 -2.455471 0.000000 0.000000 0.000000 1.000000
0.884032 0.014081 0.467215 -2.187188 0.020640 0.997395 -0.069114 100.362701 -0.466971 0.070743 0.881438 -2.535835 0.000000 0.000000 0.000000 1.000000
0.892724 0.015791 0.450327 -1.785134 0.016992 0.997495 -0.068663 100.373970 -0.450283 0.068949 0.890220 -2.595862 0.000000 0.000000 0.000000 1.000000
0.900232 0.017239 0.435069 -1.395603 0.014614 0.997457 -0.069761 100.348755 -0.435165 0.069160 0.897691 -2.616556 0.000000 0.000000 0.000000 1.000000
0.906135 0.015532 0.422704 -1.104528 0.015960 0.997359 -0.070860 100.352768 -0.422688 0.070955 0.903493 -2.539948 0.000000 0.000000 0.000000 1.000000
0.910247 0.012806 0.413868 -0.901973 0.018564 0.997254 -0.071687 100.351158 -0.413650 0.072936 0.907510 -2.379998 0.000000 0.000000 0.000000 1.000000
0.912940 0.013514 0.407871 -0.704459 0.017820 0.997178 -0.072925 100.270706 -0.407705 0.073845 0.910123 -2.178476 0.000000 0.000000 0.000000 1.000000
0.915268 0.018394 0.402426 -0.451496 0.012801 0.997125 -0.074690 100.114761 -0.402643 0.073512 0.912401 -1.935614 0.000000 0.000000 0.000000 1.000000
0.918705 0.024676 0.394173 -0.114936 0.005767 0.997102 -0.075862 99.935219 -0.394902 0.071968 0.915900 -1.620094 0.000000 0.000000 0.000000 1.000000</float_array>
        <technique_common>
          <accessor source="#mixamorig_Hips-Matrix-animation-output-transform-array" count="122" stride="16">
            <param type="float4x4"/>
          </accessor>
        </technique_common>
      </source>
      <source id="mixamorig_Hips-Interpolations">
        <Name_array id="mixamorig_Hips-Interpolations-array" count="122">
 LINEAR LINEAR LINEAR LINEAR LINEAR LINEAR LINEAR LINEAR LINEAR LINEAR LINEAR
LINEAR LINEAR LINEAR LINEAR LINEAR LINEAR LINEAR LINEAR LINEAR LINEAR LINEAR LINEAR
LINEAR LINEAR LINEAR LINEAR LINEAR LINEAR LINEAR LINEAR LINEAR LINEAR LINEAR LINEAR
LINEAR LINEAR LINEAR LINEAR LINEAR LINEAR LINEAR LINEAR LINEAR LINEAR LINEAR LINEAR
LINEAR LINEAR LINEAR LINEAR LINEAR LINEAR LINEAR LINEAR LINEAR LINEAR LINEAR LINEAR
LINEAR LINEAR LINEAR LINEAR LINEAR LINEAR LINEAR LINEAR LINEAR LINEAR LINEAR LINEAR
LINEAR LINEAR LINEAR LINEAR LINEAR LINEAR LINEAR LINEAR LINEAR LINEAR LINEAR LINEAR
LINEAR LINEAR LINEAR LINEAR LINEAR LINEAR LINEAR LINEAR LINEAR LINEAR LINEAR LINEAR
LINEAR LINEAR LINEAR LINEAR LINEAR LINEAR LINEAR LINEAR LINEAR LINEAR LINEAR LINEAR
LINEAR LINEAR LINEAR LINEAR LINEAR LINEAR LINEAR LINEAR LINEAR LINEAR LINEAR LINEAR
LINEAR LINEAR LINEAR</Name_array>
        <technique_common>
          <accessor source="#mixamorig_Hips-Interpolations-array" count="122">
            <param type="name"/>
          </accessor>
        </technique_common>
      </source>
      <sampler id="mixamorig_Hips-Matrix-animation-transform">
        <input semantic="INPUT" source="#mixamorig_Hips-Matrix-animation-input"/>
        <input semantic="OUTPUT" source="#mixamorig_Hips-Matrix-animation-output-transform"/>
        <input semantic="INTERPOLATION" source="#mixamorig_Hips-Interpolations"/>
      </sampler>
      <channel source="#mixamorig_Hips-Matrix-animation-transform" target="mixamorig_Hips/matrix"/>
    </animation>
    <animation id="mixamorig_Spine-anim" name="mixamorig_Spine">
      <source id="mixamorig_Spine-Matrix-animation-input">
        <float_array id="mixamorig_Spine-Matrix-animation-input-array" count="122">

0.000000 0.033333 0.066667 0.100000 0.133333 0.166667 0.200000 0.233333 0.266667 0.300000 0.333333 0.366667 0.400000 0.433333 0.466667 0.500000
0.533333 0.566667 0.600000 0.633333 0.666667 0.700000 0.733333 0.766667 0.800000 0.833333 0.866667 0.900000 0.933333 0.966667 1.000000 1.033333
1.066667 1.100000 1.133333 1.166667 1.200000 1.233333 1.266667 1.300000 1.333333 1.366667 1.400000 1.433333 1.466667 1.500000 1.533333 1.566667
1.600000 1.633333 1.666667 1.700000 1.733333 1.766667 1.800000 1.833333 1.866667 1.900000 1.933333 1.966667 2.000000 2.033333 2.066667 2.100000
2.133333 2.166667 2.200000 2.233333 2.266667 2.300000 2.333333 2.366667 2.400000 2.433333 2.466667 2.500000 2.533333 2.566667 2.600000 2.633333
2.666667 2.700000 2.733333 2.766667 2.800000 2.833333 2.866667 2.900000 2.933333 2.966667 3.000000 3.033333 3.066667 3.100000 3.133333 3.166667
3.200000 3.233333 3.266667 3.300000 3.333333 3.366667 3.400000 3.433333 3.466667 3.500000 3.533333 3.566667 3.600000 3.633333 3.666667 3.700000
3.733333 3.766667 3.800000 3.833333 3.866667 3.900000 3.933333 3.966667 4.000000 4.033333</float_array>
        <technique_common>
          <accessor source="#mixamorig_Spine-Matrix-animation-input-array" count="122">
            <param name="TIME" type="float"/>
          </accessor>
        </technique_common>
      </source>
      <source id="mixamorig_Spine-Matrix-animation-output-transform">
        <float_array id="mixamorig_Spine-Matrix-animation-output-transform-array" count="1952">

0.996579 -0.073183 -0.038396 0.000000 0.071087 0.996041 -0.053385 13.315500 0.042151 0.050473 0.997836 0.589700 0.000000 0.000000 0.000000 1.000000
0.997055 -0.066904 -0.037497 -0.000000 0.064854 0.996462 -0.053448 13.315500 0.040940 0.050859 0.997866 0.589700 0.000000 0.000000 0.000000 1.000000
0.997521 -0.060715 -0.035582 0.000000 0.058752 0.996820 -0.053839 13.315500 0.038737 0.051615 0.997915 0.589700 0.000000 0.000000 0.000000 1.000000
0.997972 -0.054874 -0.032256 -0.000000 0.053060 0.997097 -0.054617 13.315500 0.035159 0.052795 0.997986 0.589700 0.000000 0.000000 0.000000 1.000000
0.998444 -0.048666 -0.027227 -0.000000 0.047071 0.997296 -0.056442 13.315500 0.029900 0.055073 0.998035 0.589700 0.000000 0.000000 0.000000 1.000000
0.998979 -0.040381 -0.020272 -0.000000 0.039085 0.997391 -0.060694 13.315500 0.022670 0.059839 0.997951 0.589700 0.000000 0.000000 0.000000 1.000000
0.999534 -0.028423 -0.011124 0.000000 0.027595 0.997261 -0.068624 13.315500 0.013044 0.068285 0.997581 0.589700 0.000000 0.000000 0.000000 1.000000
0.999930 -0.011837 0.000039 -0.000000 0.011803 0.996724 -0.080015 13.315500 0.000909 0.080010 0.996794 0.589700 0.000000 0.000000 0.000000 1.000000
0.999886 0.009570 0.011682 0.000000 -0.008445 0.995648 -0.092814 13.315500 -0.012519 0.092705 0.995615 0.589700 0.000000 0.000000 0.000000 1.000000
0.999190 0.034539 0.020671 0.000000 -0.032199 0.994012 -0.104418 13.315500 -0.024154 0.103668 0.994319 0.589700 0.000000 0.000000 0.000000 1.000000
0.997951 0.059292 0.024034 0.000000 -0.056201 0.991944 -0.113532 13.315500 -0.030572 0.111948 0.993244 0.589700 0.000000 0.000000 0.000000 1.000000
0.996910 0.075330 0.022267 0.000000 -0.072115 0.990059 -0.120761 13.315500 -0.031143 0.118782 0.992432 0.589700 0.000000 0.000000 0.000000 1.000000
0.996560 0.080939 0.017825 0.000000 -0.078021 0.988744 -0.127661 13.315500 -0.027957 0.125831 0.991658 0.589700 0.000000 0.000000 0.000000 1.000000
0.996719 0.079685 0.014166 -0.000000 -0.077069 0.987910 -0.134513 13.315500 -0.024713 0.132980 0.990811 0.589700 0.000000 0.000000 0.000000 1.000000
0.996724 0.079911 0.012430 0.000000 -0.077405 0.987177 -0.139608 13.315500 -0.023427 0.138189 0.990129 0.589700 0.000000 0.000000 0.000000 1.000000
0.996237 0.085857 0.011870 0.000000 -0.083333 0.986467 -0.141201 13.315500 -0.023833 0.139681 0.989910 0.589700 0.000000 0.000000 0.000000 1.000000
0.995481 0.094196 0.011995 -0.000000 -0.091606 0.985927 -0.139846 13.315500 -0.024999 0.138115 0.990101 0.589700 0.000000 0.000000 0.000000 1.000000
0.994949 0.099510 0.013173 0.000000 -0.096757 0.985694 -0.138004 13.315500 -0.026717 0.136032 0.990344 0.589700 0.000000 0.000000 0.000000 1.000000
0.994812 0.100506 0.015731 0.000000 -0.097411 0.985698 -0.137515 13.315500 -0.029328 0.135269 0.990375 0.589700 0.000000 0.000000 0.000000 1.000000
0.994808 0.099937 0.019234 -0.000000 -0.096352 0.985715 -0.138135 13.315500 -0.032764 0.135564 0.990227 0.589700 0.000000 0.000000 0.000000 1.000000
0.994683 0.100431 0.022805 0.000000 -0.096342 0.985653 -0.138585 13.315500 -0.036397 0.135650 0.990088 0.589700 0.000000 0.000000 0.000000 1.000000
0.994426 0.102188 0.025981 -0.000000 -0.097667 0.985573 -0.138231 13.315500 -0.039732 0.134923 0.990059 0.589700 0.000000 0.000000 0.000000 1.000000
0.994147 0.104103 0.028891 0.000000 -0.099211 0.985544 -0.137331 13.315500 -0.042770 0.133660 0.990104 0.589700 0.000000 0.000000 0.000000 1.000000
0.993907 0.105581 0.031646 0.000000 -0.100361 0.985589 -0.136172 13.315500 -0.045567 0.132166 0.990180 0.589700 0.000000 0.000000 0.000000 1.000000
0.993694 0.106881 0.033905 0.000000 -0.101428 0.985694 -0.134609 13.315500 -0.047807 0.130321 0.990319 0.589700 0.000000 0.000000 0.000000 1.000000
0.993475 0.108485 0.035180 -0.000000 -0.102961 0.985830 -0.132429 13.315500 -0.049048 0.127943 0.990568 0.589700 0.000000 0.000000 0.000000 1.000000
0.993223 0.110688 0.035451 0.000000 -0.105243 0.985937 -0.129817 13.315500 -0.049322 0.125207 0.990904 0.589700 0.000000 0.000000 0.000000 1.000000
0.992888 0.113687 0.035336 -0.000000 -0.108361 0.985931 -0.127272 13.315500 -0.049308 0.122538 0.991238 0.589700 0.000000 0.000000 0.000000 1.000000
0.992425 0.117565 0.035654 0.000000 -0.112278 0.985760 -0.125181 13.315500 -0.049864 0.120229 0.991493 0.589700 0.000000 0.000000 0.000000 1.000000
0.991842 0.122024 0.036865 0.000000 -0.116645 0.985456 -0.123577 13.315500 -0.051408 0.118269 0.991650 0.589700 0.000000 0.000000 0.000000 1.000000
0.991333 0.125492 0.038855 0.000000 -0.119930 0.985232 -0.122207 13.315500 -0.053617 0.116488 0.991744 0.589700 0.000000 0.000000 0.000000 1.000000
0.991196 0.125814 0.041242 -0.000000 -0.120049 0.985388 -0.120825 13.315500 -0.055840 0.114810 0.991817 0.589700 0.000000 0.000000 0.000000 1.000000
0.991636 0.121437 0.043707 0.000000 -0.115493 0.986099 -0.119459 13.315500 -0.057606 0.113412 0.991877 0.589700 0.000000 0.000000 0.000000 1.000000
0.992545 0.112870 0.045977 -0.000000 -0.106774 0.987200 -0.118475 13.315500 -0.058760 0.112683 0.991892 0.589700 0.000000 0.000000 0.000000 1.000000
0.993547 0.102924 0.047663 0.000000 -0.096700 0.988257 -0.118308 13.315500 -0.059280 0.112936 0.991832 0.589700 0.000000 0.000000 0.000000 1.000000
0.994324 0.094718 0.048454 0.000000 -0.088404 0.988945 -0.119052 13.315500 -0.059195 0.114093 0.991705 0.589700 0.000000 0.000000 0.000000 1.000000
0.994766 0.089942 0.048497 0.000000 -0.083572 0.989207 -0.120356 13.315500 -0.058799 0.115673 0.991545 0.589700 0.000000 0.000000 0.000000 1.000000
0.994934 0.088122 0.048389 -0.000000 -0.081694 0.989197 -0.121719 13.315500 -0.058592 0.117149 0.991384 0.589700 0.000000 0.000000 0.000000 1.000000
0.994975 0.087540 0.048600 0.000000 -0.081025 0.989115 -0.122831 13.315500 -0.058823 0.118276 0.991237 0.589700 0.000000 0.000000 0.000000 1.000000
0.995019 0.086772 0.049068 0.000000 -0.080159 0.989086 -0.123623 13.315500 -0.059259 0.119074 0.991115 0.589700 0.000000 0.000000 0.000000 1.000000
0.995095 0.085634 0.049520 0.000000 -0.078947 0.989130 -0.124054 13.315500 -0.059605 0.119536 0.991039 0.589700 0.000000 0.000000 0.000000 1.000000
0.995133 0.084922 0.049993 0.000000 -0.078190 0.989204 -0.123942 13.315500 -0.059979 0.119430 0.991029 0.589700 0.000000 0.000000 0.000000 1.000000
0.995093 0.084944 0.050740 0.000000 -0.078181 0.989326 -0.122974 13.315500 -0.060645 0.118404 0.991112 0.589700 0.000000 0.000000 0.000000 1.000000
0.994976 0.085734 0.051691 0.000000 -0.078979 0.989511 -0.120953 13.315500 -0.061519 0.116263 0.991311 0.589700 0.000000 0.000000 0.000000 1.000000
0.994866 0.086623 0.052330 -0.000000 -0.079977 0.989794 -0.117947 13.315500 -0.062013 0.113156 0.991640 0.589700 0.000000 0.000000 0.000000 1.000000
0.994799 0.087367 0.052356 -0.000000 -0.080941 0.990140 -0.114332 13.315500 -0.061828 0.109500 0.992062 0.589700 0.000000 0.000000 0.000000 1.000000
0.994777 0.087790 0.052064 -0.000000 -0.081621 0.990500 -0.110669 13.315500 -0.061285 0.105841 0.992493 0.589700 0.000000 0.000000 0.000000 1.000000
0.994809 0.087504 0.051943 0.000000 -0.081542 0.990854 -0.107518 13.315500 -0.060876 0.102724 0.992845 0.589700 0.000000 0.000000 0.000000 1.000000
0.994929 0.086058 0.052064 0.000000 -0.080234 0.991214 -0.105158 13.315500 -0.060656 0.100447 0.993092 0.589700 0.000000 0.000000 0.000000 1.000000
0.995153 0.083381 0.052129 0.000000 -0.077670 0.991608 -0.103344 13.315500 -0.060309 0.098794 0.993279 0.589700 0.000000 0.000000 0.000000 1.000000
0.995440 0.079967 0.052002 -0.000000 -0.074391 0.992047 -0.101530 13.315500 -0.059708 0.097198 0.993472 0.589700 0.000000 0.000000 0.000000 1.000000
0.995725 0.076487 0.051777 0.000000 -0.071066 0.992498 -0.099481 13.315500 -0.058997 0.095376 0.993691 0.589700 0.000000 0.000000 0.000000 1.000000
0.995961 0.073548 0.051499 0.000000 -0.068274 0.992882 -0.097594 13.315500 -0.058311 0.093683 0.993893 0.589700 0.000000 0.000000 0.000000 1.000000
0.996150 0.071309 0.050988 -0.000000 -0.066157 0.993138 -0.096437 13.315500 -0.057515 0.092692 0.994032 0.589700 0.000000 0.000000 0.000000 1.000000
0.996327 0.069452 0.050092 0.000000 -0.064406 0.993283 -0.096132 13.315500 -0.056432 0.092553 0.994107 0.589700 0.000000 0.000000 0.000000 1.000000
0.996517 0.067610 0.048814 -0.000000 -0.062677 0.993372 -0.096348 13.315500 -0.055004 0.092953 0.994150 0.589700 0.000000 0.000000 0.000000 1.000000
0.996716 0.065814 0.047184 0.000000 -0.061018 0.993437 -0.096747 13.315500 -0.053241 0.093550 0.994190 0.589700 0.000000 0.000000 0.000000 1.000000
0.996921 0.064068 0.045202 -0.000000 -0.059440 0.993487 -0.097219 13.315500 -0.051136 0.094232 0.994236 0.589700 0.000000 0.000000 0.000000 1.000000
0.997171 0.061762 0.042852 -0.000000 -0.057337 0.993557 -0.097762 13.315500 -0.048614 0.095029 0.994287 0.589700 0.000000 0.000000 0.000000 1.000000
0.997505 0.058048 0.040188 0.000000 -0.053863 0.993691 -0.098368 13.315500 -0.045644 0.095958 0.994338 0.589700 0.000000 0.000000 0.000000 1.000000
0.997926 0.052415 0.037377 0.000000 -0.048495 0.993903 -0.099021 13.315500 -0.042339 0.097003 0.994383 0.589700 0.000000 0.000000 0.000000 1.000000
0.998402 0.044624 0.034677 0.000000 -0.040970 0.994167 -0.099764 13.315500 -0.038927 0.098184 0.994407 0.589700 0.000000 0.000000 0.000000 1.000000
0.998888 0.034290 0.032345 0.000000 -0.030877 0.994438 -0.100693 13.315500 -0.035618 0.099583 0.994392 0.589700 0.000000 0.000000 0.000000 1.000000
0.999309 0.021171 0.030538 -0.000000 -0.017960 0.994637 -0.101852 13.315500 -0.032530 0.101233 0.994331 0.589700 0.000000 0.000000 0.000000 1.000000
0.999555 0.006706 0.029083 0.000000 -0.003671 0.994656 -0.103176 13.315500 -0.029619 0.103024 0.994238 0.589700 0.000000 0.000000 0.000000 1.000000
0.999593 -0.006760 0.027702 0.000000 0.009623 0.994473 -0.104551 13.315500 -0.026843 0.104775 0.994134 0.589700 0.000000 0.000000 0.000000 1.000000
0.999512 -0.017237 0.026054 0.000000 0.019905 0.994180 -0.105879 13.315500 -0.024078 0.106346 0.994038 0.589700 0.000000 0.000000 0.000000 1.000000
0.999433 -0.023798 0.023830 0.000000 0.026218 0.993913 -0.107002 13.315500 -0.021138 0.107566 0.993973 0.589700 0.000000 0.000000 0.000000 1.000000
0.999402 -0.027489 0.020983 -0.000000 0.029596 0.993738 -0.107743 13.315500 -0.017890 0.108300 0.993957 0.589700 0.000000 0.000000 0.000000 1.000000
0.999303 -0.032374 0.018562 0.000000 0.034198 0.993537 -0.108236 13.315500 -0.014938 0.108796 0.993952 0.589700 0.000000 0.000000 0.000000 1.000000
0.998924 -0.042759 0.017946 -0.000000 0.044468 0.993027 -0.109182 13.315500 -0.013153 0.109863 0.993860 0.589700 0.000000 0.000000 0.000000 1.000000
0.998194 -0.057155 0.018511 -0.000000 0.058865 0.992050 -0.111229 13.315500 -0.012007 0.112118 0.993622 0.589700 0.000000 0.000000 0.000000 1.000000
0.997318 -0.070934 0.018033 -0.000000 0.072532 0.990849 -0.113826 13.315500 -0.009793 0.114829 0.993337 0.589700 0.000000 0.000000 0.000000 1.000000
0.996809 -0.078462 0.014706 0.000000 0.079639 0.990114 -0.115462 13.315500 -0.005501 0.116265 0.993203 0.589700 0.000000 0.000000 0.000000 1.000000
0.996772 -0.079732 0.009403 -0.000000 0.080284 0.990082 -0.115293 13.315500 -0.000117 0.115675 0.993287 0.589700 0.000000 0.000000 0.000000 1.000000
0.996925 -0.078243 0.004381 0.000000 0.078230 0.990360 -0.114310 13.315500 0.004606 0.114301 0.993435 0.589700 0.000000 0.000000 0.000000 1.000000
0.997025 -0.077075 0.001037 -0.000000 0.076688 0.990486 -0.114264 13.315500 0.007780 0.114003 0.993450 0.589700 0.000000 0.000000 0.000000 1.000000
0.997009 -0.077280 -0.000646 -0.000000 0.076686 0.990311 -0.115772 13.315500 0.009586 0.115376 0.993276 0.589700 0.000000 0.000000 0.000000 1.000000
0.996919 -0.078435 -0.001153 0.000000 0.077750 0.989952 -0.118110 13.315500 0.010405 0.117657 0.993000 0.589700 0.000000 0.000000 0.000000 1.000000
0.996832 -0.079527 -0.000705 0.000000 0.078863 0.989582 -0.120447 13.315500 0.010277 0.120010 0.992720 0.589700 0.000000 0.000000 0.000000 1.000000
0.996786 -0.080111 0.000781 0.000000 0.079603 0.989269 -0.122517 13.315500 0.009042 0.122185 0.992466 0.589700 0.000000 0.000000 0.000000 1.000000
0.996749 -0.080500 0.003211 0.000000 0.080274 0.989007 -0.124183 13.315500 0.006821 0.124037 0.992254 0.589700 0.000000 0.000000 0.000000 1.000000
0.996693 -0.081034 0.006105 0.000000 0.081160 0.988819 -0.125100 13.315500 0.004101 0.125182 0.992125 0.589700 0.000000 0.000000 0.000000 1.000000
0.996629 -0.081561 0.008887 0.000000 0.082032 0.988737 -0.125177 13.315500 0.001422 0.125484 0.992095 0.589700 0.000000 0.000000 0.000000 1.000000
0.996599 -0.081631 0.011264 -0.000000 0.082399 0.988730 -0.124994 13.315500 -0.000933 0.125497 0.992094 0.589700 0.000000 0.000000 0.000000 1.000000
0.996607 -0.081228 0.013293 -0.000000 0.082255 0.988703 -0.125298 13.315500 -0.002965 0.125967 0.992030 0.589700 0.000000 0.000000 0.000000 1.000000
0.996608 -0.080896 0.015132 0.000000 0.082162 0.988616 -0.126050 13.315500 -0.004762 0.126866 0.991908 0.589700 0.000000 0.000000 0.000000 1.000000
0.996555 -0.081215 0.016821 0.000000 0.082694 0.988542 -0.126283 13.315500 -0.006372 0.127239 0.991852 0.589700 0.000000 0.000000 0.000000 1.000000
0.996416 -0.082586 0.018314 -0.000000 0.084234 0.988562 -0.125096 13.315500 -0.007773 0.126191 0.991976 0.589700 0.000000 0.000000 0.000000 1.000000
0.996140 -0.085561 0.019621 -0.000000 0.087329 0.988596 -0.122688 13.315500 -0.008900 0.123928 0.992251 0.589700 0.000000 0.000000 0.000000 1.000000
0.995654 -0.090788 0.020764 0.000000 0.092635 0.988422 -0.120166 13.315500 -0.009614 0.121567 0.992537 0.589700 0.000000 0.000000 0.000000 1.000000
0.994892 -0.098553 0.021840 -0.000000 0.100456 0.987884 -0.118294 13.315500 -0.009918 0.119884 0.992738 0.589700 0.000000 0.000000 0.000000 1.000000
0.993926 -0.107670 0.022782 -0.000000 0.109605 0.987104 -0.116671 13.315500 -0.009926 0.118460 0.992909 0.589700 0.000000 0.000000 0.000000 1.000000
0.993038 -0.115469 0.023301 -0.000000 0.117390 0.986481 -0.114346 13.315500 -0.009783 0.116285 0.993168 0.589700 0.000000 0.000000 0.000000 1.000000
0.992587 -0.119326 0.023081 -0.000000 0.121164 0.986408 -0.110990 13.315500 -0.009524 0.112964 0.993553 0.589700 0.000000 0.000000 0.000000 1.000000
0.992703 -0.118574 0.021954 0.000000 0.120255 0.986948 -0.107113 13.315500 -0.008967 0.108972 0.994004 0.589700 0.000000 0.000000 0.000000 1.000000
0.993170 -0.114977 0.019822 0.000000 0.116418 0.987821 -0.103232 13.315500 -0.007712 0.104835 0.994460 0.589700 0.000000 0.000000 0.000000 1.000000
0.993638 -0.111402 0.016508 -0.000000 0.112496 0.988673 -0.099346 13.315500 -0.005253 0.100571 0.994916 0.589700 0.000000 0.000000 0.000000 1.000000
0.993879 -0.109834 0.011916 0.000000 0.110471 0.989288 -0.095425 13.315500 -0.001308 0.096157 0.995365 0.589700 0.000000 0.000000 0.000000 1.000000
0.993884 -0.110243 0.006458 0.000000 0.110369 0.989627 -0.091961 13.315500 0.003747 0.092111 0.995742 0.589700 0.000000 0.000000 0.000000 1.000000
0.993817 -0.111025 0.001170 0.000000 0.110682 0.989809 -0.089602 13.315500 0.008790 0.089177 0.995977 0.589700 0.000000 0.000000 0.000000 1.000000
0.993876 -0.110463 -0.002764 -0.000000 0.109789 0.990017 -0.088392 13.315500 0.012500 0.087548 0.996082 0.589700 0.000000 0.000000 0.000000 1.000000
0.994132 -0.108062 -0.004877 0.000000 0.107221 0.990358 -0.087720 13.315500 0.014309 0.086683 0.996133 0.589700 0.000000 0.000000 0.000000 1.000000
0.994455 -0.105010 -0.005666 0.000000 0.104124 0.990756 -0.086953 13.315500 0.014744 0.085881 0.996196 0.589700 0.000000 0.000000 0.000000 1.000000
0.994623 -0.103391 -0.005975 0.000000 0.102501 0.991020 -0.085860 13.315500 0.014799 0.084786 0.996289 0.589700 0.000000 0.000000 0.000000 1.000000
0.994524 -0.104313 -0.006398 -0.000000 0.103405 0.991047 -0.084459 13.315500 0.015151 0.083334 0.996406 0.589700 0.000000 0.000000 0.000000 1.000000
0.994269 -0.106658 -0.007337 -0.000000 0.105691 0.990952 -0.082723 13.315500 0.016093 0.081473 0.996546 0.589700 0.000000 0.000000 0.000000 1.000000
0.994097 -0.108092 -0.009338 0.000000 0.106997 0.990987 -0.080604 13.315500 0.017966 0.079129 0.996702 0.589700 0.000000 0.000000 0.000000 1.000000
