<?xml version="1.0" encoding="utf-8"?>
<COLLADA xmlns="http://www.collada.org/2005/11/COLLADASchema" version="1.4.1">
  <asset>
    <contributor>
      <author>Mixamo</author>
      <authoring_tool>COLLADA Mixamo exporter</authoring_tool>
      <comments/>
    </contributor>
    <created>2025-04-11T14:26:17Z</created>
    <modified>2025-04-11T14:26:17Z</modified>
    <revision/>
    <title/>
    <unit meter="0.010000"/>
    <up_axis>Y_UP</up_axis>
  </asset>
  <library_animations>
    <animation id="mixamorig_Hips-anim" name="mixamorig_Hips">
      <source id="mixamorig_Hips-Matrix-animation-input">
        <float_array id="mixamorig_Hips-Matrix-animation-input-array" count="121">

0.000000 0.033333 0.066667 0.100000 0.133333 0.166667 0.200000 0.233333 0.266667 0.300000 0.333333 0.366667 0.400000 0.433333 0.466667 0.500000
0.533333 0.566667 0.600000 0.633333 0.666667 0.700000 0.733333 0.766667 0.800000 0.833333 0.866667 0.900000 0.933333 0.966667 1.000000 1.033333
1.066667 1.100000 1.133333 1.166667 1.200000 1.233333 1.266667 1.300000 1.333333 1.366667 1.400000 1.433333 1.466667 1.500000 1.533333 1.566667
1.600000 1.633333 1.666667 1.700000 1.733333 1.766667 1.800000 1.833333 1.866667 1.900000 1.933333 1.966667 2.000000 2.033333 2.066667 2.100000
2.133333 2.166667 2.200000 2.233333 2.266667 2.300000 2.333333 2.366667 2.400000 2.433333 2.466667 2.500000 2.533333 2.566667 2.600000 2.633333
2.666667 2.700000 2.733333 2.766667 2.800000 2.833333 2.866667 2.900000 2.933333 2.966667 3.000000 3.033333 3.066667 3.100000 3.133333 3.166667
3.200000 3.233333 3.266667 3.300000 3.333333 3.366667 3.400000 3.433333 3.466667 3.500000 3.533333 3.566667 3.600000 3.633333 3.666667 3.700000
3.733333 3.766667 3.800000 3.833333 3.866667 3.900000 3.933333 3.966667 4.000000</float_array>
        <technique_common>
          <accessor source="#mixamorig_Hips-Matrix-animation-input-array" count="121">
            <param name="TIME" type="float"/>
          </accessor>
        </technique_common>
      </source>
      <source id="mixamorig_Hips-Matrix-animation-output-transform">
        <float_array id="mixamorig_Hips-Matrix-animation-output-transform-array" count="1936">

0.978121 0.012580 -0.207656 -0.001856 -0.046610 0.986047 -0.159810 93.626671 0.202748 0.165993 0.965059 -1.671212 0.000000 0.000000 0.000000 1.000000
0.979047 0.008647 -0.203451 -0.156790 -0.043232 0.985149 -0.166170 93.728951 0.198993 0.171483 0.964881 -1.557008 0.000000 0.000000 0.000000 1.000000
0.979717 0.005972 -0.200297 -0.291943 -0.041235 0.984172 -0.172353 93.814354 0.196097 0.177117 0.964456 -1.452189 0.000000 0.000000 0.000000 1.000000
0.979514 0.004507 -0.201325 -0.340604 -0.040958 0.983311 -0.177261 93.872231 0.197166 0.181876 0.963352 -1.342921 0.000000 0.000000 0.000000 1.000000
0.977804 0.002879 -0.209501 -0.223656 -0.041327 0.982912 -0.179377 93.902718 0.205404 0.184053 0.961215 -1.198712 0.000000 0.000000 0.000000 1.000000
0.974702 -0.000174 -0.223508 0.072076 -0.040707 0.983137 -0.178285 93.914207 0.219770 0.182873 0.958258 -1.001825 0.000000 0.000000 0.000000 1.000000
0.971359 -0.004131 -0.237582 0.481616 -0.038683 0.983762 -0.175262 93.910271 0.234448 0.179433 0.955426 -0.762877 0.000000 0.000000 0.000000 1.000000
0.969231 -0.007173 -0.246050 0.924770 -0.036394 0.984414 -0.172058 93.886147 0.243449 0.175719 0.953863 -0.504246 0.000000 0.000000 0.000000 1.000000
0.968896 -0.007974 -0.247340 1.357749 -0.035211 0.984870 -0.169683 93.837975 0.244951 0.173114 0.953955 -0.239392 0.000000 0.000000 0.000000 1.000000
0.969724 -0.006725 -0.244111 1.776109 -0.035534 0.985096 -0.168293 93.771828 0.241605 0.171872 0.955032 0.031681 0.000000 0.000000 0.000000 1.000000
0.970620 -0.004688 -0.240572 2.194912 -0.036779 0.985171 -0.167589 93.701988 0.237790 0.171513 0.956054 0.315043 0.000000 0.000000 0.000000 1.000000
0.970846 -0.003147 -0.239682 2.629750 -0.038074 0.985195 -0.167157 93.643242 0.236660 0.171409 0.956353 0.613987 0.000000 0.000000 0.000000 1.000000
0.970277 -0.002695 -0.241983 3.082807 -0.038836 0.985244 -0.166692 93.602730 0.238862 0.171135 0.955854 0.923105 0.000000 0.000000 0.000000 1.000000
0.969256 -0.003097 -0.246033 3.535345 -0.039018 0.985334 -0.166117 93.578957 0.242939 0.170610 0.954920 1.227844 0.000000 0.000000 0.000000 1.000000
0.968387 -0.003487 -0.249429 3.949374 -0.039114 0.985411 -0.165634 93.565849 0.246368 0.170154 0.954123 1.509432 0.000000 0.000000 0.000000 1.000000
0.968299 -0.002706 -0.249779 4.280383 -0.039979 0.985373 -0.165658 93.558014 0.246573 0.170393 0.954027 1.751731 0.000000 0.000000 0.000000 1.000000
0.969352 0.000103 -0.245676 4.496962 -0.042329 0.985115 -0.166603 93.552780 0.242002 0.171897 0.954927 1.945858 0.000000 0.000000 0.000000 1.000000
0.971327 0.004819 -0.237699 4.597522 -0.046125 0.984618 -0.168521 93.548637 0.233231 0.174653 0.956608 2.089823 0.000000 0.000000 0.000000 1.000000
0.973437 0.010082 -0.228732 4.612045 -0.050339 0.984008 -0.170861 93.541672 0.223352 0.177837 0.958378 2.185338 0.000000 0.000000 0.000000 1.000000
0.974759 0.013912 -0.222825 4.584427 -0.053492 0.983539 -0.172598 93.527077 0.216756 0.180161 0.959458 2.233611 0.000000 0.000000 0.000000 1.000000
0.974743 0.014894 -0.222834 4.543180 -0.054550 0.983430 -0.172886 93.503242 0.216566 0.180675 0.959404 2.232986 0.000000 0.000000 0.000000 1.000000
0.973472 0.013075 -0.228432 4.480100 -0.053528 0.983675 -0.171806 93.479218 0.222456 0.179476 0.958280 2.177810 0.000000 0.000000 0.000000 1.000000
0.971685 0.009818 -0.236075 4.353147 -0.051358 0.984024 -0.170467 93.473038 0.230629 0.177765 0.956666 2.059160 0.000000 0.000000 0.000000 1.000000
0.970479 0.006799 -0.241089 4.111586 -0.049203 0.984162 -0.170308 93.501953 0.236113 0.177143 0.955443 1.868667 0.000000 0.000000 0.000000 1.000000
0.970654 0.004958 -0.240430 3.724627 -0.047670 0.983915 -0.172160 93.571152 0.235709 0.178569 0.955277 1.604508 0.000000 0.000000 0.000000 1.000000
0.972161 0.004196 -0.234276 3.193818 -0.046580 0.983345 -0.175677 93.668472 0.229637 0.181699 0.956165 1.277764 0.000000 0.000000 0.000000 1.000000
0.974238 0.003852 -0.225488 2.545080 -0.045418 0.982718 -0.179448 93.769760 0.220900 0.185067 0.957577 0.914944 0.000000 0.000000 0.000000 1.000000
0.976073 0.003387 -0.217415 1.810969 -0.043888 0.982369 -0.181727 93.851135 0.212966 0.186920 0.959013 0.551775 0.000000 0.000000 0.000000 1.000000
0.977332 0.002694 -0.211696 1.018846 -0.041998 0.982514 -0.181392 93.899811 0.207505 0.186171 0.960355 0.217976 0.000000 0.000000 0.000000 1.000000
0.978205 0.001933 -0.207631 0.190635 -0.039835 0.983130 -0.178518 93.917694 0.203783 0.182898 0.961780 -0.078499 0.000000 0.000000 0.000000 1.000000
0.979104 0.001253 -0.203356 -0.651071 -0.037449 0.983990 -0.174242 93.915787 0.199882 0.178217 0.963476 -0.353332 0.000000 0.000000 0.000000 1.000000
0.980296 0.000635 -0.197534 -1.479734 -0.034907 0.984814 -0.170068 93.905731 0.194427 0.173613 0.965431 -0.629640 0.000000 0.000000 0.000000 1.000000
0.981757 -0.000036 -0.190141 -2.266537 -0.032315 0.985421 -0.167038 93.894104 0.187375 0.170135 0.967442 -0.916783 0.000000 0.000000 0.000000 1.000000
0.983281 -0.000819 -0.182093 -2.984840 -0.029795 0.985790 -0.165322 93.882858 0.179641 0.167983 0.969284 -1.203411 0.000000 0.000000 0.000000 1.000000
0.984642 -0.001678 -0.174579 -3.611124 -0.027476 0.986003 -0.164445 93.868690 0.172412 0.166716 0.970814 -1.469023 0.000000 0.000000 0.000000 1.000000
0.985627 -0.002666 -0.168916 -4.122534 -0.025421 0.986151 -0.163891 93.846016 0.167014 0.165830 0.971909 -1.698657 0.000000 0.000000 0.000000 1.000000
0.985970 -0.004159 -0.166868 -4.495779 -0.023502 0.986272 -0.163447 93.808289 0.165257 0.165076 0.972337 -1.885516 0.000000 0.000000 0.000000 1.000000
0.985316 -0.006820 -0.170606 -4.712159 -0.021409 0.986381 -0.163075 93.752975 0.169395 0.164333 0.971751 -2.021796 0.000000 0.000000 0.000000 1.000000
0.983305 -0.011091 -0.181629 -4.768019 -0.018912 0.986507 -0.162626 93.686478 0.180982 0.163346 0.969827 -2.093056 0.000000 0.000000 0.000000 1.000000
0.979854 -0.016558 -0.199027 -4.681598 -0.016200 0.986684 -0.161842 93.622269 0.199056 0.161806 0.966538 -2.085163 0.000000 0.000000 0.000000 1.000000
0.975587 -0.021785 -0.218529 -4.489326 -0.013946 0.986914 -0.160645 93.572052 0.219169 0.159771 0.962516 -1.997858 0.000000 0.000000 0.000000 1.000000
0.971987 -0.024934 -0.233708 -4.232131 -0.012991 0.987137 -0.159348 93.538147 0.234675 0.157920 0.959161 -1.849645 0.000000 0.000000 0.000000 1.000000
0.970684 -0.024838 -0.239070 -3.939665 -0.013800 0.987247 -0.158599 93.516403 0.239961 0.157249 0.957962 -1.667386 0.000000 0.000000 0.000000 1.000000
0.972211 -0.021712 -0.233097 -3.620760 -0.016093 0.987136 -0.159070 93.505165 0.233553 0.158401 0.959355 -1.469504 0.000000 0.000000 0.000000 1.000000
0.975555 -0.016941 -0.219102 -3.264182 -0.019023 0.986771 -0.160998 93.510193 0.218931 0.161231 0.962327 -1.257712 0.000000 0.000000 0.000000 1.000000
0.979036 -0.012130 -0.203324 -2.849370 -0.021829 0.986227 -0.163948 93.538765 0.202513 0.164950 0.965288 -1.022091 0.000000 0.000000 0.000000 1.000000
0.981446 -0.008195 -0.191563 -2.360553 -0.024377 0.985646 -0.167057 93.589661 0.190182 0.168627 0.967159 -0.751586 0.000000 0.000000 0.000000 1.000000
0.982418 -0.005113 -0.186624 -1.796958 -0.027068 0.985161 -0.169483 93.650688 0.184722 0.171554 0.967702 -0.440290 0.000000 0.000000 0.000000 1.000000
0.982174 -0.002359 -0.187959 -1.173943 -0.030299 0.984859 -0.170688 93.706764 0.185516 0.173341 0.967232 -0.087910 0.000000 0.000000 0.000000 1.000000
0.981187 0.000525 -0.193061 -0.513726 -0.034086 0.984758 -0.170557 93.748375 0.190029 0.173929 0.966249 0.301513 0.000000 0.000000 0.000000 1.000000
0.979953 0.003651 -0.199196 0.165780 -0.038116 0.984799 -0.169462 93.773399 0.195550 0.173657 0.965196 0.719437 0.000000 0.000000 0.000000 1.000000
0.978848 0.006859 -0.204473 0.856048 -0.042032 0.984860 -0.168179 93.783157 0.200224 0.173216 0.964317 1.152631 0.000000 0.000000 0.000000 1.000000
0.978048 0.009895 -0.208147 1.554101 -0.045612 0.984816 -0.167504 93.779480 0.203329 0.173321 0.963648 1.585374 0.000000 0.000000 0.000000 1.000000
0.977523 0.012538 -0.210456 2.254800 -0.048756 0.984614 -0.167802 93.765083 0.205114 0.174292 0.963094 2.003099 0.000000 0.000000 0.000000 1.000000
0.977120 0.014663 -0.212184 2.945560 -0.051440 0.984297 -0.168861 93.744461 0.206376 0.175912 0.962530 2.393917 0.000000 0.000000 0.000000 1.000000
0.976684 0.016302 -0.214063 3.607229 -0.053718 0.983951 -0.170162 93.724083 0.207854 0.177693 0.961885 2.747588 0.000000 0.000000 0.000000 1.000000
0.976165 0.017634 -0.216310 4.217993 -0.055737 0.983633 -0.171344 93.712151 0.209748 0.179316 0.961172 3.054376 0.000000 0.000000 0.000000 1.000000
0.975642 0.018875 -0.218556 4.756186 -0.057657 0.983328 -0.172459 93.718597 0.211657 0.180860 0.960464 3.305759 0.000000 0.000000 0.000000 1.000000
0.975245 0.020135 -0.220208 5.201373 -0.059556 0.982964 -0.173882 93.751663 0.212955 0.182692 0.959830 3.496097 0.000000 0.000000 0.000000 1.000000
0.975056 0.021396 -0.220924 5.535428 -0.061422 0.982484 -0.175934 93.813538 0.213290 0.185115 0.959291 3.623630 0.000000 0.000000 0.000000 1.000000
0.975052 0.022593 -0.220824 5.745122 -0.063190 0.981899 -0.178554 93.898193 0.212793 0.188054 0.958830 3.689615 0.000000 0.000000 0.000000 1.000000
0.975144 0.023657 -0.220305 5.825778 -0.064757 0.981301 -0.181261 93.992737 0.211897 0.191022 0.958442 3.696620 0.000000 0.000000 0.000000 1.000000
0.975259 0.024460 -0.219710 5.783601 -0.065936 0.980809 -0.183486 94.084244 0.211005 0.193433 0.958155 3.648243 0.000000 0.000000 0.000000 1.000000
0.975374 0.024794 -0.219159 5.633479 -0.066493 0.980485 -0.185007 94.162994 0.210295 0.195024 0.957988 3.549291 0.000000 0.000000 0.000000 1.000000
0.975504 0.024483 -0.218615 5.393905 -0.066308 0.980291 -0.186097 94.223068 0.209750 0.196034 0.957902 3.405881 0.000000 0.000000 0.000000 1.000000
0.975654 0.023549 -0.218047 5.080700 -0.065501 0.980130 -0.187230 94.261154 0.209305 0.196954 0.957810 3.224886 0.000000 0.000000 0.000000 1.000000
0.975814 0.022199 -0.217471 4.704216 -0.064322 0.979947 -0.188589 94.275986 0.208924 0.198016 0.957674 3.013419 0.000000 0.000000 0.000000 1.000000
0.975984 0.020604 -0.216864 4.271772 -0.062853 0.979814 -0.189774 94.268539 0.208576 0.198847 0.957578 2.779430 0.000000 0.000000 0.000000 1.000000
0.976196 0.018729 -0.216082 3.792836 -0.060847 0.979905 -0.189956 94.241638 0.208182 0.198582 0.957719 2.531422 0.000000 0.000000 0.000000 1.000000
0.976491 0.016411 -0.214933 3.282023 -0.057938 0.980388 -0.188370 94.197250 0.207626 0.196394 0.958291 2.276359 0.000000 0.000000 0.000000 1.000000
0.976880 0.013618 -0.213354 2.756630 -0.054038 0.981292 -0.184786 94.137283 0.206846 0.192043 0.959340 2.016694 0.000000 0.000000 0.000000 1.000000
0.977313 0.010569 -0.211536 2.231552 -0.049505 0.982488 -0.179629 94.065720 0.205933 0.186026 0.960722 1.748940 0.000000 0.000000 0.000000 1.000000
0.977691 0.007596 -0.209913 1.715791 -0.044934 0.983775 -0.173686 93.990059 0.205188 0.179243 0.962169 1.467777 0.000000 0.000000 0.000000 1.000000
0.977883 0.004894 -0.209093 1.214050 -0.040792 0.984991 -0.167718 93.919601 0.205134 0.172537 0.963406 1.173052 0.000000 0.000000 0.000000 1.000000
0.977747 0.002459 -0.209774 0.731951 -0.037301 0.986036 -0.162299 93.860023 0.206445 0.166512 0.964186 0.874516 0.000000 0.000000 0.000000 1.000000
0.977156 0.000272 -0.212522 0.279841 -0.034610 0.986853 -0.157870 93.810432 0.209685 0.161619 0.964319 0.588059 0.000000 0.000000 0.000000 1.000000
0.976103 -0.001464 -0.217304 -0.128929 -0.032964 0.987408 -0.154723 93.768402 0.214794 0.158188 0.963763 0.325419 0.000000 0.000000 0.000000 1.000000
0.974807 -0.002234 -0.223040 -0.483303 -0.032713 0.987705 -0.152870 93.736794 0.220639 0.156315 0.962748 0.087835 0.000000 0.000000 0.000000 1.000000
0.973716 -0.001409 -0.227762 -0.776059 -0.034150 0.987774 -0.152106 93.724174 0.225192 0.155886 0.961763 -0.128995 0.000000 0.000000 0.000000 1.000000
0.973265 0.001223 -0.229682 -0.996003 -0.037211 0.987615 -0.152420 93.737625 0.226651 0.156892 0.961257 -0.323307 0.000000 0.000000 0.000000 1.000000
0.973503 0.004912 -0.228621 -1.115422 -0.041205 0.987172 -0.154250 93.774673 0.224931 0.159583 0.961218 -0.479948 0.000000 0.000000 0.000000 1.000000
0.973972 0.008000 -0.226525 -1.087769 -0.044843 0.986425 -0.157968 93.822411 0.222187 0.164014 0.961110 -0.573943 0.000000 0.000000 0.000000 1.000000
0.974031 0.008904 -0.226241 -0.864220 -0.046851 0.985526 -0.162921 93.863838 0.221515 0.169290 0.960350 -0.580510 0.000000 0.000000 0.000000 1.000000
0.973325 0.007378 -0.229313 -0.422446 -0.046864 0.984803 -0.167231 93.884659 0.224595 0.173516 0.958879 -0.485106 0.000000 0.000000 0.000000 1.000000
0.972029 0.004852 -0.234812 0.213629 -0.045720 0.984569 -0.168917 93.875488 0.230370 0.174928 0.957251 -0.290024 0.000000 0.000000 0.000000 1.000000
0.970674 0.003338 -0.240378 0.978852 -0.044839 0.984871 -0.167390 93.829819 0.236182 0.173259 0.956138 -0.016071 0.000000 0.000000 0.000000 1.000000
0.969679 0.003887 -0.244352 1.795071 -0.045245 0.985444 -0.163872 93.744011 0.240159 0.169959 0.955739 0.303614 0.000000 0.000000 0.000000 1.000000
0.969045 0.006073 -0.246809 2.602084 -0.047024 0.985936 -0.160372 93.620461 0.242364 0.167013 0.955702 0.636389 0.000000 0.000000 0.000000 1.000000
0.968538 0.008804 -0.248711 3.371399 -0.049582 0.986166 -0.158174 93.471031 0.243877 0.165530 0.955575 0.961773 0.000000 0.000000 0.000000 1.000000
0.968023 0.011390 -0.250602 4.097575 -0.052319 0.986168 -0.157274 93.314972 0.245345 0.165356 0.955229 1.272962 0.000000 0.000000 0.000000 1.000000
0.967534 0.013791 -0.252363 4.779583 -0.054982 0.986081 -0.156908 93.171188 0.246686 0.165690 0.954826 1.568060 0.000000 0.000000 0.000000 1.000000
0.967105 0.016128 -0.253865 5.407302 -0.057488 0.986025 -0.156363 93.051094 0.247796 0.165813 0.954517 1.839783 0.000000 0.000000 0.000000 1.000000
0.966714 0.018299 -0.255205 5.960886 -0.059666 0.986062 -0.155314 92.957642 0.248806 0.165371 0.954331 2.073010 0.000000 0.000000 0.000000 1.000000
0.966472 0.020193 -0.255977 6.418605 -0.061341 0.986196 -0.153802 92.890877 0.249337 0.164347 0.954369 2.251188 0.000000 0.000000 0.000000 1.000000
0.966781 0.022084 -0.254649 6.762952 -0.062615 0.986368 -0.152178 92.853310 0.247817 0.163068 0.954985 2.363090 0.000000 0.000000 0.000000 1.000000
0.968108 0.024535 -0.249328 6.985449 -0.063906 0.986456 -0.151067 92.849533 0.242244 0.162183 0.956564 2.406085 0.000000 0.000000 0.000000 1.000000
0.970470 0.027756 -0.239620 7.090625 -0.065528 0.986339 -0.151137 92.881821 0.232151 0.162376 0.959031 2.384625 0.000000 0.000000 0.000000 1.000000
0.973220 0.031084 -0.227763 7.097834 -0.067211 0.985996 -0.152628 92.943527 0.219830 0.163849 0.961680 2.307605 0.000000 0.000000 0.000000 1.000000
0.975470 0.033290 -0.217600 7.034919 -0.068212 0.985555 -0.155010 93.018120 0.209296 0.166050 0.963651 2.184882 0.000000 0.000000 0.000000 1.000000
0.976696 0.033558 -0.211986 6.923701 -0.067973 0.985223 -0.157213 93.085991 0.203578 0.167959 0.964544 2.024398 0.000000 0.000000 0.000000 1.000000
0.976982 0.032195 -0.210877 6.766254 -0.066639 0.985134 -0.158334 93.134811 0.202645 0.168742 0.964604 1.829991 0.000000 0.000000 0.000000 1.000000
0.976870 0.030368 -0.211669 6.543684 -0.064890 0.985287 -0.158113 93.165359 0.203753 0.168191 0.964467 1.601345 0.000000 0.000000 0.000000 1.000000
0.976990 0.029161 -0.211282 6.231023 -0.063340 0.985588 -0.156860 93.188232 0.203662 0.166633 0.964756 1.336310 0.000000 0.000000 0.000000 1.000000
0.977683 0.028858 -0.208096 5.816721 -0.062120 0.985940 -0.155127 93.214798 0.200694 0.164592 0.965728 1.034504 0.000000 0.000000 0.000000 1.000000
0.978861 0.028992 -0.202459 5.312299 -0.060960 0.986266 -0.153501 93.249977 0.195229 0.162598 0.967185 0.700270 0.000000 0.000000 0.000000 1.000000
0.980196 0.028892 -0.195912 4.746655 -0.059560 0.986506 -0.152508 93.291206 0.188862 0.161156 0.968690 0.343123 0.000000 0.000000 0.000000 1.000000
0.981350 0.028189 -0.190152 4.153333 -0.057878 0.986616 -0.152443 93.331261 0.183310 0.160605 0.969847 -0.024627 0.000000 0.000000 0.000000 1.000000
0.982101 0.026953 -0.186418 3.561648 -0.056139 0.986614 -0.153107 93.361771 0.179796 0.160832 0.970467 -0.391197 0.000000 0.000000 0.000000 1.000000
0.982349 0.025530 -0.185306 2.994624 -0.054642 0.986599 -0.153742 93.377144 0.178898 0.161154 0.970580 -0.746026 0.000000 0.000000 0.000000 1.000000
0.982109 0.024201 -0.186750 2.469539 -0.053490 0.986710 -0.153433 93.378143 0.180555 0.160677 0.970352 -1.076724 0.000000 0.000000 0.000000 1.000000
0.981504 0.022905 -0.190067 1.996153 -0.052425 0.987023 -0.151777 93.373154 0.184124 0.158934 0.969968 -1.367491 0.000000 0.000000 0.000000 1.000000
0.980742 0.021334 -0.194141 1.574276 -0.051018 0.987488 -0.149214 93.373772 0.188529 0.156245 0.969559 -1.603490 0.000000 0.000000 0.000000 1.000000
0.980038 0.019422 -0.197858 1.197599 -0.049196 0.987957 -0.146701 93.385223 0.192626 0.153507 0.969191 -1.780227 0.000000 0.000000 0.000000 1.000000
0.979481 0.017828 -0.200747 0.868277 -0.047694 0.988291 -0.144937 93.399284 0.195813 0.151537 0.968862 -1.907288 0.000000 0.000000 0.000000 1.000000
0.978926 0.017683 -0.203450 0.610099 -0.047754 0.988445 -0.143860 93.398773 0.198555 0.150544 0.968459 -1.997767 0.000000 0.000000 0.000000 1.000000
0.978127 0.019416 -0.207100 0.453992 -0.049913 0.988453 -0.143068 93.376839 0.201931 0.150275 0.967802 -2.051571 0.000000 0.000000 0.000000 1.000000
0.977131 0.021756 -0.211520 0.391390 -0.052926 0.988330 -0.142841 93.353783 0.205944 0.150769 0.966879 -2.054743 0.000000 0.000000 0.000000 1.000000
0.976452 0.022513 -0.214557 0.354476 -0.054493 0.988029 -0.144324 93.364998 0.208739 0.152618 0.965990 -2.000810 0.000000 0.000000 0.000000 1.000000
0.976525 0.020665 -0.214410 0.275993 -0.053427 0.987520 -0.148155 93.425591 0.208672 0.156133 0.965442 -1.905124 0.000000 0.000000 0.000000 1.000000
0.977207 0.016938 -0.211610 0.148270 -0.050378 0.986840 -0.153650 93.520180 0.206223 0.160809 0.965201 -1.790449 0.000000 0.000000 0.000000 1.000000
0.978121 0.012580 -0.207656 -0.001856 -0.046610 0.986047 -0.159810 93.626671 0.202748 0.165993 0.965059 -1.671212 0.000000 0.000000 0.000000 1.000000</float_array>
        <technique_common>
          <accessor source="#mixamorig_Hips-Matrix-animation-output-transform-array" count="121" stride="16">
            <param type="float4x4"/>
          </accessor>
        </technique_common>
      </source>
      <source id="mixamorig_Hips-Interpolations">
        <Name_array id="mixamorig_Hips-Interpolations-array" count="121">
 LINEAR LINEAR LINEAR LINEAR LINEAR LINEAR LINEAR LINEAR LINEAR LINEAR LINEAR
LINEAR LINEAR LINEAR LINEAR LINEAR LINEAR LINEAR LINEAR LINEAR LINEAR LINEAR LINEAR
LINEAR LINEAR LINEAR LINEAR LINEAR LINEAR LINEAR LINEAR LINEAR LINEAR LINEAR LINEAR
LINEAR LINEAR LINEAR LINEAR LINEAR LINEAR LINEAR LINEAR LINEAR LINEAR LINEAR LINEAR
LINEAR LINEAR LINEAR LINEAR LINEAR LINEAR LINEAR LINEAR LINEAR LINEAR LINEAR LINEAR
LINEAR LINEAR LINEAR LINEAR LINEAR LINEAR LINEAR LINEAR LINEAR LINEAR LINEAR LINEAR
LINEAR LINEAR LINEAR LINEAR LINEAR LINEAR LINEAR LINEAR LINEAR LINEAR LINEAR LINEAR
LINEAR LINEAR LINEAR LINEAR LINEAR LINEAR LINEAR LINEAR LINEAR LINEAR LINEAR LINEAR
LINEAR LINEAR LINEAR LINEAR LINEAR LINEAR LINEAR LINEAR LINEAR LINEAR LINEAR LINEAR
LINEAR LINEAR LINEAR LINEAR LINEAR LINEAR LINEAR LINEAR LINEAR LINEAR LINEAR LINEAR
LINEAR LINEAR</Name_array>
        <technique_common>
          <accessor source="#mixamorig_Hips-Interpolations-array" count="121">
            <param type="name"/>
          </accessor>
        </technique_common>
      </source>
      <sampler id="mixamorig_Hips-Matrix-animation-transform">
        <input semantic="INPUT" source="#mixamorig_Hips-Matrix-animation-input"/>
        <input semantic="OUTPUT" source="#mixamorig_Hips-Matrix-animation-output-transform"/>
        <input semantic="INTERPOLATION" source="#mixamorig_Hips-Interpolations"/>
      </sampler>
      <channel source="#mixamorig_Hips-Matrix-animation-transform" target="mixamorig_Hips/matrix"/>
    </animation>
    <animation id="mixamorig_Spine-anim" name="mixamorig_Spine">
      <source id="mixamorig_Spine-Matrix-animation-input">
        <float_array id="mixamorig_Spine-Matrix-animation-input-array" count="121">

0.000000 0.033333 0.066667 0.100000 0.133333 0.166667 0.200000 0.233333 0.266667 0.300000 0.333333 0.366667 0.400000 0.433333 0.466667 0.500000
0.533333 0.566667 0.600000 0.633333 0.666667 0.700000 0.733333 0.766667 0.800000 0.833333 0.866667 0.900000 0.933333 0.966667 1.000000 1.033333
1.066667 1.100000 1.133333 1.166667 1.200000 1.233333 1.266667 1.300000 1.333333 1.366667 1.400000 1.433333 1.466667 1.500000 1.533333 1.566667
1.600000 1.633333 1.666667 1.700000 1.733333 1.766667 1.800000 1.833333 1.866667 1.900000 1.933333 1.966667 2.000000 2.033333 2.066667 2.100000
2.133333 2.166667 2.200000 2.233333 2.266667 2.300000 2.333333 2.366667 2.400000 2.433333 2.466667 2.500000 2.533333 2.566667 2.600000 2.633333
2.666667 2.700000 2.733333 2.766667 2.800000 2.833333 2.866667 2.900000 2.933333 2.966667 3.000000 3.033333 3.066667 3.100000 3.133333 3.166667
3.200000 3.233333 3.266667 3.300000 3.333333 3.366667 3.400000 3.433333 3.466667 3.500000 3.533333 3.566667 3.600000 3.633333 3.666667 3.700000
3.733333 3.766667 3.800000 3.833333 3.866667 3.900000 3.933333 3.966667 4.000000</float_array>
        <technique_common>
          <accessor source="#mixamorig_Spine-Matrix-animation-input-array" count="121">
            <param name="TIME" type="float"/>
          </accessor>
        </technique_common>
      </source>
      <source id="mixamorig_Spine-Matrix-animation-output-transform">
        <float_array id="mixamorig_Spine-Matrix-animation-output-transform-array" count="1936">

0.999440 -0.022616 -0.024649 -0.023000 0.018127 0.985421 -0.169167 13.157000 0.028116 0.168626 0.985279 0.957400 0.000000 0.000000 0.000000 1.000000
0.999391 -0.023224 -0.026032 -0.023000 0.018532 0.985637 -0.167858 13.157000 0.029556 0.167273 0.985467 0.957400 0.000000 0.000000 0.000000 1.000000
0.999342 -0.023752 -0.027397 -0.023000 0.018865 0.985852 -0.166551 13.157000 0.030965 0.165925 0.985652 0.957400 0.000000 0.000000 0.000000 1.000000
0.999296 -0.024177 -0.028676 -0.023000 0.019113 0.986060 -0.165292 13.157000 0.032272 0.164627 0.985828 0.957400 0.000000 0.000000 0.000000 1.000000
0.999255 -0.024498 -0.029809 -0.023000 0.019284 0.986257 -0.164088 13.157000 0.033419 0.163391 0.985995 0.957400 0.000000 0.000000 0.000000 1.000000
0.999225 -0.024683 -0.030664 -0.023000 0.019367 0.986445 -0.162947 13.157000 0.034270 0.162227 0.986158 0.957400 0.000000 0.000000 0.000000 1.000000
0.999214 -0.024632 -0.031058 -0.023000 0.019287 0.986606 -0.161978 13.157000 0.034632 0.161252 0.986305 0.957400 0.000000 0.000000 0.000000 1.000000
0.999223 -0.024280 -0.031042 -0.023000 0.018962 0.986704 -0.161419 13.157000 0.034549 0.160705 0.986398 0.957400 0.000000 0.000000 0.000000 1.000000
0.999238 -0.023738 -0.030996 -0.023000 0.018431 0.986706 -0.161466 13.157000 0.034417 0.160772 0.986391 0.957400 0.000000 0.000000 0.000000 1.000000
0.999243 -0.023195 -0.031220 -0.023000 0.017837 0.986613 -0.162099 13.157000 0.034562 0.161420 0.986280 0.957400 0.000000 0.000000 0.000000 1.000000
0.999241 -0.022748 -0.031610 -0.023000 0.017297 0.986456 -0.163113 13.157000 0.034893 0.162442 0.986101 0.957400 0.000000 0.000000 0.000000 1.000000
0.999240 -0.022396 -0.031888 -0.023000 0.016864 0.986275 -0.164249 13.157000 0.035129 0.163586 0.985903 0.957400 0.000000 0.000000 0.000000 1.000000
0.999245 -0.022141 -0.031917 -0.023000 0.016571 0.986110 -0.165267 13.157000 0.035133 0.164614 0.985732 0.957400 0.000000 0.000000 0.000000 1.000000
0.999252 -0.022015 -0.031789 -0.023000 0.016443 0.985994 -0.165968 13.157000 0.034998 0.165321 0.985619 0.957400 0.000000 0.000000 0.000000 1.000000
0.999253 -0.022056 -0.031723 -0.023000 0.016485 0.985951 -0.166220 13.157000 0.034943 0.165573 0.985578 0.957400 0.000000 0.000000 0.000000 1.000000
0.999242 -0.022265 -0.031940 -0.023000 0.016664 0.985986 -0.165992 13.157000 0.035188 0.165334 0.985610 0.957400 0.000000 0.000000 0.000000 1.000000
0.999214 -0.022604 -0.032569 -0.023000 0.016917 0.986086 -0.165372 13.157000 0.035854 0.164692 0.985693 0.957400 0.000000 0.000000 0.000000 1.000000
0.999172 -0.022999 -0.033576 -0.023000 0.017171 0.986220 -0.164544 13.157000 0.036897 0.163831 0.985798 0.957400 0.000000 0.000000 0.000000 1.000000
0.999122 -0.023381 -0.034771 -0.023000 0.017385 0.986352 -0.163731 13.157000 0.038125 0.162982 0.985892 0.957400 0.000000 0.000000 0.000000 1.000000
0.999075 -0.023727 -0.035876 -0.023000 0.017569 0.986447 -0.163134 13.157000 0.039261 0.162353 0.985951 0.957400 0.000000 0.000000 0.000000 1.000000
0.999039 -0.024061 -0.036642 -0.023000 0.017785 0.986486 -0.162877 13.157000 0.040066 0.162068 0.985966 0.957400 0.000000 0.000000 0.000000 1.000000
0.999018 -0.024458 -0.036943 -0.023000 0.018124 0.986464 -0.162973 13.157000 0.040428 0.162144 0.985939 0.957400 0.000000 0.000000 0.000000 1.000000
0.999010 -0.024987 -0.036810 -0.023000 0.018653 0.986392 -0.163347 13.157000 0.040391 0.162498 0.985882 0.957400 0.000000 0.000000 0.000000 1.000000
0.999007 -0.025690 -0.036401 -0.023000 0.019393 0.986292 -0.163866 13.157000 0.040112 0.162997 0.985811 0.957400 0.000000 0.000000 0.000000 1.000000
0.999002 -0.026548 -0.035910 -0.023000 0.020298 0.986184 -0.164403 13.157000 0.039778 0.163510 0.985739 0.957400 0.000000 0.000000 0.000000 1.000000
0.998992 -0.027489 -0.035485 -0.023000 0.021278 0.986086 -0.164869 13.157000 0.039523 0.163947 0.985677 0.957400 0.000000 0.000000 0.000000 1.000000
0.998977 -0.028412 -0.035180 -0.023000 0.022224 0.986004 -0.165233 13.157000 0.039382 0.164282 0.985627 0.957400 0.000000 0.000000 0.000000 1.000000
0.998961 -0.029232 -0.034961 -0.023000 0.023058 0.985937 -0.165521 13.157000 0.039308 0.164543 0.985586 0.957400 0.000000 0.000000 0.000000 1.000000
0.998948 -0.029907 -0.034760 -0.023000 0.023746 0.985874 -0.165798 13.157000 0.039227 0.164798 0.985547 0.957400 0.000000 0.000000 0.000000 1.000000
0.998939 -0.030446 -0.034543 -0.023000 0.024300 0.985801 -0.166151 13.157000 0.039111 0.165135 0.985495 0.957400 0.000000 0.000000 0.000000 1.000000
0.998932 -0.030904 -0.034342 -0.023000 0.024765 0.985703 -0.166663 13.157000 0.039002 0.165635 0.985416 0.957400 0.000000 0.000000 0.000000 1.000000
0.998922 -0.031346 -0.034241 -0.023000 0.025189 0.985569 -0.167392 13.157000 0.038994 0.166349 0.985296 0.957400 0.000000 0.000000 0.000000 1.000000
0.998904 -0.031816 -0.034326 -0.023000 0.025601 0.985397 -0.168334 13.157000 0.039181 0.167271 0.985132 0.957400 0.000000 0.000000 0.000000 1.000000
0.998879 -0.032291 -0.034613 -0.023000 0.025979 0.985204 -0.169406 13.157000 0.039571 0.168316 0.984938 0.957400 0.000000 0.000000 0.000000 1.000000
0.998853 -0.032673 -0.034993 -0.023000 0.026249 0.985019 -0.170436 13.157000 0.040037 0.169322 0.984747 0.957400 0.000000 0.000000 0.000000 1.000000
0.998842 -0.032786 -0.035220 -0.023000 0.026291 0.984883 -0.171212 13.157000 0.040301 0.170088 0.984604 0.957400 0.000000 0.000000 0.000000 1.000000
0.998862 -0.032433 -0.034981 -0.023000 0.025970 0.984834 -0.171543 13.157000 0.040014 0.170439 0.984555 0.957400 0.000000 0.000000 0.000000 1.000000
0.998927 -0.031453 -0.033998 -0.023000 0.025179 0.984890 -0.171341 13.157000 0.038873 0.170301 0.984625 0.957400 0.000000 0.000000 0.000000 1.000000
0.999038 -0.029803 -0.032158 -0.023000 0.023892 0.985039 -0.170667 13.157000 0.036764 0.169734 0.984804 0.957400 0.000000 0.000000 0.000000 1.000000
0.999181 -0.027603 -0.029590 -0.023000 0.022192 0.985243 -0.169719 13.157000 0.033838 0.168924 0.985048 0.957400 0.000000 0.000000 0.000000 1.000000
0.999329 -0.025126 -0.026664 -0.023000 0.020274 0.985447 -0.168771 13.157000 0.030516 0.168117 0.985295 0.957400 0.000000 0.000000 0.000000 1.000000
0.999456 -0.022732 -0.023886 -0.023000 0.018401 0.985606 -0.168055 13.157000 0.027362 0.167524 0.985488 0.957400 0.000000 0.000000 0.000000 1.000000
0.999548 -0.020752 -0.021733 -0.023000 0.016819 0.985699 -0.167672 13.157000 0.024902 0.167231 0.985603 0.957400 0.000000 0.000000 0.000000 1.000000
0.999602 -0.019388 -0.020482 -0.023000 0.015686 0.985739 -0.167546 13.157000 0.023439 0.167158 0.985651 0.957400 0.000000 0.000000 0.000000 1.000000
0.999624 -0.018666 -0.020106 -0.023000 0.015039 0.985765 -0.167457 13.157000 0.022946 0.167092 0.985674 0.957400 0.000000 0.000000 0.000000 1.000000
0.999624 -0.018443 -0.020300 -0.023000 0.014794 0.985822 -0.167139 13.157000 0.023095 0.166775 0.985724 0.957400 0.000000 0.000000 0.000000 1.000000
0.999617 -0.018485 -0.020604 -0.023000 0.014802 0.985947 -0.166402 13.157000 0.023390 0.166033 0.985843 0.957400 0.000000 0.000000 0.000000 1.000000
0.999616 -0.018555 -0.020577 -0.023000 0.014904 0.986144 -0.165219 13.157000 0.023357 0.164849 0.986042 0.957400 0.000000 0.000000 0.000000 1.000000
0.999630 -0.018480 -0.019954 -0.023000 0.014967 0.986390 -0.163738 13.157000 0.022709 0.163379 0.986302 0.957400 0.000000 0.000000 0.000000 1.000000
0.999659 -0.018177 -0.018723 -0.023000 0.014902 0.986642 -0.162220 13.157000 0.021421 0.161886 0.986577 0.957400 0.000000 0.000000 0.000000 1.000000
0.999698 -0.017632 -0.017091 -0.023000 0.014654 0.986855 -0.160942 13.157000 0.019704 0.160643 0.986816 0.957400 0.000000 0.000000 0.000000 1.000000
0.999739 -0.016877 -0.015388 -0.023000 0.014197 0.987000 -0.160091 13.157000 0.017890 0.159831 0.986982 0.957400 0.000000 0.000000 0.000000 1.000000
0.999776 -0.015966 -0.013925 -0.023000 0.013539 0.987071 -0.159712 13.157000 0.016295 0.159488 0.987065 0.957400 0.000000 0.000000 0.000000 1.000000
0.999805 -0.014964 -0.012894 -0.023000 0.012714 0.987082 -0.159712 13.157000 0.015118 0.159517 0.987079 0.957400 0.000000 0.000000 0.000000 1.000000
0.999827 -0.013928 -0.012334 -0.023000 0.011778 0.987060 -0.159920 13.157000 0.014401 0.159747 0.987053 0.957400 0.000000 0.000000 0.000000 1.000000
0.999843 -0.012902 -0.012156 -0.023000 0.010790 0.987032 -0.160160 13.157000 0.014065 0.160004 0.987016 0.957400 0.000000 0.000000 0.000000 1.000000
0.999854 -0.011928 -0.012220 -0.023000 0.009815 0.987016 -0.160321 13.157000 0.013973 0.160177 0.986989 0.957400 0.000000 0.000000 0.000000 1.000000
0.999862 -0.011055 -0.012396 -0.023000 0.008925 0.987016 -0.160371 13.157000 0.014008 0.160239 0.986979 0.957400 0.000000 0.000000 0.000000 1.000000
0.999867 -0.010322 -0.012611 -0.023000 0.008167 0.987027 -0.160346 13.157000 0.014103 0.160221 0.986980 0.957400 0.000000 0.000000 0.000000 1.000000
0.999870 -0.009721 -0.012839 -0.023000 0.007538 0.987041 -0.160290 13.157000 0.014231 0.160173 0.986986 0.957400 0.000000 0.000000 0.000000 1.000000
0.999872 -0.009192 -0.013078 -0.023000 0.006979 0.987055 -0.160229 13.157000 0.014381 0.160117 0.986993 0.957400 0.000000 0.000000 0.000000 1.000000
0.999874 -0.008657 -0.013309 -0.023000 0.006415 0.987072 -0.160150 13.157000 0.014523 0.160044 0.987003 0.957400 0.000000 0.000000 0.000000 1.000000
0.999877 -0.008061 -0.013476 -0.023000 0.005801 0.987097 -0.160019 13.157000 0.014592 0.159921 0.987022 0.957400 0.000000 0.000000 0.000000 1.000000
0.999882 -0.007388 -0.013499 -0.023000 0.005136 0.987135 -0.159804 13.157000 0.014506 0.159716 0.987056 0.957400 0.000000 0.000000 0.000000 1.000000
0.999889 -0.006648 -0.013298 -0.023000 0.004443 0.987187 -0.159504 13.157000 0.014188 0.159428 0.987108 0.957400 0.000000 0.000000 0.000000 1.000000
0.999900 -0.005864 -0.012839 -0.023000 0.003746 0.987246 -0.159160 13.157000 0.013608 0.159096 0.987169 0.957400 0.000000 0.000000 0.000000 1.000000
0.999913 -0.005057 -0.012149 -0.023000 0.003063 0.987298 -0.158850 13.157000 0.012798 0.158799 0.987228 0.957400 0.000000 0.000000 0.000000 1.000000
0.999927 -0.004251 -0.011322 -0.023000 0.002401 0.987327 -0.158679 13.157000 0.011853 0.158640 0.987265 0.957400 0.000000 0.000000 0.000000 1.000000
0.999939 -0.003478 -0.010486 -0.023000 0.001770 0.987318 -0.158746 13.157000 0.010905 0.158718 0.987264 0.957400 0.000000 0.000000 0.000000 1.000000
0.999948 -0.002788 -0.009761 -0.023000 0.001199 0.987258 -0.159122 13.157000 0.010080 0.159102 0.987211 0.957400 0.000000 0.000000 0.000000 1.000000
0.999955 -0.002252 -0.009211 -0.023000 0.000751 0.987144 -0.159830 13.157000 0.009452 0.159815 0.987102 0.957400 0.000000 0.000000 0.000000 1.000000
0.999959 -0.001950 -0.008822 -0.023000 0.000506 0.986981 -0.160836 13.157000 0.009021 0.160825 0.986942 0.957400 0.000000 0.000000 0.000000 1.000000
0.999962 -0.001959 -0.008508 -0.023000 0.000555 0.986781 -0.162060 13.157000 0.008713 0.162049 0.986744 0.957400 0.000000 0.000000 0.000000 1.000000
0.999964 -0.002312 -0.008147 -0.023000 0.000950 0.986563 -0.163376 13.157000 0.008415 0.163363 0.986530 0.957400 0.000000 0.000000 0.000000 1.000000
0.999966 -0.002982 -0.007643 -0.023000 0.001683 0.986352 -0.164640 13.157000 0.008030 0.164621 0.986324 0.957400 0.000000 0.000000 0.000000 1.000000
0.999968 -0.003903 -0.006973 -0.023000 0.002694 0.986173 -0.165700 13.157000 0.007524 0.165676 0.986152 0.957400 0.000000 0.000000 0.000000 1.000000
0.999968 -0.004986 -0.006230 -0.023000 0.003880 0.986047 -0.166422 13.157000 0.006973 0.166392 0.986035 0.957400 0.000000 0.000000 0.000000 1.000000
0.999965 -0.006155 -0.005614 -0.023000 0.005133 0.985992 -0.166711 13.157000 0.006562 0.166676 0.985990 0.957400 0.000000 0.000000 0.000000 1.000000
0.999958 -0.007384 -0.005388 -0.023000 0.006384 0.986014 -0.166537 13.157000 0.006542 0.166496 0.986020 0.957400 0.000000 0.000000 0.000000 1.000000
0.999945 -0.008701 -0.005786 -0.023000 0.007621 0.986103 -0.165958 13.157000 0.007150 0.165905 0.986116 0.957400 0.000000 0.000000 0.000000 1.000000
0.999924 -0.010155 -0.006935 -0.023000 0.008870 0.986233 -0.165125 13.157000 0.008516 0.165051 0.986248 0.957400 0.000000 0.000000 0.000000 1.000000
0.999892 -0.011770 -0.008795 -0.023000 0.010166 0.986365 -0.164257 13.157000 0.010609 0.164150 0.986378 0.957400 0.000000 0.000000 0.000000 1.000000
0.999846 -0.013513 -0.011166 -0.023000 0.011505 0.986462 -0.163589 13.157000 0.013225 0.163435 0.986465 0.957400 0.000000 0.000000 0.000000 1.000000
0.999789 -0.015280 -0.013741 -0.023000 0.012832 0.986494 -0.163294 13.157000 0.016051 0.163083 0.986482 0.957400 0.000000 0.000000 0.000000 1.000000
0.999726 -0.016908 -0.016207 -0.023000 0.014034 0.986456 -0.163426 13.157000 0.018751 0.163154 0.986422 0.957400 0.000000 0.000000 0.000000 1.000000
0.999666 -0.018214 -0.018323 -0.023000 0.014967 0.986365 -0.163893 13.157000 0.021059 0.163564 0.986308 0.957400 0.000000 0.000000 0.000000 1.000000
0.999620 -0.019019 -0.019970 -0.023000 0.015478 0.986259 -0.164482 13.157000 0.022824 0.164111 0.986178 0.957400 0.000000 0.000000 0.000000 1.000000
0.999592 -0.019195 -0.021145 -0.023000 0.015448 0.986184 -0.164932 13.157000 0.024019 0.164538 0.986078 0.957400 0.000000 0.000000 0.000000 1.000000
0.999585 -0.018688 -0.021925 -0.023000 0.014818 0.986178 -0.165023 13.157000 0.024706 0.164629 0.986046 0.957400 0.000000 0.000000 0.000000 1.000000
0.999595 -0.017539 -0.022411 -0.023000 0.013613 0.986254 -0.164673 13.157000 0.024992 0.164301 0.986094 0.957400 0.000000 0.000000 0.000000 1.000000
0.999616 -0.015875 -0.022693 -0.023000 0.011943 0.986394 -0.163965 13.157000 0.024988 0.163631 0.986205 0.957400 0.000000 0.000000 0.000000 1.000000
0.999643 -0.013895 -0.022843 -0.023000 0.009985 0.986556 -0.163119 13.157000 0.024802 0.162833 0.986342 0.957400 0.000000 0.000000 0.000000 1.000000
0.999667 -0.011842 -0.022929 -0.023000 0.007963 0.986692 -0.162403 13.157000 0.024547 0.162166 0.986458 0.957400 0.000000 0.000000 0.000000 1.000000
0.999685 -0.009984 -0.023029 -0.023000 0.006123 0.986767 -0.162026 13.157000 0.024342 0.161834 0.986518 0.957400 0.000000 0.000000 0.000000 1.000000
0.999694 -0.008574 -0.023212 -0.023000 0.004700 0.986768 -0.162070 13.157000 0.024295 0.161912 0.986506 0.957400 0.000000 0.000000 0.000000 1.000000
0.999693 -0.007791 -0.023503 -0.023000 0.003870 0.986705 -0.162477 13.157000 0.024456 0.162336 0.986432 0.957400 0.000000 0.000000 0.000000 1.000000
0.999686 -0.007698 -0.023859 -0.023000 0.003705 0.986603 -0.163099 13.157000 0.024795 0.162960 0.986321 0.957400 0.000000 0.000000 0.000000 1.000000
0.999674 -0.008215 -0.024164 -0.023000 0.004147 0.986489 -0.163775 13.157000 0.025183 0.163621 0.986202 0.957400 0.000000 0.000000 0.000000 1.000000
0.999663 -0.009164 -0.024282 -0.023000 0.005049 0.986383 -0.164388 13.157000 0.025458 0.164210 0.986097 0.957400 0.000000 0.000000 0.000000 1.000000
0.999656 -0.010350 -0.024117 -0.023000 0.006233 0.986291 -0.164897 13.157000 0.025493 0.164690 0.986016 0.957400 0.000000 0.000000 0.000000 1.000000
0.999652 -0.011627 -0.023679 -0.023000 0.007555 0.986211 -0.165317 13.157000 0.025274 0.165081 0.985956 0.957400 0.000000 0.000000 0.000000 1.000000
0.999650 -0.012937 -0.023088 -0.023000 0.008936 0.986137 -0.165692 13.157000 0.024912 0.165428 0.985907 0.957400 0.000000 0.000000 0.000000 1.000000
0.999644 -0.014286 -0.022539 -0.023000 0.010348 0.986063 -0.166053 13.157000 0.024597 0.165761 0.985859 0.957400 0.000000 0.000000 0.000000 1.000000
0.999630 -0.015696 -0.022214 -0.023000 0.011784 0.985985 -0.166415 13.157000 0.024515 0.166092 0.985805 0.957400 0.000000 0.000000 0.000000 1.000000
0.999606 -0.017148 -0.022211 -0.023000 0.013207 0.985905 -0.166784 13.157000 0.024758 0.166425 0.985743 0.957400 0.000000 0.000000 0.000000 1.000000
0.999575 -0.018538 -0.022500 -0.023000 0.014520 0.985820 -0.167179 13.157000 0.025280 0.166781 0.985670 0.957400 0.000000 0.000000 0.000000 1.000000
0.999543 -0.019695 -0.022944 -0.023000 0.015575 0.985725 -0.167639 13.157000 0.025918 0.167205 0.985581 0.957400 0.000000 0.000000 0.000000 1.000000
0.999519 -0.020433 -0.023348 -0.023000 0.016220 0.985617 -0.168217 13.157000 0.026449 0.167757 0.985473 0.957400 0.000000 0.000000 0.000000 1.000000
